Iteration 0:
############################
Gradient = 
[ 0.00820527  0.03426483  0.01747811 -0.0051559  -0.0244081  -0.00745794
  0.00640716  0.02680873  0.01455643  0.01938217  0.0805646   0.01892031
  0.2981419   0.14027159  0.17273604  0.13037719  0.11195191  0.3386202
  0.1605675   0.19157696  0.15297785  0.14272958  0.30227904  0.14274006
  0.16461451  0.1363161   0.13604246  0.31309435  0.14569356  0.18149415
  0.13497085  0.12750867  0.30678623  0.14530804  0.16498912  0.1430134
  0.13121781]

Gradient approximate =
[ 0.00820527  0.03432458  0.01817478 -0.0051559  -0.02636984 -0.00557928
  0.00640716  0.02801943  0.01338831  0.01938217  0.08259079  0.01998023
  0.2981419   0.13824093  0.17415196  0.12914152  0.11025591  0.3386202
  0.15928197  0.1894268   0.15184083  0.14175404  0.30227904  0.14346
  0.16629422  0.13725045  0.13387305  0.31309435  0.14752869  0.18260765
  0.1357536   0.12544027  0.30678623  0.14371103  0.16474864  0.14186053
  0.13229525]

Diff = 
[2.39784529e-11 5.97494388e-05 6.96662524e-04 1.05575392e-11
 1.96173929e-03 1.87866675e-03 2.78240582e-11 1.21069281e-03
 1.16812230e-03 3.64641997e-11 2.02618635e-03 1.05992345e-03
 4.41258141e-13 2.03065449e-03 1.41592605e-03 1.23567701e-03
 1.69600558e-03 1.59502411e-11 1.28552789e-03 2.15015875e-03
 1.13702114e-03 9.75536472e-04 2.44859688e-13 7.19941188e-04
 1.67971141e-03 9.34354227e-04 2.16940958e-03 4.92589303e-12
 1.83513529e-03 1.11350368e-03 7.82746317e-04 2.06839233e-03
 1.23642763e-11 1.59700062e-03 2.40479422e-04 1.15287380e-03
 1.07743616e-03]

 Iteration 100:
############################
Gradient = 
[-0.02260923 -0.08286746 -0.01927498 -0.03279355 -0.12582616 -0.03982265
 -0.02247507 -0.08195019 -0.01983495 -0.01090061 -0.0316949  -0.01596848
  0.18081037  0.09541376  0.13245859  0.08910061  0.05926631  0.20685608
  0.1039017   0.13221834  0.0999214   0.08431958  0.18153164  0.08772044
  0.10373848  0.08443915  0.08297185  0.18738259  0.09413141  0.12906491
  0.0870095   0.07144942  0.18777807  0.09201818  0.10861027  0.09288717
  0.07897764]

Gradient approximate =
[-0.02260923 -0.08370111 -0.01870704 -0.03279355 -0.12993527 -0.03861567
 -0.02247507 -0.08167563 -0.0211622  -0.01090061 -0.0294436  -0.01497399
  0.18081037  0.09591606  0.13722721  0.09022523  0.05937616  0.20685608
  0.10549311  0.13364391  0.10153911  0.08579109  0.18153164  0.09096361
  0.10838817  0.08779341  0.08318235  0.18738259  0.09856532  0.13361011
  0.09019893  0.07151278  0.18777807  0.0930127   0.11139069  0.09431546
  0.08233058]

Diff = 
[8.50828089e-12 8.33651030e-04 5.67943136e-04 1.97833416e-12
 4.10910781e-03 1.20698599e-03 4.16053303e-11 2.74555123e-04
 1.32725153e-03 3.57310709e-12 2.25129844e-03 9.94491121e-04
 1.02323677e-10 5.02294097e-04 4.76861852e-03 1.12462886e-03
 1.09842229e-04 6.93203550e-11 1.59140830e-03 1.42557292e-03
 1.61770122e-03 1.47151410e-03 9.18943532e-11 3.24316506e-03
 4.64969819e-03 3.35425906e-03 2.10501595e-04 7.57796603e-11
 4.43391073e-03 4.54520420e-03 3.18943052e-03 6.33537397e-05
 8.47361903e-11 9.94518689e-04 2.78041824e-03 1.42828983e-03
 3.35293943e-03]

 Iteration 200:
############################
Gradient = 
[-0.02161309 -0.07546648 -0.01774761 -0.02311967 -0.08265179 -0.02722157
 -0.0217313  -0.07553269 -0.01851055 -0.01423616 -0.03980356 -0.01874234
  0.09900631  0.0709453   0.09332695  0.06680164  0.03517199  0.11741505
  0.06487146  0.07870401  0.06304032  0.05130109  0.10266742  0.04746054
  0.05364651  0.04591636  0.05073454  0.10130757  0.060961    0.07965519
  0.05613883  0.041778    0.10818498  0.05374168  0.06062462  0.05607361
  0.04804086]

Gradient approximate =
[-0.02161309 -0.07819115 -0.01763028 -0.02311967 -0.08916799 -0.02678976
 -0.0217313  -0.07713506 -0.02030191 -0.01423616 -0.03844842 -0.01816626
  0.09900631  0.07331059  0.10063772  0.06967195  0.03632179  0.11741505
  0.0683454   0.0824849   0.06647628  0.05427166  0.10266742  0.05220222
  0.06003592  0.05071668  0.05242264  0.10130757  0.06712447  0.08653507
  0.06092431  0.0430881   0.10818498  0.05635795  0.06528739  0.05916155
  0.05279845]

Diff = 
[2.24312999e-11 2.72466724e-03 1.17338014e-04 1.79618924e-11
 6.51620063e-03 4.31807654e-04 5.81544882e-11 1.60236810e-03
 1.79135655e-03 1.09903302e-11 1.35513521e-03 5.76075696e-04
 1.33301412e-10 2.36529008e-03 7.31077787e-03 2.87031168e-03
 1.14980400e-03 1.26044064e-10 3.47394142e-03 3.78088328e-03
 3.43596353e-03 2.97057704e-03 1.29101105e-10 4.74168143e-03
 6.38941146e-03 4.80032597e-03 1.68810708e-03 1.33297554e-10
 6.16347486e-03 6.87987840e-03 4.78547954e-03 1.31010634e-03
 1.41565856e-10 2.61627677e-03 4.66277596e-03 3.08794013e-03
 4.75759169e-03]

 Iteration 300:
############################
Gradient = 
[-0.01396892 -0.04485531 -0.00893981 -0.01230384 -0.04211179 -0.01464004
 -0.01434826 -0.04569019 -0.00991651 -0.01068845 -0.02227258 -0.01335584
  0.04942787  0.0486916   0.05907497  0.04624219  0.0185872   0.06616245
  0.03512553  0.04007312  0.03458967  0.02914554  0.06033559  0.0202922
  0.02201617  0.01955383  0.02981421  0.05306864  0.03550283  0.04332098
  0.03230489  0.02265336  0.06332376  0.02610135  0.02765402  0.02885164
  0.02739251]

Gradient approximate =
[-0.01396892 -0.04891914 -0.00911949 -0.01230384 -0.04998676 -0.0146658
 -0.01434826 -0.04864396 -0.01202479 -0.01068845 -0.02162341 -0.01314278
  0.04942787  0.0523876   0.06807058  0.05037088  0.02032886  0.06616245
  0.03969782  0.04515005  0.03909917  0.03299907  0.06033559  0.02576745
  0.02921979  0.02506356  0.03238534  0.05306864  0.04272884  0.05154627
  0.03806482  0.02466922  0.06332376  0.0295894   0.03327468  0.03286954
  0.0329773 ]

Diff = 
[2.08203229e-11 4.06383170e-03 1.79679524e-04 8.95337623e-12
 7.87497422e-03 2.57575250e-05 2.18835974e-11 2.95376944e-03
 2.10828531e-03 4.30841786e-11 6.49169066e-04 2.13064063e-04
 1.59904812e-10 3.69600133e-03 8.99560428e-03 4.12868950e-03
 1.74166756e-03 1.47038562e-10 4.57228230e-03 5.07693285e-03
 4.50949853e-03 3.85353109e-03 1.63303995e-10 5.47525043e-03
 7.20361586e-03 5.50972155e-03 2.57112961e-03 1.67809384e-10
 7.22601175e-03 8.22528817e-03 5.75992458e-03 2.01586262e-03
 1.50541274e-10 3.48805423e-03 5.62065707e-03 4.01790021e-03
 5.58479318e-03]

 Iteration 400:
############################
Gradient = 
[-0.00838694 -0.0247557  -0.00307732 -0.00584449 -0.02052624 -0.00778406
 -0.00887055 -0.02565992 -0.00412523 -0.00728279 -0.00652725 -0.00839292
  0.02196268  0.03307181  0.03746535  0.03155502  0.00743714  0.03968147
  0.01729717  0.0184863   0.01732045  0.01609517  0.03959473  0.00556054
  0.00567412  0.00511089  0.01824239  0.02839081  0.01999195  0.02287199
  0.01761907  0.01124113  0.04050185  0.01022201  0.00971022  0.01296148
  0.01565835]

Gradient approximate =
[-0.00838694 -0.02957844 -0.0033857  -0.00584449 -0.02907717 -0.00805301
 -0.00887055 -0.02939254 -0.00638495 -0.00728279 -0.00619133 -0.00842049
  0.02196268  0.0376712   0.04752218  0.03654375  0.00946238  0.03968147
  0.02243857  0.02419538  0.02239419  0.02044211  0.03959473  0.01130837
  0.01316813  0.01088043  0.02133822  0.02839081  0.02782413  0.03181635
  0.02392385  0.01362586  0.04050185  0.01409994  0.01572895  0.01743101
  0.02171218]

Diff = 
[2.07002349e-11 4.82274483e-03 3.08386526e-04 1.46075686e-12
 8.55092229e-03 2.68946207e-04 1.84812304e-11 3.73262135e-03
 2.25971448e-03 1.31722801e-11 3.35922957e-04 2.75749760e-05
 1.54753255e-10 4.59939480e-03 1.00568213e-02 4.98872644e-03
 2.02523434e-03 1.48850487e-10 5.14140854e-03 5.70908208e-03
 5.07374785e-03 4.34693766e-03 1.48285828e-10 5.74783308e-03
 7.49401862e-03 5.76954025e-03 3.09583389e-03 1.54212126e-10
 7.83217038e-03 8.94435305e-03 6.30478054e-03 2.38472493e-03
 1.62825545e-10 3.87792435e-03 6.01872607e-03 4.46952723e-03
 6.05382971e-03]

 Iteration 500:
############################
Gradient = 
[-5.04030700e-03 -1.41518443e-02  8.75238808e-06 -2.16642498e-03
 -9.58461469e-03 -4.25706249e-03 -5.59103263e-03 -1.50247348e-02
 -1.10020778e-03 -5.14066209e-03  3.67995639e-03 -5.12441811e-03
  6.86855308e-03  2.34138414e-02  2.48951799e-02  2.23996054e-02
  1.66129935e-04  2.61501849e-02  7.58612198e-03  7.16818753e-03
  7.83738503e-03  9.00607162e-03  2.95087954e-02 -1.82513178e-03
 -2.34277308e-03 -2.17595290e-03  1.25472176e-02  1.57909563e-02
  1.14354560e-02  1.20373907e-02  9.46869664e-03  4.65825265e-03
  2.90798725e-02  1.86851038e-03  5.74988941e-04  4.50518016e-03
  9.75378942e-03]

Gradient approximate =
[-0.00504031 -0.01939764 -0.00033037 -0.00216643 -0.0184599  -0.00465678
 -0.00559103 -0.01920028 -0.00341476 -0.00514066  0.00399196 -0.00530074
  0.00686855  0.02863704  0.03563808  0.02798431  0.0022715   0.02615019
  0.01299567  0.01315178  0.0131827   0.01362623  0.0295088   0.00395563
  0.00517871  0.00361775  0.01598003  0.01579096  0.01961034  0.02136056
  0.01606811  0.00721487  0.02907987  0.00587239  0.00669815  0.00916086
  0.01608441]

Diff = 
[5.85776740e-12 5.24579074e-03 3.39118085e-04 4.65796971e-11
 8.87528902e-03 3.99715538e-04 6.54868000e-12 4.17554829e-03
 2.31454755e-03 5.15657829e-12 3.12007188e-04 1.76317872e-04
 1.56774689e-10 5.22320143e-03 1.07429044e-02 5.58470206e-03
 2.10537361e-03 1.50737769e-10 5.40955086e-03 5.98359537e-03
 5.34531326e-03 4.62016113e-03 1.55522879e-10 5.78076259e-03
 7.52147887e-03 5.79370612e-03 3.43281229e-03 1.64773029e-10
 8.17488247e-03 9.32317037e-03 6.59941767e-03 2.55661830e-03
 1.57041109e-10 4.00387557e-03 6.12316071e-03 4.65567736e-03
 6.33061978e-03]

 Iteration 600:
############################
Gradient = 
[-3.04693139e-03 -8.90275401e-03  1.50969388e-03  1.59553461e-05
 -3.98432865e-03 -2.42037270e-03 -3.65771651e-03 -9.76215471e-03
  3.29511984e-04 -3.95463201e-03  1.00392577e-02 -3.06329918e-03
 -1.54053167e-03  1.76517473e-02  1.76504399e-02  1.69361792e-02
 -4.69858259e-03  1.91463433e-02  2.43238826e-03  1.30023350e-03
  2.77431195e-03  5.31097528e-03  2.45402287e-02 -5.42398508e-03
 -6.21494064e-03 -5.74678934e-03  1.00911277e-02  9.25617919e-03
  6.86141136e-03  6.33617871e-03  5.10740796e-03  7.79702870e-04
  2.33211077e-02 -2.41279856e-03 -3.98033771e-03  1.12624643e-04
  7.13860240e-03]

Gradient approximate =
[-3.04693139e-03 -1.43999363e-02  1.18949589e-03  1.59553393e-05
 -1.30051303e-02 -2.89279905e-03 -3.65771654e-03 -1.42084268e-02
 -1.99169716e-03 -3.95463199e-03  1.05093894e-02 -3.32972969e-03
 -1.54053151e-03  2.33293523e-02  2.88626918e-02  2.29561551e-02
 -2.64673570e-03  1.91463434e-02  7.94848690e-03  7.37205472e-03
  8.23295877e-03  1.00871220e-02  2.45402289e-02  2.71239777e-04
  1.20599338e-03 -4.60799776e-05  1.37731389e-02  9.25617935e-03
  1.52360935e-02  1.58587401e-02  1.18652198e-02  3.39396880e-03
  2.33211078e-02  1.58012345e-03  2.09930925e-03  4.81509602e-03
  1.36540611e-02]

Diff = 
[3.97866635e-13 5.49718230e-03 3.20197985e-04 6.84333687e-12
 9.02080170e-03 4.72426349e-04 3.28515674e-11 4.44627211e-03
 2.32120914e-03 2.34733422e-11 4.70131693e-04 2.66430518e-04
 1.59770816e-10 5.67760494e-03 1.12122519e-02 6.01997585e-03
 2.05184689e-03 1.62034778e-10 5.51609864e-03 6.07182123e-03
 5.45864682e-03 4.77614674e-03 1.54604166e-10 5.69522486e-03
 7.42093402e-03 5.70070936e-03 3.68201120e-03 1.60010134e-10
 8.37468216e-03 9.52256137e-03 6.75781184e-03 2.61426593e-03
 1.56143435e-10 3.99292202e-03 6.07964696e-03 4.70247137e-03
 6.51545872e-03]

 Iteration 700:
############################
Gradient = 
[-1.80002707e-03 -6.45401507e-03  2.17723599e-03  1.39961231e-03
 -1.10970782e-03 -1.44850005e-03 -2.46770314e-03 -7.32064820e-03
  9.20535668e-04 -3.35648641e-03  1.42282588e-02 -1.69385450e-03
 -6.28308268e-03  1.42402157e-02  1.34420569e-02  1.37261910e-02
 -8.18330592e-03  1.54699118e-02 -2.84007890e-04 -1.72684447e-03
  8.87318854e-05  3.45277168e-03  2.20442203e-02 -7.13935468e-03
 -8.05694953e-03 -7.46268663e-03  9.35138438e-03  5.82058054e-03
  4.45082079e-03  3.33030167e-03  2.81869400e-03 -1.66159609e-03
  2.03875110e-02 -4.58487858e-03 -6.20796914e-03 -2.16494774e-03
  6.28603433e-03]

Gradient approximate =
[-0.00180003 -0.0121196   0.00189929  0.00139961 -0.01018424 -0.00196318
 -0.0024677  -0.01195459 -0.00138566 -0.00335649  0.01497226 -0.00201272
 -0.00628308  0.02027161  0.02499838  0.0200863  -0.00627703  0.01546991
  0.0052532   0.00433681  0.00557655  0.00832471  0.02204422 -0.00158686
 -0.00079802 -0.0019119   0.01324869  0.00582058  0.01294942  0.01295777
  0.00966265  0.00094119  0.02038751 -0.00067273 -0.00024505  0.00251206
  0.01294942]

Diff = 
[4.51801580e-11 5.66558090e-03 2.77942879e-04 1.67441579e-11
 9.07452732e-03 5.14676874e-04 1.85010310e-11 4.63394672e-03
 2.30619978e-03 1.82532409e-11 7.44005240e-04 3.18867233e-04
 1.60644431e-10 6.03139692e-03 1.15563205e-02 6.36011393e-03
 1.90627210e-03 1.52239542e-10 5.53720323e-03 6.06365394e-03
 5.48781437e-03 4.87193795e-03 1.51663029e-10 5.55249325e-03
 7.25893023e-03 5.55078316e-03 3.89730117e-03 1.55519438e-10
 8.49859783e-03 9.62746721e-03 6.84395147e-03 2.60279048e-03
 1.71799915e-10 3.91214592e-03 5.96292367e-03 4.67701207e-03
 6.66338384e-03]

 Iteration 800:
############################
Gradient = 
[-0.00095675 -0.00543977  0.00241651  0.00234891  0.00033489 -0.00092986
 -0.00167787 -0.00632583  0.0010835  -0.00311187  0.01726051 -0.00069666
 -0.00897449  0.01222298  0.01096635  0.01186282 -0.01092055  0.01351822
 -0.0017099  -0.0032673  -0.00133372  0.00257414  0.02075326 -0.00792873
 -0.00890581 -0.00826432  0.00952291  0.00399661  0.00319962  0.00174371
  0.00164524 -0.00336144  0.01887911 -0.00567472 -0.00725334 -0.00335443
  0.00636485]

Gradient approximate =
[-0.00095675 -0.01123666  0.00219048  0.00234891 -0.00874656 -0.00147059
 -0.00167787 -0.01111067 -0.00119975 -0.00311187  0.01835794 -0.00104188
 -0.00897449  0.01854864  0.02279357  0.01850747 -0.00922864  0.01351822
  0.00380346  0.0027387   0.00413865  0.00751229  0.02075326 -0.00254587
 -0.00183779 -0.00289052  0.01363009  0.00399661  0.01178239  0.01142623
  0.00853777 -0.00081561  0.01887911 -0.00187862 -0.00144241  0.00125956
  0.0131685 ]

Diff = 
[9.93160393e-12 5.79688514e-03 2.26031960e-04 3.13835941e-11
 9.08145369e-03 5.40736186e-04 5.45075790e-12 4.78483765e-03
 2.28325223e-03 7.50322417e-12 1.09743246e-03 3.45221957e-04
 1.56675069e-10 6.32566391e-03 1.18272223e-02 6.64464659e-03
 1.69190800e-03 1.65275032e-10 5.51335020e-03 6.00600119e-03
 5.47237182e-03 4.93814889e-03 1.64815887e-10 5.38286126e-03
 7.06802581e-03 5.37379497e-03 4.10718641e-03 1.74213062e-10
 8.58276991e-03 9.68252347e-03 6.89252781e-03 2.54583481e-03
 1.59751375e-10 3.79609830e-03 5.81093404e-03 4.61398911e-03
 6.80365336e-03]

 Iteration 900:
############################
Gradient = 
[-3.29917633e-04 -5.14134483e-03  2.44106472e-03  3.05680640e-03
  1.01337331e-03 -6.53755272e-04 -1.10053317e-03 -6.05325327e-03
  1.03528813e-03 -3.09570225e-03  1.96528549e-02  9.68460352e-05
 -1.05037425e-02  1.10312191e-02  9.48388905e-03  1.08006949e-02
 -1.32770826e-02  1.24731359e-02 -2.45254970e-03 -4.02455798e-03
 -2.08577078e-03  2.21888250e-03  2.00557339e-02 -8.26431274e-03
 -9.26625703e-03 -8.61635804e-03  1.01870332e-02  3.01972026e-03
  2.56632603e-03  9.06749114e-04  1.06749287e-03 -4.68506270e-03
  1.80981728e-02 -6.20783588e-03 -7.69506154e-03 -3.98298006e-03
  6.93258151e-03]

Gradient approximate =
[-0.00032992 -0.01105572  0.00226964  0.00305681 -0.00805205 -0.00121191
 -0.00110053 -0.01097568 -0.001224   -0.0030957   0.02116384 -0.00025489
 -0.01050374  0.01761597  0.02153865  0.01769784 -0.01185606  0.01247314
  0.00301342  0.00189893  0.00334755  0.00720998  0.02005573 -0.00306312
 -0.00240208 -0.00343192  0.01451395  0.00301972  0.01121284  0.01061802
  0.00798964 -0.00222957  0.01809817 -0.00254532 -0.00205207  0.00054827
  0.01388427]

Diff = 
[2.26519189e-11 5.91437718e-03 1.71428269e-04 2.29993975e-14
 9.06542109e-03 5.58155580e-04 7.79155017e-12 4.92243020e-03
 2.25928441e-03 1.16928017e-11 1.51098480e-03 3.51734594e-04
 1.65839944e-10 6.58474756e-03 1.20547612e-02 6.89714050e-03
 1.42102337e-03 1.57034680e-10 5.46596779e-03 5.92348449e-03
 5.43331678e-03 4.99110217e-03 1.48926510e-10 5.20119248e-03
 6.86417548e-03 5.18443983e-03 4.32691863e-03 1.62396130e-10
 8.64651768e-03 9.71127290e-03 6.92214603e-03 2.45548982e-03
 1.67393592e-10 3.66251537e-03 5.64298957e-03 4.53125101e-03
 6.95169186e-03]

 