Iteration 0:
############################
Gradient = 
[ 1.43884748e-04 -2.37916746e-03  3.15189528e-03 -2.67029607e-04
 -4.34034028e-04 -1.53365327e-03 -1.61972836e-04  1.65918409e-03
  2.54759356e-03 -6.21324079e-05  1.01647214e-03 -3.09169146e-03
  1.77555894e-02  6.94590098e-03  7.76306790e-03  1.21436738e-02
  1.11310480e-02 -2.34102128e-02 -1.19683130e-02 -1.08662051e-02
 -1.11781750e-02 -1.02847232e-02  2.90719282e-01  1.55305372e-01
  1.45546583e-01  3.06648422e-01  1.62808667e-01  1.52725390e-01
  3.05141080e-01  1.58523436e-01  1.50686901e-01  2.84846177e-01
  1.52088999e-01  1.40093443e-01  2.76715008e-01  1.44561349e-01
  1.36232255e-01]

Gradient approximate =
[-7.18708759e-05 -3.85021386e-04 -8.64330474e-05  4.39521264e-05
  3.33635268e-04  7.51827023e-05  1.05939992e-04  5.20777621e-04
  1.60020219e-04  9.03485575e-05  3.02874870e-01  1.58280194e-01
  1.51708377e-01  2.96109868e-01  1.54417072e-01  1.48384331e-01
  3.02772182e-01  1.65642220e-01  1.55312409e-01  3.24169028e-01
  1.72069385e-01  1.65137788e-01  2.90719282e-01  1.51821448e-01
  1.45980771e-01  0.00000000e+00  0.00000000e+00  0.00000000e+00
  0.00000000e+00  0.00000000e+00  0.00000000e+00  0.00000000e+00
  0.00000000e+00  0.00000000e+00  0.00000000e+00  0.00000000e+00
  0.00000000e+00]

Diff = 
[2.15755624e-04 1.99414607e-03 3.23832833e-03 3.10981733e-04
 7.67669296e-04 1.60883597e-03 2.67912828e-04 1.13840646e-03
 2.38757334e-03 1.52480965e-04 3.01858398e-01 1.61371886e-01
 1.33952787e-01 2.89163967e-01 1.46654004e-01 1.36240658e-01
 2.91641134e-01 1.89052433e-01 1.67280722e-01 3.35035233e-01
 1.83247560e-01 1.75422512e-01 6.63186173e-12 3.48392333e-03
 4.34188083e-04 3.06648422e-01 1.62808667e-01 1.52725390e-01
 3.05141080e-01 1.58523436e-01 1.50686901e-01 2.84846177e-01
 1.52088999e-01 1.40093443e-01 2.76715008e-01 1.44561349e-01
 1.36232255e-01]

 Iteration 100:
############################
Gradient = 
[ 3.51464540e-05 -2.83118261e-03  2.98541373e-03  7.99974067e-05
  1.09562732e-03 -1.03501323e-03 -1.05750597e-04  1.93301194e-03
  2.39555404e-03 -1.31209978e-04  7.64332738e-04 -3.21492502e-03
 -1.03375359e-02 -5.43276485e-03 -6.01162852e-03 -4.29741233e-03
 -3.25911243e-03  1.55908296e-03 -1.21375267e-03  1.53766348e-03
  3.28921379e-03  2.67957577e-03  3.03298540e-01  1.56472167e-01
  1.54225333e-01  2.97796172e-01  1.55469508e-01  1.50715191e-01
  3.02981295e-01  1.57436284e-01  1.50131195e-01  3.18873719e-01
  1.69619100e-01  1.61451263e-01  1.77944997e-01  9.13701066e-02
  8.28476402e-02]

Gradient approximate =
[-8.02110889e-05 -4.26256883e-04 -1.04842017e-04  1.69548338e-04
  6.70726650e-04  2.54860184e-04  3.43322237e-05  3.06595189e-04
  6.27405616e-05 -2.77086487e-05  3.03355839e-01  1.59386086e-01
  1.37618015e-01  2.91105687e-01  1.49345187e-01  1.40755680e-01
  2.95690443e-01  1.73550477e-01  1.57989286e-01  3.26034632e-01
  1.76114557e-01  1.67194633e-01  3.03298540e-01  1.59205735e-01
  1.51656943e-01  0.00000000e+00  0.00000000e+00  0.00000000e+00
  0.00000000e+00  0.00000000e+00  0.00000000e+00  0.00000000e+00
  0.00000000e+00  0.00000000e+00  0.00000000e+00  0.00000000e+00
  0.00000000e+00]

Diff = 
[1.15357543e-04 2.40492573e-03 3.09025574e-03 8.95509309e-05
 4.24900668e-04 1.28987342e-03 1.40082821e-04 1.62641675e-03
 2.33281348e-03 1.03501329e-04 3.02591506e-01 1.62601011e-01
 1.47955551e-01 2.96538452e-01 1.55356816e-01 1.45053093e-01
 2.98949555e-01 1.71991394e-01 1.59203039e-01 3.24496969e-01
 1.72825344e-01 1.64515057e-01 9.54814006e-12 2.73356754e-03
 2.56839062e-03 2.97796172e-01 1.55469508e-01 1.50715191e-01
 3.02981295e-01 1.57436284e-01 1.50131195e-01 3.18873719e-01
 1.69619100e-01 1.61451263e-01 1.77944997e-01 9.13701066e-02
 8.28476402e-02]

 Iteration 200:
############################
Gradient = 
[-1.52147375e-06 -3.02842931e-03  2.86711915e-03  8.11146055e-05
  1.04192430e-03 -1.00214349e-03 -1.00606667e-04  2.19765219e-03
  2.25191671e-03 -1.30888670e-04  1.04975590e-03 -3.17955272e-03
 -1.16443881e-02 -6.11716140e-03 -6.35307503e-03 -4.73616698e-03
 -3.67679168e-03  4.28250042e-03 -2.11745437e-04  2.88706282e-03
  4.82726633e-03  4.10815851e-03  3.04806587e-01  1.59051302e-01
  1.54834498e-01  3.00710606e-01  1.58874372e-01  1.51828439e-01
  3.03685417e-01  1.59397594e-01  1.50010099e-01  3.17571722e-01
  1.70553017e-01  1.60142979e-01  7.62432803e-02  3.30441631e-02
  2.66076408e-02]

Gradient approximate =
[-1.20030759e-04 -5.73485450e-04 -1.68575247e-04  1.45593857e-04
  5.80915933e-04  2.17204887e-04  3.72734643e-05  3.17653899e-04
  7.09918635e-05 -2.24265628e-05  3.04883650e-01  1.61870463e-01
  1.38242188e-01  2.94190369e-01  1.52738808e-01  1.41980907e-01
  2.96588537e-01  1.77608776e-01  1.58792253e-01  3.25710760e-01
  1.78297180e-01  1.67021096e-01  3.04806587e-01  1.61681042e-01
  1.51909044e-01  0.00000000e+00  0.00000000e+00  0.00000000e+00
  0.00000000e+00  0.00000000e+00  0.00000000e+00  0.00000000e+00
  0.00000000e+00  0.00000000e+00  0.00000000e+00  0.00000000e+00
  0.00000000e+00]

Diff = 
[1.18509285e-04 2.45494386e-03 3.03569440e-03 6.44792515e-05
 4.61008365e-04 1.21934837e-03 1.37880131e-04 1.87999829e-03
 2.18092485e-03 1.08462107e-04 3.03833894e-01 1.65050016e-01
 1.49886576e-01 3.00307530e-01 1.59091883e-01 1.46717074e-01
 3.00265329e-01 1.73326275e-01 1.59003998e-01 3.22823698e-01
 1.73469913e-01 1.62912938e-01 1.65198411e-11 2.62974067e-03
 2.92545351e-03 3.00710606e-01 1.58874372e-01 1.51828439e-01
 3.03685417e-01 1.59397594e-01 1.50010099e-01 3.17571722e-01
 1.70553017e-01 1.60142979e-01 7.62432803e-02 3.30441631e-02
 2.66076408e-02]

 Iteration 300:
############################
Gradient = 
[-1.04922579e-04 -3.46246683e-03  2.66821919e-03  6.71175979e-05
  9.15552446e-04 -9.89507807e-04  3.48424167e-05  2.90898132e-03
  2.27402797e-03  2.38772908e-06  1.79527033e-03 -2.97906302e-03
 -7.41493028e-03 -4.29419323e-03 -4.01066513e-03 -2.06751138e-03
 -1.28464446e-03  1.19876294e-02  3.02480826e-03  6.58951584e-03
  9.05257731e-03  7.98964900e-03  3.05908806e-01  1.61119762e-01
  1.54329355e-01  3.03126324e-01  1.61708684e-01  1.51805153e-01
  3.03132004e-01  1.60212155e-01  1.48352569e-01  3.14797241e-01
  1.70268716e-01  1.57141613e-01 -6.95220743e-03 -1.65488223e-02
 -2.00697152e-02]

Gradient approximate =
[-1.56627575e-04 -7.13994985e-04 -2.30732922e-04  1.13112393e-04
  4.49931403e-04  1.65670710e-04  8.49575077e-06  2.03027473e-04
  4.19455204e-05 -4.81424633e-05  3.05883110e-01  1.63812276e-01
  1.37082335e-01  2.96441437e-01  1.55239025e-01  1.41712390e-01
  2.95858659e-01  1.79955260e-01  1.57808642e-01  3.23543119e-01
  1.78917552e-01  1.64850295e-01  3.05908806e-01  1.63656941e-01
  1.51111473e-01  0.00000000e+00  0.00000000e+00  0.00000000e+00
  0.00000000e+00  0.00000000e+00  0.00000000e+00  0.00000000e+00
  0.00000000e+00  0.00000000e+00  0.00000000e+00  0.00000000e+00
  0.00000000e+00]

Diff = 
[5.17049960e-05 2.74847184e-03 2.89895211e-03 4.59947949e-05
 4.65621043e-04 1.15517852e-03 2.63466660e-05 2.70595385e-03
 2.23208245e-03 5.05301924e-05 3.04087840e-01 1.66791339e-01
 1.44497265e-01 3.00735630e-01 1.59249691e-01 1.43779901e-01
 2.97143304e-01 1.67967630e-01 1.54783833e-01 3.16953603e-01
 1.69864975e-01 1.56860646e-01 2.89052116e-12 2.53717931e-03
 3.21788253e-03 3.03126324e-01 1.61708684e-01 1.51805153e-01
 3.03132004e-01 1.60212155e-01 1.48352569e-01 3.14797241e-01
 1.70268716e-01 1.57141613e-01 6.95220743e-03 1.65488223e-02
 2.00697152e-02]

 Iteration 400:
############################
Gradient = 
[-2.40845660e-04 -4.05474298e-03  2.44542089e-03  2.09636709e-05
  5.78785704e-04 -1.00215730e-03  1.86739028e-04  3.53643645e-03
  2.34063575e-03  1.55352268e-04  2.47666435e-03 -2.73559252e-03
 -5.55672983e-04 -1.30868410e-03 -4.88625532e-04  1.93748996e-03
  2.33056834e-03  2.13782243e-02  6.99715314e-03  1.09681483e-02
  1.39746420e-02  1.25408785e-02  3.06031511e-01  1.61735138e-01
  1.51799236e-01  3.04034679e-01  1.62737270e-01  1.49580657e-01
  3.00253157e-01  1.58574401e-01  1.44131781e-01  3.09751505e-01
  1.67642207e-01  1.51553930e-01 -6.91891800e-02 -5.54151924e-02
 -5.53822850e-02]

Gradient approximate =
[-1.80979509e-04 -8.16503283e-04 -2.80474144e-04  7.08330394e-05
  2.67232527e-04  9.56239843e-05 -6.88934976e-05 -1.06224181e-04
 -4.69919548e-05 -1.20789780e-04  3.05715901e-01  1.64251755e-01
  1.32875289e-01  2.96617683e-01  1.55433044e-01  1.38698648e-01
  2.92184273e-01  1.78334842e-01  1.53573815e-01  3.18216295e-01
  1.76305769e-01  1.59291072e-01  3.06031511e-01  1.64198884e-01
  1.48491438e-01  0.00000000e+00  0.00000000e+00  0.00000000e+00
  0.00000000e+00  0.00000000e+00  0.00000000e+00  0.00000000e+00
  0.00000000e+00  0.00000000e+00  0.00000000e+00  0.00000000e+00
  0.00000000e+00]

Diff = 
[5.98661513e-05 3.23823970e-03 2.72589504e-03 4.98693685e-05
 3.11553177e-04 1.09778128e-03 2.55632526e-04 3.64266063e-03
 2.38762771e-03 2.76142048e-04 3.03239236e-01 1.66987348e-01
 1.33430962e-01 2.97926367e-01 1.55921670e-01 1.36761159e-01
 2.89853705e-01 1.56956618e-01 1.46576662e-01 3.07248147e-01
 1.62331127e-01 1.46750193e-01 6.21169782e-13 2.46374636e-03
 3.30779799e-03 3.04034679e-01 1.62737270e-01 1.49580657e-01
 3.00253157e-01 1.58574401e-01 1.44131781e-01 3.09751505e-01
 1.67642207e-01 1.51553930e-01 6.91891800e-02 5.54151924e-02
 5.53822850e-02]

 Iteration 500:
############################
Gradient = 
[-4.17382390e-04 -4.88898765e-03  2.20304420e-03 -9.72914815e-05
 -1.80437838e-04 -1.07242507e-03  2.49403003e-04  3.60578129e-03
  2.34135309e-03  2.25222276e-04  2.63422913e-03 -2.55788733e-03
  6.83315500e-03  1.89249777e-03  3.16754558e-03  6.03618476e-03
  6.04291303e-03  3.01705976e-02  1.06934029e-02  1.49169274e-02
  1.82849785e-02  1.65691105e-02  3.05104488e-01  1.60650781e-01
  1.47154361e-01  3.03126829e-01  1.61554534e-01  1.44981623e-01
  2.94898901e-01  1.54204407e-01  1.37336353e-01  3.02492706e-01
  1.62537429e-01  1.43501393e-01 -1.12673385e-01 -8.39503883e-02
 -8.00305815e-02]

Gradient approximate =
[-1.78590842e-04 -8.25952462e-04 -3.01654233e-04  3.69295616e-05
  1.01657558e-04  2.61984745e-05 -1.72562760e-04 -5.26250550e-04
 -1.73141699e-04 -2.19069802e-04  3.04392466e-01  1.62963657e-01
  1.25582048e-01  2.94394451e-01  1.52931151e-01  1.32798924e-01
  2.85417851e-01  1.72214946e-01  1.45944984e-01  3.09664951e-01
  1.70200840e-01  1.50343032e-01  3.05104488e-01  1.63056999e-01
  1.44005488e-01  0.00000000e+00  0.00000000e+00  0.00000000e+00
  0.00000000e+00  0.00000000e+00  0.00000000e+00  0.00000000e+00
  0.00000000e+00  0.00000000e+00  0.00000000e+00  0.00000000e+00
  0.00000000e+00]

Diff = 
[2.38791548e-04 4.06303519e-03 2.50469843e-03 1.34221043e-04
 2.82095396e-04 1.09862354e-03 4.21965763e-04 4.13203184e-03
 2.51449479e-03 4.44292078e-04 3.01758237e-01 1.65521545e-01
 1.18748893e-01 2.92501953e-01 1.49763605e-01 1.26762739e-01
 2.79374938e-01 1.42044348e-01 1.35251581e-01 2.94748024e-01
 1.51915862e-01 1.33773921e-01 1.24177890e-11 2.40621858e-03
 3.14887320e-03 3.03126829e-01 1.61554534e-01 1.44981623e-01
 2.94898901e-01 1.54204407e-01 1.37336353e-01 3.02492706e-01
 1.62537429e-01 1.43501393e-01 1.12673385e-01 8.39503883e-02
 8.00305815e-02]

 Iteration 600:
############################
Gradient = 
[-6.47646257e-04 -6.04545550e-03  1.93433419e-03 -3.10407350e-04
 -1.47395750e-03 -1.21707661e-03  1.71359990e-04  2.89541402e-03
  2.22535434e-03  1.62430274e-04  2.05538293e-03 -2.49570357e-03
  1.36813216e-02  4.85293413e-03  6.46771298e-03  9.64034562e-03
  9.31416331e-03  3.72452161e-02  1.36471950e-02  1.79543249e-02
  2.14289232e-02  1.95561113e-02  3.03400112e-01  1.58071908e-01
  1.40803295e-01  3.00534668e-01  1.58293724e-01  1.38384866e-01
  2.87488844e-01  1.47474237e-01  1.28559313e-01  2.93563521e-01
  1.55405170e-01  1.33663444e-01 -1.41780962e-01 -1.04075392e-01
 -9.62095597e-02]

Gradient approximate =
[-1.25055286e-04 -6.48425984e-04 -2.66570235e-04  4.65126782e-05
  8.88355522e-05 -2.32608599e-06 -2.52353094e-04 -8.65549743e-04
 -2.80348813e-04 -2.95656155e-04  3.02366413e-01  1.60203037e-01
  1.15898513e-01  2.90014833e-01  1.47990378e-01  1.24542572e-01
  2.76123950e-01  1.62176837e-01  1.35587829e-01  2.98557221e-01
  1.61199204e-01  1.38810330e-01  3.03400112e-01  1.60428025e-01
  1.38057474e-01  0.00000000e+00  0.00000000e+00  0.00000000e+00
  0.00000000e+00  0.00000000e+00  0.00000000e+00  0.00000000e+00
  0.00000000e+00  0.00000000e+00  0.00000000e+00  0.00000000e+00
  0.00000000e+00]

Diff = 
[5.22590971e-04 5.39702952e-03 2.20090443e-03 3.56920028e-04
 1.56279305e-03 1.21475053e-03 4.23713084e-04 3.76096376e-03
 2.50570315e-03 4.58086429e-04 3.00311030e-01 1.62698741e-01
 1.02217192e-01 2.85161899e-01 1.41522665e-01 1.14902226e-01
 2.66809787e-01 1.24931621e-01 1.21940634e-01 2.80602896e-01
 1.39770281e-01 1.19254219e-01 8.75932660e-12 2.35611664e-03
 2.74582133e-03 3.00534668e-01 1.58293724e-01 1.38384866e-01
 2.87488844e-01 1.47474237e-01 1.28559313e-01 2.93563521e-01
 1.55405170e-01 1.33663444e-01 1.41780962e-01 1.04075392e-01
 9.62095597e-02]

 Iteration 700:
############################
Gradient = 
[-9.31868423e-04 -7.53057606e-03  1.64271921e-03 -6.13677672e-04
 -3.27691201e-03 -1.42606045e-03 -4.48892181e-05  1.42998704e-03
  1.99933857e-03 -3.10194935e-05  7.62061790e-04 -2.54326725e-03
  1.96655057e-02  7.47110295e-03  9.31806099e-03  1.26332358e-02
  1.20354286e-02  4.23057823e-02  1.57706942e-02  2.00228936e-02
  2.33661215e-02  2.14515673e-02  3.01321995e-01  1.54368676e-01
  1.33311885e-01  2.96560431e-01  1.53304619e-01  1.30362756e-01
  2.78657389e-01  1.39006320e-01  1.18581526e-01  2.83644949e-01
  1.46881109e-01  1.22848232e-01 -1.60870642e-01 -1.18013911e-01
 -1.06336931e-01]

Gradient approximate =
[ 6.20392404e-06 -1.81785016e-04 -1.44470538e-04  1.37041594e-04
  3.73358497e-04  5.42916845e-05 -2.54466253e-04 -9.18476657e-04
 -3.06658119e-04 -2.99996366e-04  3.00234639e-01  1.56394218e-01
  1.04743890e-01  2.83929510e-01  1.41108136e-01  1.14675328e-01
  2.65115205e-01  1.49248706e-01  1.23439196e-01  2.85790085e-01
  1.50178410e-01  1.25716089e-01  3.01321995e-01  1.56676771e-01
  1.31195246e-01  0.00000000e+00  0.00000000e+00  0.00000000e+00
  0.00000000e+00  0.00000000e+00  0.00000000e+00  0.00000000e+00
  0.00000000e+00  0.00000000e+00  0.00000000e+00  0.00000000e+00
  0.00000000e+00]

Diff = 
[9.38072347e-04 7.34879105e-03 1.78718975e-03 7.50719265e-04
 3.65027051e-03 1.48035213e-03 2.09577034e-04 2.34846369e-03
 2.30599669e-03 2.68976872e-04 2.99472578e-01 1.58937485e-01
 8.50783840e-02 2.76458407e-01 1.31790076e-01 1.02042093e-01
 2.53079777e-01 1.06942924e-01 1.07668502e-01 2.65767192e-01
 1.26812288e-01 1.04264522e-01 1.16239240e-11 2.30809444e-03
 2.11663921e-03 2.96560431e-01 1.53304619e-01 1.30362756e-01
 2.78657389e-01 1.39006320e-01 1.18581526e-01 2.83644949e-01
 1.46881109e-01 1.22848232e-01 1.60870642e-01 1.18013911e-01
 1.06336931e-01]

 Iteration 800:
############################
Gradient = 
[-0.00125926 -0.00929176  0.00134066 -0.00098564 -0.00548076 -0.00167435
 -0.00036771 -0.00063023  0.00169878 -0.00032596 -0.00109832 -0.00266758
  0.02483054  0.00982043  0.01181567  0.01512629  0.01430805  0.04546906
  0.0171548   0.02125728  0.02428856  0.02242017  0.2992582   0.14988515
  0.12519163  0.29150584  0.14694443  0.12146115  0.26902911  0.12941493
  0.10811511  0.27335326  0.13754216  0.1117471  -0.17333773 -0.12761146
 -0.11238774]

Gradient approximate =
[ 2.35983140e-04  6.53399232e-04  8.90678886e-05  3.36799111e-04
  1.06368066e-03  2.30290560e-04 -1.38847014e-04 -5.32663829e-04
 -2.05020196e-04 -1.94297578e-04  2.98528722e-01  1.51922226e-01
  9.29460951e-02  2.76573188e-01  1.32766628e-01  1.03883233e-01
  2.53166055e-01  1.34464473e-01  1.10366874e-01  2.72182643e-01
  1.37937682e-01  1.11951310e-01  2.99258202e-01  1.52150826e-01
  1.23919093e-01  0.00000000e+00  0.00000000e+00  0.00000000e+00
  0.00000000e+00  0.00000000e+00  0.00000000e+00  0.00000000e+00
  0.00000000e+00  0.00000000e+00  0.00000000e+00  0.00000000e+00
  0.00000000e+00]

Diff = 
[1.49524745e-03 9.94515962e-03 1.25159237e-03 1.32243501e-03
 6.54444224e-03 1.90464540e-03 2.28864365e-04 9.75684619e-05
 1.90379636e-03 1.31659225e-04 2.99627042e-01 1.54589803e-01
 6.81155523e-02 2.66752757e-01 1.20950962e-01 8.87569451e-02
 2.38858008e-01 8.89954164e-02 9.32120750e-02 2.50925363e-01
 1.13649122e-01 8.95311384e-02 3.27782246e-12 2.26567464e-03
 1.27253373e-03 2.91505838e-01 1.46944434e-01 1.21461146e-01
 2.69029108e-01 1.29414926e-01 1.08115106e-01 2.73353258e-01
 1.37542157e-01 1.11747104e-01 1.73337733e-01 1.27611457e-01
 1.12387735e-01]

 Iteration 900:
############################
Gradient = 
[-0.00161449 -0.01124986  0.00104298 -0.00139979 -0.00794864 -0.00193472
 -0.00075819 -0.00308743  0.00136358 -0.00068687 -0.00334623 -0.00283167
  0.02933124  0.01202434  0.01410813  0.01729237  0.01629156  0.04699361
  0.01793623  0.02183305  0.02443602  0.02267387  0.29751806  0.14486089
  0.11682365  0.28560412  0.13949385  0.11211383  0.2591245   0.11919939
  0.09770672  0.26316863  0.1278185   0.10085834 -0.18152952 -0.13417565
 -0.11576458]

Gradient approximate =
[5.75977990e-04 1.90071045e-03 4.47852970e-04 6.60992050e-04
 2.21672096e-03 5.44774086e-04 1.15403314e-04 3.69590254e-04
 4.96142394e-05 4.17811030e-05 2.97633604e-01 1.47048846e-01
 8.11303432e-02 2.68280310e-01 1.23337920e-01 9.26959051e-02
 2.40902593e-01 1.18672264e-01 9.70362118e-02 2.58363601e-01
 1.25064741e-01 9.81564066e-02 2.97518056e-01 1.47103865e-01
 1.16609507e-01 0.00000000e+00 0.00000000e+00 0.00000000e+00
 0.00000000e+00 0.00000000e+00 0.00000000e+00 0.00000000e+00
 0.00000000e+00 0.00000000e+00 0.00000000e+00 0.00000000e+00
 0.00000000e+00]

Diff = 
[2.19046504e-03 1.31505662e-02 5.95130922e-04 2.06078024e-03
 1.01653590e-02 2.47949749e-03 8.73590930e-04 3.45702394e-03
 1.31396133e-03 7.28649205e-04 3.00979832e-01 1.49880511e-01
 5.17991041e-02 2.56255969e-01 1.09229787e-01 7.54035361e-02
 2.24611034e-01 7.16786532e-02 7.90999867e-02 2.36530555e-01
 1.00628720e-01 7.54825362e-02 1.30070399e-11 2.24297572e-03
 2.14142573e-04 2.85604117e-01 1.39493853e-01 1.12113834e-01
 2.59124504e-01 1.19199386e-01 9.77067151e-02 2.63168630e-01
 1.27818504e-01 1.00858337e-01 1.81529520e-01 1.34175654e-01
 1.15764579e-01]

 