Iteration 0:
############################
Gradient = 
[ 6.46776589e-05 -3.13405548e-04  7.41552693e-03  2.00289137e-04
  1.01507762e-03  1.99620390e-03  3.80448463e-04 -4.92497754e-04
  2.15657351e-03  4.57820654e-06  4.88174343e-03 -3.30199887e-03
  2.80009436e-03 -5.41481529e-03 -4.64589543e-03  2.42110207e-03
 -5.53790115e-03  1.15682639e-02  1.30875455e-03  1.14831807e-02
  7.62858791e-03  3.03488801e-03 -1.36343179e-02 -1.13943376e-02
 -4.55911224e-03 -1.23297517e-02 -1.34547799e-02  6.49205309e-03
  8.76567424e-03  9.97580994e-03  6.16346559e-03  3.88514700e-04
  2.99367092e-01  1.40392774e-01  1.42635384e-01  1.47568342e-01
  1.56031730e-01  3.14983860e-01  1.52669452e-01  1.59884849e-01
  1.42350924e-01  1.62240217e-01  2.75078151e-01  1.24361015e-01
  1.37459040e-01  1.26684236e-01  1.32984326e-01  3.13229472e-01
  1.52884192e-01  1.49967239e-01  1.44813374e-01  1.59878197e-01
  3.22858147e-01  1.55650010e-01  1.61748254e-01  1.48543987e-01
  1.58088723e-01]

Gradient approximate =
[ 5.38635572e-04  2.02921734e-03  7.62891859e-04  1.70974330e-04
  9.44473937e-04  2.41787099e-04  1.59962583e-04  6.75355547e-04
  3.08978068e-04 -8.91430929e-06 -1.92379670e-04  3.93476896e-05
 -7.60100927e-04 -4.42767514e-04 -4.18924466e-04 -3.79538641e-04
 -4.65144729e-04 -1.11245750e-02 -5.84105560e-03 -5.56660992e-03
  2.90856953e-01  1.34271835e-01  1.40783133e-01  1.38697470e-01
  1.46803974e-01  2.81761318e-01  1.32860997e-01  1.55042692e-01
  1.43631026e-01  1.50683324e-01  2.99977336e-01  1.48379474e-01
  1.41335548e-01  1.38117344e-01  1.45605565e-01  3.46147126e-01
  1.64303320e-01  1.67954002e-01  1.64100181e-01  1.73072134e-01
  2.76978560e-01  1.31589352e-01  1.34439192e-01  1.31320906e-01
  1.38722656e-01  0.00000000e+00  0.00000000e+00  0.00000000e+00
  0.00000000e+00  0.00000000e+00  0.00000000e+00  0.00000000e+00
  0.00000000e+00  0.00000000e+00  0.00000000e+00  0.00000000e+00
  0.00000000e+00]

Diff = 
[4.73957913e-04 2.34262288e-03 6.65263507e-03 2.93148064e-05
 7.06036828e-05 1.75441680e-03 2.20485880e-04 1.16785330e-03
 1.84759544e-03 1.34925158e-05 5.07412310e-03 3.34134656e-03
 3.56019529e-03 4.97204778e-03 4.22697097e-03 2.80064071e-03
 5.07275642e-03 2.26928389e-02 7.14981015e-03 1.70497906e-02
 2.83228365e-01 1.31236947e-01 1.54417450e-01 1.50091807e-01
 1.51363086e-01 2.94091070e-01 1.46315777e-01 1.48550639e-01
 1.34865352e-01 1.40707514e-01 2.93813870e-01 1.47990959e-01
 1.58031544e-01 2.27543017e-03 2.97018096e-03 1.98578784e-01
 8.27158956e-03 1.47029858e-01 1.14307288e-02 1.31872849e-02
 1.34627636e-01 3.06508644e-02 1.40638959e-01 6.95989156e-03
 1.26361643e-03 1.26684236e-01 1.32984326e-01 3.13229472e-01
 1.52884192e-01 1.49967239e-01 1.44813374e-01 1.59878197e-01
 3.22858147e-01 1.55650010e-01 1.61748254e-01 1.48543987e-01
 1.58088723e-01]

 Iteration 100:
############################
Gradient = 
[ 0.00098518  0.00245252  0.00785332 -0.0011455  -0.00298786  0.00071856
 -0.00030699 -0.00252801  0.00146139  0.00101194  0.00791162 -0.00196188
 -0.0162338  -0.01444136 -0.01344428 -0.00689754 -0.01526364 -0.05178411
 -0.02972187 -0.01950779 -0.02338696 -0.03013222 -0.02121012 -0.01451709
 -0.00806792 -0.01527433 -0.01659899 -0.00631636  0.00162328  0.00291629
 -0.00061753 -0.00678795  0.30644171  0.14609071  0.1546832   0.14447397
  0.15492434  0.28521533  0.13269317  0.13780533  0.14259763  0.14781523
  0.21738169  0.1015646   0.08253484  0.09293752  0.0942842   0.22569408
  0.10361705  0.0927408   0.10224142  0.10889579  0.16705538  0.07413945
  0.06251088  0.06535951  0.07868808]

Gradient approximate =
[-1.65527447e-04 -1.00306752e-04 -2.62412834e-04 -5.41024030e-04
 -1.76809471e-03 -7.50437712e-04 -1.06439961e-04 -2.05095267e-04
 -1.18129984e-04  4.29622700e-04  1.55413131e-03  5.19493788e-04
 -1.87146872e-03 -9.55543342e-04 -9.65558389e-04 -9.18677325e-04
 -1.12582461e-03 -3.65900824e-03 -1.87245826e-03 -1.80991897e-03
  3.04652392e-01  1.45493397e-01  1.46064395e-01  1.43653558e-01
  1.48168108e-01  2.81061609e-01  1.32939008e-01  1.22343837e-01
  1.26660695e-01  1.31084563e-01  2.95220104e-01  1.36337699e-01
  1.54193305e-01  1.47948837e-01  1.52128734e-01  2.67850452e-01
  1.29228588e-01  1.34839805e-01  1.29364817e-01  1.32985567e-01
  2.80084331e-01  1.35252921e-01  1.41085390e-01  1.35331757e-01
  1.39178034e-01  0.00000000e+00  0.00000000e+00  0.00000000e+00
  0.00000000e+00  0.00000000e+00  0.00000000e+00  0.00000000e+00
  0.00000000e+00  0.00000000e+00  0.00000000e+00  0.00000000e+00
  0.00000000e+00]

Diff = 
[1.15071113e-03 2.55282712e-03 8.11573028e-03 6.04477649e-04
 1.21976196e-03 1.46899522e-03 2.00553220e-04 2.32291666e-03
 1.57951881e-03 5.82321153e-04 6.35748586e-03 2.48137512e-03
 1.43623328e-02 1.34858121e-02 1.24787177e-02 5.97885934e-03
 1.41378198e-02 4.81251067e-02 2.78494133e-02 1.76978736e-02
 3.28039355e-01 1.75625618e-01 1.67274510e-01 1.58170651e-01
 1.56236030e-01 2.96335939e-01 1.49538000e-01 1.28660201e-01
 1.25037415e-01 1.28168274e-01 2.95837636e-01 1.43125645e-01
 1.52248408e-01 1.85813088e-03 2.55446384e-03 1.23376485e-01
 2.56957561e-02 1.50375524e-01 3.32834846e-03 4.81976293e-03
 1.37486702e-01 1.25623127e-02 7.62963021e-02 3.37671525e-02
 5.66431920e-02 9.29375219e-02 9.42842021e-02 2.25694079e-01
 1.03617050e-01 9.27407986e-02 1.02241417e-01 1.08895792e-01
 1.67055379e-01 7.41394501e-02 6.25108805e-02 6.53595073e-02
 7.86880800e-02]

 Iteration 200:
############################
Gradient = 
[ 3.80558444e-04  2.79510804e-04  6.70796588e-03 -1.52908539e-03
 -3.01993282e-03  9.56772924e-04 -7.27420929e-04 -3.23230394e-03
  1.21621161e-03  4.79223424e-04  5.46416943e-03 -2.46485039e-03
 -1.48418056e-02 -1.25850646e-02 -1.17714375e-02 -5.72304931e-03
 -1.32171542e-02 -4.98262778e-02 -2.60865519e-02 -1.70358139e-02
 -2.07529550e-02 -2.63083829e-02 -2.05101763e-02 -1.28758220e-02
 -7.08250599e-03 -1.38263956e-02 -1.47525797e-02 -9.94414355e-03
 -1.01011776e-04  1.03217455e-03 -2.30164745e-03 -8.09315678e-03
  3.21663144e-01  1.59214981e-01  1.72817542e-01  1.57084234e-01
  1.64347575e-01  2.91748606e-01  1.40224401e-01  1.49708269e-01
  1.49484280e-01  1.52063244e-01  1.39743111e-01  6.61931044e-02
  2.33156839e-02  4.55913165e-02  4.37796054e-02  1.03418471e-01
  3.36135217e-02  1.20733344e-02  3.41342174e-02  3.76197506e-02
  8.08705948e-02  2.20299666e-02  7.66956936e-03  1.83390454e-02
  3.20441325e-02]

Gradient approximate =
[-5.42483898e-04 -1.31867169e-03 -8.20503858e-04 -6.82426837e-04
 -1.93327027e-03 -1.06534137e-03 -2.46519058e-04 -5.38119671e-04
 -3.37063897e-04  3.23248723e-04  8.57958362e-04  4.49379765e-04
  1.89173822e-03  9.99197640e-04  9.54910238e-04  9.78551111e-04
  1.01537867e-03  1.42440732e-03  7.65756647e-04  7.66360753e-04
  3.22443900e-01  1.59240311e-01  1.67830879e-01  1.57942323e-01
  1.59635136e-01  2.90272418e-01  1.42235249e-01  1.20982462e-01
  1.26942797e-01  1.28993344e-01  2.99934032e-01  1.38680545e-01
  1.68409844e-01  1.57435938e-01  1.58919073e-01  2.77115984e-01
  1.36690829e-01  1.47021922e-01  1.37403308e-01  1.38656013e-01
  2.42147665e-01  1.19537886e-01  1.28518923e-01  1.20096843e-01
  1.21074603e-01  0.00000000e+00  0.00000000e+00  0.00000000e+00
  0.00000000e+00  0.00000000e+00  0.00000000e+00  0.00000000e+00
  0.00000000e+00  0.00000000e+00  0.00000000e+00  0.00000000e+00
  0.00000000e+00]

Diff = 
[9.23042342e-04 1.59818249e-03 7.52846974e-03 8.46658548e-04
 1.08666254e-03 2.02211429e-03 4.80901871e-04 2.69418427e-03
 1.55327551e-03 1.55974701e-04 4.60621106e-03 2.91423016e-03
 1.67335438e-02 1.35842622e-02 1.27263478e-02 6.70160042e-03
 1.42325329e-02 5.12506851e-02 2.68523085e-02 1.78021747e-02
 3.43196855e-01 1.85548694e-01 1.88341056e-01 1.70818145e-01
 1.66717642e-01 3.04098813e-01 1.56987828e-01 1.30926606e-01
 1.27043809e-01 1.27961169e-01 3.02235679e-01 1.46773702e-01
 1.53253300e-01 1.77904296e-03 1.38984682e-02 1.20031750e-01
 2.76567462e-02 1.44726683e-01 2.82109229e-03 1.10522558e-02
 9.26633847e-02 3.25253580e-02 1.12241879e-02 5.39037390e-02
 9.77589195e-02 4.55913165e-02 4.37796054e-02 1.03418471e-01
 3.36135217e-02 1.20733344e-02 3.41342174e-02 3.76197506e-02
 8.08705948e-02 2.20299666e-02 7.66956936e-03 1.83390454e-02
 3.20441325e-02]

 Iteration 300:
############################
Gradient = 
[ 5.25015422e-05 -5.78600567e-04  6.12404282e-03 -5.86869161e-04
  1.62682245e-03  2.84136670e-03 -3.21373443e-04 -8.38034643e-04
  2.08157043e-03 -2.89766590e-05  3.53151851e-03 -2.74821915e-03
 -2.98685339e-03 -5.74910231e-03 -5.07059851e-03  5.07594067e-04
 -5.86851133e-03 -1.93063298e-02 -8.72301149e-03 -6.74754556e-04
 -4.24659534e-03 -7.92714792e-03 -6.52988072e-03 -4.83572935e-03
  3.71818514e-04 -5.94215730e-03 -6.13424116e-03  7.22644664e-04
  5.38460555e-03  6.27510067e-03  3.15565795e-03 -1.81037615e-03
  3.30896315e-01  1.67315753e-01  1.84388107e-01  1.65069011e-01
  1.69751897e-01  2.95549231e-01  1.44841656e-01  1.57094720e-01
  1.53595353e-01  1.54158651e-01  6.34568536e-02  2.93619730e-02
 -4.09649304e-02 -4.19346155e-03 -7.96459925e-03 -2.19582164e-03
 -3.12284523e-02 -6.63358388e-02 -2.91168495e-02 -2.69602631e-02
  2.16566923e-02 -1.87050847e-02 -3.10959450e-02 -1.44903024e-02
  3.04547881e-03]

Gradient approximate =
[-6.82553383e-04 -1.58075258e-03 -1.08580295e-03 -6.97034150e-04
 -1.58482453e-03 -1.20693333e-03 -2.79466170e-04 -4.39933823e-04
 -4.35149132e-04  3.05536954e-04  6.05988724e-04  4.69720300e-04
  3.90519913e-03  2.03160714e-03  1.99017643e-03  2.00386767e-03
  2.14256027e-03  4.46344879e-03  2.32532967e-03  2.31928099e-03
  3.33226548e-01  1.67682247e-01  1.81722166e-01  1.66983721e-01
  1.66488359e-01  2.95805300e-01  1.47928338e-01  1.19949186e-01
  1.26974547e-01  1.27255964e-01  3.02479850e-01  1.40139025e-01
  1.77424843e-01  1.63421876e-01  1.62801910e-01  2.83121043e-01
  1.41500883e-01  1.54962940e-01  1.42684079e-01  1.42099016e-01
  2.01801676e-01  1.00938343e-01  1.10482982e-01  1.01720572e-01
  1.01009971e-01  0.00000000e+00  0.00000000e+00  0.00000000e+00
  0.00000000e+00  0.00000000e+00  0.00000000e+00  0.00000000e+00
  0.00000000e+00  0.00000000e+00  0.00000000e+00  0.00000000e+00
  0.00000000e+00]

Diff = 
[7.35054925e-04 1.00215202e-03 7.20984577e-03 1.10164990e-04
 3.21164698e-03 4.04830003e-03 4.19072723e-05 3.98100821e-04
 2.51671956e-03 3.34513613e-04 2.92552979e-03 3.21793945e-03
 6.89205252e-03 7.78070945e-03 7.06077493e-03 1.49627361e-03
 8.01107160e-03 2.37697786e-02 1.10483412e-02 2.99403555e-03
 3.37473143e-01 1.75609394e-01 1.88252047e-01 1.71819450e-01
 1.66116540e-01 3.01747457e-01 1.54062579e-01 1.19226541e-01
 1.21589941e-01 1.20980864e-01 2.99324192e-01 1.41949401e-01
 1.53471472e-01 3.89387730e-03 2.15861978e-02 1.18052032e-01
 2.82510140e-02 1.40586291e-01 2.15757708e-03 1.49957042e-02
 4.82063227e-02 5.32203077e-02 4.70261288e-02 7.23585988e-02
 1.41974901e-01 4.19346155e-03 7.96459925e-03 2.19582164e-03
 3.12284523e-02 6.63358388e-02 2.91168495e-02 2.69602631e-02
 2.16566923e-02 1.87050847e-02 3.10959450e-02 1.44903024e-02
 3.04547881e-03]

 Iteration 400:
############################
Gradient = 
[ 2.76081415e-05 -7.81599150e-04  5.67443596e-03  8.61219969e-04
  6.96084889e-03  4.86317199e-03  4.70473640e-04  2.15508319e-03
  3.05106447e-03 -3.02580254e-04  2.16175415e-03 -3.00097840e-03
  1.17244203e-02  1.93578228e-03  2.43868552e-03  7.66595967e-03
  2.34567314e-03  2.16386930e-02  1.23706920e-02  1.92928796e-02
  1.61200275e-02  1.43130385e-02  1.27626544e-02  5.16987145e-03
  9.72228812e-03  3.94135405e-03  4.51655624e-03  1.76639358e-02
  1.35202541e-02  1.40164152e-02  1.12426839e-02  7.19130688e-03
  3.27908012e-01  1.65315168e-01  1.81534841e-01  1.63170273e-01
  1.65846988e-01  2.92188861e-01  1.42968609e-01  1.53721071e-01
  1.50852560e-01  1.49927159e-01  1.58568710e-04 -2.48667923e-03
 -1.00691108e-01 -4.87959444e-02 -5.37325306e-02 -7.59415116e-02
 -8.08248963e-02 -1.28853732e-01 -7.71749492e-02 -7.54085095e-02
 -1.30327217e-02 -4.76311958e-02 -5.23650249e-02 -3.29417534e-02
 -8.88641882e-03]

Gradient approximate =
[-6.21114731e-04 -1.20660244e-03 -1.04981532e-03 -7.19532389e-04
 -1.41930506e-03 -1.28680546e-03 -2.91780997e-04 -4.24027600e-04
 -4.72371184e-04  3.95949162e-04  7.00257938e-04  6.44459877e-04
  1.98131308e-03  1.03371114e-03  9.92230267e-04  1.01327213e-03
  1.08522100e-03  2.48447926e-03  1.30001813e-03  1.29839488e-03
  3.29219421e-01  1.64837541e-01  1.78387498e-01  1.64737009e-01
  1.62614682e-01  2.92088631e-01  1.45616039e-01  1.12333768e-01
  1.22317169e-01  1.21464694e-01  2.96137974e-01  1.35615756e-01
  1.74434921e-01  1.61150106e-01  1.58971997e-01  2.81722216e-01
  1.40558053e-01  1.53362979e-01  1.41653810e-01  1.39682723e-01
  1.59937192e-01  7.98627906e-02  8.71008592e-02  8.04329803e-02
  7.88598848e-02  0.00000000e+00  0.00000000e+00  0.00000000e+00
  0.00000000e+00  0.00000000e+00  0.00000000e+00  0.00000000e+00
  0.00000000e+00  0.00000000e+00  0.00000000e+00  0.00000000e+00
  0.00000000e+00]

Diff = 
[0.00064872 0.000425   0.00672425 0.00158075 0.00838015 0.00614998
 0.00076225 0.00257911 0.00352344 0.00069853 0.0014615  0.00364544
 0.00974311 0.00090207 0.00144646 0.00665269 0.00126045 0.01915421
 0.01107067 0.01799448 0.31309939 0.1505245  0.16562484 0.15956714
 0.15289239 0.28814728 0.14109948 0.09466983 0.10879691 0.10744828
 0.28489529 0.12842445 0.15347309 0.00416506 0.02256284 0.11855194
 0.02528894 0.13882588 0.0013148  0.01403835 0.00908463 0.07006437
 0.08694229 0.08291966 0.17955099 0.04879594 0.05373253 0.07594151
 0.0808249  0.12885373 0.07717495 0.07540851 0.01303272 0.0476312
 0.05236502 0.03294175 0.00888642]

 Iteration 500:
############################
Gradient = 
[-0.00055193 -0.00378316  0.00393857  0.00148542  0.0078733   0.00505087
  0.00055     0.00144484  0.00243826 -0.00110567 -0.00176911 -0.00452451
  0.02402541  0.00786576  0.00796305  0.01303071  0.0086801   0.05986884
  0.03057963  0.03563111  0.0333818   0.0334878   0.03072162  0.01378132
  0.01732494  0.01230863  0.01368254  0.03372592  0.02063025  0.02037871
  0.01818141  0.01506293  0.31263603  0.15339987  0.16423841  0.1513581
  0.15268262  0.28151247  0.13471947  0.13941989  0.14113476  0.13925484
 -0.04390179 -0.02498465 -0.14800995 -0.08262406 -0.08814588 -0.11958125
 -0.11380104 -0.17167321 -0.10841075 -0.10652754 -0.03000808 -0.06688803
 -0.05912918 -0.0400534  -0.00736373]

Gradient approximate =
[-3.14266786e-04 -2.05275321e-04 -6.22224379e-04 -6.63747222e-04
 -1.27470652e-03 -1.16897508e-03 -1.95855498e-04 -3.13478008e-04
 -3.05659842e-04  6.77056646e-04  1.28874320e-03  1.10742665e-03
 -3.48169407e-03 -1.77956452e-03 -1.74129416e-03 -1.75771314e-03
 -1.92351758e-03 -4.38853358e-03 -2.23800947e-03 -2.12936300e-03
  3.10455945e-01  1.50975179e-01  1.58250593e-01  1.51346056e-01
  1.48270689e-01  2.79136921e-01  1.35605076e-01  9.73649116e-02
  1.12453465e-01  1.11041999e-01  2.80276117e-01  1.24750222e-01
  1.59471121e-01  1.50547217e-01  1.47376836e-01  2.72775367e-01
  1.33942874e-01  1.42152435e-01  1.34199332e-01  1.31301993e-01
  1.20574311e-01  5.92600003e-02  6.28795033e-02  5.93318339e-02
  5.74491053e-02  0.00000000e+00  0.00000000e+00  0.00000000e+00
  0.00000000e+00  0.00000000e+00  0.00000000e+00  0.00000000e+00
  0.00000000e+00  0.00000000e+00  0.00000000e+00  0.00000000e+00
  0.00000000e+00]

Diff = 
[2.37658793e-04 3.57788296e-03 4.56079844e-03 2.14916296e-03
 9.14800711e-03 6.21984490e-03 7.45859350e-04 1.75831943e-03
 2.74391844e-03 1.78272974e-03 3.05785588e-03 5.63193626e-03
 2.75071032e-02 9.64532594e-03 9.70434606e-03 1.47884188e-02
 1.06036157e-02 6.42573753e-02 3.28176409e-02 3.77604703e-02
 2.77074144e-01 1.17487380e-01 1.27528972e-01 1.37564739e-01
 1.30945749e-01 2.66828294e-01 1.21922539e-01 6.36389875e-02
 9.18232134e-02 9.06632858e-02 2.62094710e-01 1.09687297e-01
 1.53164908e-01 2.85264837e-03 1.68615754e-02 1.21417271e-01
 1.87397416e-02 1.39360032e-01 5.20142343e-04 8.11789468e-03
 2.05604483e-02 7.99948381e-02 1.06781291e-01 8.43164883e-02
 2.05459058e-01 8.26240559e-02 8.81458833e-02 1.19581247e-01
 1.13801038e-01 1.71673213e-01 1.08410750e-01 1.06527540e-01
 3.00080807e-02 6.68880334e-02 5.91291822e-02 4.00534037e-02
 7.36372639e-03]

 Iteration 600:
############################
Gradient = 
[-2.16445785e-03 -1.09138698e-02  2.52414691e-04  7.16330561e-04
  2.90032994e-03  2.68676459e-03 -6.03828032e-04 -4.36584515e-03
 -4.41469298e-04 -2.88640993e-03 -9.50649386e-03 -7.93909345e-03
  3.22706090e-02  1.15672102e-02  1.10488743e-02  1.61040741e-02
  1.26346948e-02  8.93564002e-02  4.38187915e-02  4.62075680e-02
  4.53590600e-02  4.74226784e-02  4.43182235e-02  1.99389555e-02
  2.21123100e-02  1.80609377e-02  2.02561451e-02  4.54118442e-02
  2.53585710e-02  2.40664243e-02  2.26160433e-02  2.03936241e-02
  2.88786382e-01  1.34798203e-01  1.37429008e-01  1.32912309e-01
  1.33618733e-01  2.66226401e-01  1.22443844e-01  1.17889940e-01
  1.26907293e-01  1.24639682e-01 -6.99982356e-02 -3.82298940e-02
 -1.81673186e-01 -1.05110917e-01 -1.10733319e-01 -1.43135471e-01
 -1.34408627e-01 -1.99111686e-01 -1.27132284e-01 -1.24694424e-01
 -3.58494860e-02 -7.93228104e-02 -5.63259562e-02 -3.98009108e-02
  3.15456514e-03]

Gradient approximate =
[ 3.70111166e-04  1.86506439e-03  3.58625885e-04 -3.09015413e-04
 -3.50875529e-04 -5.92925367e-04  2.18494489e-04  6.56909382e-04
  3.23879132e-04  1.31631938e-03  2.95705502e-03  2.06130120e-03
 -1.06687168e-02 -5.55023722e-03 -5.22248996e-03 -5.39294843e-03
 -5.97293802e-03 -1.39915949e-02 -7.27620585e-03 -6.79079441e-03
  2.81727746e-01  1.30063554e-01  1.27764765e-01  1.30762325e-01
  1.27554143e-01  2.60528768e-01  1.20962727e-01  7.78880744e-02
  9.92892246e-02  9.77882055e-02  2.58041539e-01  1.09925601e-01
  1.36974275e-01  1.34626440e-01  1.31035751e-01  2.58753461e-01
  1.23671157e-01  1.24587491e-01  1.22471620e-01  1.19135921e-01
  8.73482023e-02  4.18028093e-02  4.21059174e-02  4.13613288e-02
  3.94886421e-02  0.00000000e+00  0.00000000e+00  0.00000000e+00
  0.00000000e+00  0.00000000e+00  0.00000000e+00  0.00000000e+00
  0.00000000e+00  0.00000000e+00  0.00000000e+00  0.00000000e+00
  0.00000000e+00]

Diff = 
[2.53456902e-03 1.27789342e-02 1.06211194e-04 1.02534597e-03
 3.25120547e-03 3.27968996e-03 8.22322521e-04 5.02275453e-03
 7.65348430e-04 4.20272931e-03 1.24635489e-02 1.00003947e-02
 4.29393258e-02 1.71174475e-02 1.62713643e-02 2.14970225e-02
 1.86076328e-02 1.03347995e-01 5.10949974e-02 5.29983624e-02
 2.36368686e-01 8.26408759e-02 8.34465417e-02 1.10823369e-01
 1.05441833e-01 2.42467830e-01 1.00706582e-01 3.24762302e-02
 7.39306536e-02 7.37217812e-02 2.35425496e-01 8.95319767e-02
 1.51812107e-01 1.71762689e-04 6.39325772e-03 1.25841152e-01
 9.94757552e-03 1.41638910e-01 2.77760865e-05 1.24598135e-03
 3.95590906e-02 8.28368729e-02 1.12104153e-01 7.95912228e-02
 2.21161828e-01 1.05110917e-01 1.10733319e-01 1.43135471e-01
 1.34408627e-01 1.99111686e-01 1.27132284e-01 1.24694424e-01
 3.58494860e-02 7.93228104e-02 5.63259562e-02 3.98009108e-02
 3.15456514e-03]

 Iteration 700:
############################
Gradient = 
[-0.00459233 -0.02057201 -0.00488997 -0.00119099 -0.00607402 -0.00165405
 -0.00276588 -0.01359544 -0.00507972 -0.00540059 -0.01934974 -0.012688
  0.03678684  0.01358996  0.01240106  0.01749439  0.01476658  0.10769806
  0.05211123  0.05156953  0.05229711  0.05606444  0.05290078  0.02391776
  0.02459132  0.02156897  0.02448787  0.0519543   0.02781251  0.02546064
  0.02477154  0.02327719  0.26092461  0.11309088  0.10678248  0.11156269
  0.11235766  0.24953784  0.10864019  0.0934      0.11092066  0.10880825
 -0.08213714 -0.04426648 -0.20409118 -0.11819568 -0.12349406 -0.15506689
 -0.14692673 -0.21656259 -0.13782419 -0.13435477 -0.03529527 -0.08729838
 -0.04834789 -0.03545957  0.01901861]

Gradient approximate =
[ 0.00147697  0.00521626  0.0019201   0.00046066  0.00185748  0.00055142
  0.00106268  0.0029779   0.00153193  0.0023825   0.00601861  0.00355631
 -0.01788143 -0.00962844 -0.0087549  -0.00921682 -0.01035534 -0.02362824
 -0.01270496 -0.01153443  0.24873664  0.1064845   0.09398233  0.10724325
  0.10470197  0.24019566  0.10476338  0.05705185  0.08498137  0.08374926
  0.23343142  0.09383005  0.11208567  0.11685806  0.11335165  0.2425867
  0.11188538  0.10435796  0.108869    0.105564    0.06186924  0.02863334
  0.02672146  0.02783296  0.02609748  0.          0.          0.
  0.          0.          0.          0.          0.          0.
  0.          0.          0.        ]

Diff = 
[6.06929604e-03 2.57882677e-02 6.81006645e-03 1.65165241e-03
 7.93149899e-03 2.20546976e-03 3.82855560e-03 1.65733386e-02
 6.61165040e-03 7.78308288e-03 2.53683514e-02 1.62443118e-02
 5.46682676e-02 2.32183969e-02 2.11559637e-02 2.67112110e-02
 2.51219166e-02 1.31326298e-01 6.48161908e-02 6.31039629e-02
 1.96439533e-01 5.04200632e-02 4.10815450e-02 8.33254854e-02
 8.01106488e-02 2.18626688e-01 8.02755049e-02 5.09755237e-03
 5.71688549e-02 5.82886224e-02 2.08659872e-01 7.05528585e-02
 1.48838945e-01 3.76717929e-03 6.56916424e-03 1.31024006e-01
 4.72281863e-04 1.45179875e-01 2.28811350e-04 1.21640004e-02
 4.90514267e-02 8.01749055e-02 1.08858596e-01 7.20994410e-02
 2.30188664e-01 1.18195677e-01 1.23494058e-01 1.55066893e-01
 1.46926732e-01 2.16562595e-01 1.37824187e-01 1.34354771e-01
 3.52952650e-02 8.72983812e-02 4.83478891e-02 3.54595690e-02
 1.90186103e-02]

 Iteration 800:
############################
Gradient = 
[-0.00711147 -0.02928054 -0.01010181 -0.00356764 -0.01578056 -0.00671526
 -0.00525345 -0.0229321  -0.01018611 -0.00788434 -0.02768171 -0.01728047
  0.0384515   0.01450363  0.01276258  0.01785549  0.01564832  0.11402973
  0.05539147  0.05251075  0.05456295  0.05921998  0.05667597  0.02603879
  0.02543125  0.02333204  0.02665302  0.05368095  0.02824338  0.02515565
  0.02507176  0.02394897  0.23307225  0.09114017  0.07678537  0.09021518
  0.09166061  0.23391785  0.09507005  0.0692894   0.09516537  0.09365839
 -0.08385421 -0.04509395 -0.21846154 -0.1241253  -0.12873606 -0.16034984
 -0.15413519 -0.22811586 -0.14346423 -0.13847123 -0.03159602 -0.09256485
 -0.03839804 -0.0293495   0.03766803]

Gradient approximate =
[ 0.00287197  0.00943124  0.00384937  0.001575    0.0051935   0.00214554
  0.00225615  0.00646047  0.0031885   0.00374211  0.01006929  0.00537159
 -0.0241183  -0.01372802 -0.01211929 -0.01297794 -0.01472311 -0.0311096
 -0.01761989 -0.01560524  0.21633804  0.08371395  0.06213358  0.08394728
  0.08266164  0.22097987  0.08906573  0.03700889  0.07098512  0.07029941
  0.209852    0.07841525  0.0888119   0.09990047  0.09685242  0.22661947
  0.10012312  0.08435192  0.09515958  0.09228033  0.04407036  0.01968082
  0.01670526  0.01870642  0.01710639  0.          0.          0.
  0.          0.          0.          0.          0.          0.
  0.          0.          0.        ]

Diff = 
[9.98343504e-03 3.87117823e-02 1.39511821e-02 5.14264121e-03
 2.09740547e-02 8.86079315e-03 7.50959953e-03 2.93925759e-02
 1.33746173e-02 1.16264564e-02 3.77509964e-02 2.26520555e-02
 6.25698018e-02 2.82316504e-02 2.48818711e-02 3.08334259e-02
 3.03714278e-02 1.45139332e-01 7.30113570e-02 6.81159852e-02
 1.61775087e-01 2.44939698e-02 5.45761068e-03 5.79084938e-02
 5.72303982e-02 1.97647832e-01 6.24127152e-02 1.66720651e-02
 4.27417328e-02 4.51437623e-02 1.84780247e-01 5.44662813e-02
 1.44260350e-01 8.76030305e-03 2.00670440e-02 1.36404283e-01
 8.46250699e-03 1.49565933e-01 8.95327802e-05 2.29909286e-02
 5.10950169e-02 7.39775708e-02 1.00559474e-01 6.38003704e-02
 2.35567929e-01 1.24125300e-01 1.28736064e-01 1.60349844e-01
 1.54135190e-01 2.28115864e-01 1.43464226e-01 1.38471234e-01
 3.15960167e-02 9.25648478e-02 3.83980422e-02 2.93495022e-02
 3.76680265e-02]

 Iteration 900:
############################
Gradient = 
[-0.00885194 -0.03339325 -0.01369081 -0.00564511 -0.02292385 -0.0110494
 -0.00723259 -0.02881577 -0.01416271 -0.00947724 -0.03100102 -0.02001955
  0.0381785   0.01458562  0.0125547   0.01753805  0.01557116  0.10949072
  0.05326107  0.04948514  0.05218054  0.05645675  0.05628698  0.02623115
  0.02493239  0.02347059  0.02665953  0.05141393  0.02662665  0.0234251
  0.02363981  0.02239942  0.20826817  0.07104334  0.05048803  0.07087342
  0.07331926  0.22081501  0.08276581  0.0478285   0.08086901  0.08028244
 -0.07799054 -0.04239069 -0.22801491 -0.12505994 -0.12867055 -0.16170949
 -0.15778859 -0.23680645 -0.14597563 -0.13900226 -0.02697032 -0.09638058
 -0.02860799 -0.02301192  0.05745627]

Gradient approximate =
[ 0.00427957  0.01358461  0.00574552  0.00282923  0.00899644  0.00390564
  0.00356581  0.01034764  0.00496445  0.00510541  0.01412992  0.00709464
 -0.02898444 -0.01765166 -0.01528984 -0.01657252 -0.01881826 -0.03537949
 -0.02132109 -0.01859031  0.18812685  0.06420441  0.03545759  0.0630355
  0.06326608  0.20455409  0.07509347  0.01908104  0.05806785  0.05816667
  0.18965511  0.06478599  0.06957468  0.08538488  0.08302693  0.21242612
  0.0893516   0.06663178  0.08251631  0.0803523   0.03286735  0.01421622
  0.01095103  0.01319733  0.01167581  0.          0.          0.
  0.          0.          0.          0.          0.          0.
  0.          0.          0.        ]

Diff = 
[0.01313151 0.04697785 0.01943634 0.00847433 0.03192029 0.01495504
 0.0107984  0.03916341 0.01912716 0.01458266 0.04513094 0.02711419
 0.06716294 0.03223728 0.02784454 0.03411057 0.03438941 0.14487021
 0.07458216 0.06807545 0.13594631 0.00774766 0.02082939 0.03680435
 0.03833369 0.18108351 0.04843393 0.0323329  0.0314412  0.03474157
 0.1660153  0.04238656 0.13869349 0.01434153 0.03253889 0.14155271
 0.01603234 0.15418323 0.0002495  0.03252381 0.04800166 0.06606621
 0.08894157 0.05558802 0.23969072 0.12505994 0.12867055 0.16170949
 0.15778859 0.23680645 0.14597563 0.13900226 0.02697032 0.09638058
 0.02860799 0.02301192 0.05745627]

 