Iteration 0:
############################
Gradient = 
[ 1.80534919e-04  2.24376051e-03  1.28404681e-04  4.16213149e-04
  1.62688682e-03 -1.10428968e-03 -4.99847203e-04  1.25475460e-04
  1.25875788e-03 -1.33690351e-05  1.03538784e-03 -1.11813790e-03
 -4.05630683e-03 -3.49194248e-03 -1.90786348e-04 -7.05483694e-04
 -1.23444073e-04 -2.02860127e-02 -1.23952053e-02 -1.16484598e-02
 -1.04863618e-02 -1.08484025e-02  2.77284256e-01  1.46610203e-01
  1.29379047e-01  2.69850132e-01  1.42218884e-01  1.28408817e-01
  2.97934201e-01  1.59211170e-01  1.39075727e-01  2.84726087e-01
  1.53613909e-01  1.32712468e-01  2.73133912e-01  1.45246580e-01
  1.27128705e-01]

Gradient approximate =
[ 4.79886531e-05 -3.34885231e-06  7.44429962e-05 -5.68194247e-05
 -2.65893749e-04 -1.24169071e-04 -9.33600575e-05  8.55070370e-05
 -1.28064832e-04 -7.88375165e-05  3.10451310e-01  1.65779430e-01
  1.43490491e-01  3.05794632e-01  1.62439890e-01  1.43424912e-01
  3.04360301e-01  1.62721196e-01  1.44362769e-01  2.85580497e-01
  1.52626787e-01  1.35019384e-01  2.77284256e-01  1.47717881e-01
  1.31019468e-01  0.00000000e+00  0.00000000e+00  0.00000000e+00
  0.00000000e+00  0.00000000e+00  0.00000000e+00  0.00000000e+00
  0.00000000e+00  0.00000000e+00  0.00000000e+00  0.00000000e+00
  0.00000000e+00]

Diff = 
[1.32546266e-04 2.24710936e-03 5.39616848e-05 4.73032573e-04
 1.89278057e-03 9.80120610e-04 4.06487145e-04 3.99684235e-05
 1.38682271e-03 6.54684814e-05 3.09415922e-01 1.66897568e-01
 1.47546798e-01 3.09286574e-01 1.62630676e-01 1.44130395e-01
 3.04483745e-01 1.83007209e-01 1.56757974e-01 2.97228956e-01
 1.63113148e-01 1.45867786e-01 2.37668218e-11 1.10767819e-03
 1.64042125e-03 2.69850132e-01 1.42218884e-01 1.28408817e-01
 2.97934201e-01 1.59211170e-01 1.39075727e-01 2.84726087e-01
 1.53613909e-01 1.32712468e-01 2.73133912e-01 1.45246580e-01
 1.27128705e-01]

 Iteration 100:
############################
Gradient = 
[ 1.08014954e-04  1.47434063e-03  2.89198322e-05 -7.92134454e-05
 -3.98017087e-04 -1.65465000e-03 -2.45303361e-04  2.16053494e-03
  1.53531782e-03 -1.68631411e-04  9.23464183e-04 -1.26845695e-03
 -8.03327220e-03 -5.25139961e-03 -2.04143505e-03 -2.43025785e-03
 -1.81137986e-03 -2.88707373e-03 -1.88589577e-03 -3.42584174e-03
  6.73298885e-04 -1.49525665e-03  3.11233298e-01  1.66227443e-01
  1.48692583e-01  3.09352961e-01  1.67496290e-01  1.48579171e-01
  3.06849791e-01  1.62303677e-01  1.44611916e-01  2.86718675e-01
  1.55850746e-01  1.35599974e-01  1.63418973e-01  8.21530929e-02
  7.20370221e-02]

Gradient approximate =
[-3.91135591e-05 -2.44492544e-04 -5.24999244e-05 -2.57963892e-04
 -8.63681464e-04 -4.18007704e-04  1.55100122e-04  8.04346303e-04
  2.26489179e-04 -7.21457805e-05  3.11154972e-01  1.67053400e-01
  1.46086031e-01  3.08461627e-01  1.65052257e-01  1.45688137e-01
  3.06068596e-01  1.74061415e-01  1.50782900e-01  2.91209139e-01
  1.59885314e-01  1.40891244e-01  3.11233298e-01  1.66709930e-01
  1.47479499e-01  0.00000000e+00  0.00000000e+00  0.00000000e+00
  0.00000000e+00  0.00000000e+00  0.00000000e+00  0.00000000e+00
  0.00000000e+00  0.00000000e+00  0.00000000e+00  0.00000000e+00
  0.00000000e+00]

Diff = 
[1.47128513e-04 1.71883317e-03 8.14197566e-05 1.78750447e-04
 4.65664377e-04 1.23664230e-03 4.00403483e-04 1.35618864e-03
 1.30882864e-03 9.64856310e-05 3.10231508e-01 1.68321857e-01
 1.54119304e-01 3.13713027e-01 1.67093692e-01 1.48118394e-01
 3.07879976e-01 1.76948489e-01 1.52668796e-01 2.94634981e-01
 1.59212015e-01 1.42386501e-01 1.34895983e-11 4.82487498e-04
 1.21308390e-03 3.09352961e-01 1.67496290e-01 1.48579171e-01
 3.06849791e-01 1.62303677e-01 1.44611916e-01 2.86718675e-01
 1.55850746e-01 1.35599974e-01 1.63418973e-01 8.21530929e-02
 7.20370221e-02]

 Iteration 200:
############################
Gradient = 
[ 3.97717417e-05  1.02363950e-03 -1.51885504e-05 -1.20165492e-04
 -5.62679816e-04 -1.66949876e-03 -8.65940822e-05  3.21697735e-03
  1.57720400e-03 -1.07841956e-04  1.37693743e-03 -1.22889732e-03
 -4.52632510e-03 -2.93943182e-03 -3.16259152e-04 -5.90963074e-05
  2.00526077e-04  1.59543154e-03  8.91529271e-04 -1.21986922e-03
  3.54162230e-03  9.92924640e-04  3.11907694e-01  1.67504727e-01
  1.49272002e-01  3.10890799e-01  1.69228406e-01  1.49468332e-01
  3.07290750e-01  1.63425301e-01  1.44971090e-01  2.87221481e-01
  1.56891729e-01  1.35961769e-01  6.23798679e-02  2.43850006e-02
  2.08202791e-02]

Gradient approximate =
[-4.99331931e-05 -2.76566474e-04 -6.95456648e-05 -2.77223535e-04
 -9.42556082e-04 -4.47316906e-04  1.83365156e-04  9.17677077e-04
  2.68301885e-04 -6.95398183e-05  3.11837336e-01  1.68306019e-01
  1.46787873e-01  3.10155007e-01  1.66879531e-01  1.46706692e-01
  3.06646878e-01  1.76475167e-01  1.51873478e-01  2.92336003e-01
  1.61745723e-01  1.41914216e-01  3.11907694e-01  1.67946992e-01
  1.47925637e-01  0.00000000e+00  0.00000000e+00  0.00000000e+00
  0.00000000e+00  0.00000000e+00  0.00000000e+00  0.00000000e+00
  0.00000000e+00  0.00000000e+00  0.00000000e+00  0.00000000e+00
  0.00000000e+00]

Diff = 
[8.97049348e-05 1.30020598e-03 5.43571144e-05 1.57058043e-04
 3.79876266e-04 1.22218186e-03 2.69959239e-04 2.29930027e-03
 1.30890211e-03 3.83021376e-05 3.10460399e-01 1.69534916e-01
 1.51314198e-01 3.13094438e-01 1.67195790e-01 1.46765788e-01
 3.06446352e-01 1.74879736e-01 1.50981949e-01 2.93555872e-01
 1.58204100e-01 1.40921292e-01 8.81444917e-12 4.42264753e-04
 1.34636533e-03 3.10890799e-01 1.69228406e-01 1.49468332e-01
 3.07290750e-01 1.63425301e-01 1.44971090e-01 2.87221481e-01
 1.56891729e-01 1.35961769e-01 6.23798679e-02 2.43850006e-02
 2.08202791e-02]

 Iteration 300:
############################
Gradient = 
[-8.91682685e-05  2.97940616e-04 -1.24309567e-04 -1.53687210e-04
 -7.20479637e-04 -1.66052837e-03  2.28612010e-04  4.75396063e-03
  1.82192051e-03  3.55742447e-05  2.07832392e-03 -1.07213834e-03
  3.44871633e-03  1.85155560e-03  3.45436264e-03  4.86862224e-03
  4.41831908e-03  9.50726819e-03  5.53501714e-03  2.54532857e-03
  8.29835907e-03  5.13514386e-03  3.11698777e-01  1.67219129e-01
  1.48148525e-01  3.10519470e-01  1.68819541e-01  1.48251483e-01
  3.05688258e-01  1.62276110e-01  1.43188876e-01  2.85938708e-01
  1.55894775e-01  1.34356011e-01 -1.82338855e-02 -2.28188678e-02
 -2.06928290e-02]

Gradient approximate =
[-4.80958073e-05 -2.72593292e-04 -7.60399899e-05 -2.80513754e-04
 -9.58721793e-04 -4.49247219e-04  1.44707808e-04  7.73800382e-04
  2.32511863e-04 -9.11851727e-05  3.11542555e-01  1.67974773e-01
  1.44897701e-01  3.09355592e-01  1.66142441e-01  1.45105237e-01
  3.04655248e-01  1.74940426e-01  1.49865246e-01  2.90825155e-01
  1.60537334e-01  1.40100299e-01  3.11698777e-01  1.67667165e-01
  1.46845198e-01  0.00000000e+00  0.00000000e+00  0.00000000e+00
  0.00000000e+00  0.00000000e+00  0.00000000e+00  0.00000000e+00
  0.00000000e+00  0.00000000e+00  0.00000000e+00  0.00000000e+00
  0.00000000e+00]

Diff = 
[4.10724612e-05 5.70533908e-04 4.82695775e-05 1.26826544e-04
 2.38242156e-04 1.21128115e-03 8.39042018e-05 3.98016025e-03
 1.58940865e-03 1.26759417e-04 3.09464231e-01 1.69046912e-01
 1.41448985e-01 3.07504036e-01 1.62688079e-01 1.40236615e-01
 3.00236929e-01 1.65433158e-01 1.44330229e-01 2.88279826e-01
 1.52238974e-01 1.34965155e-01 2.13022378e-11 4.48036219e-04
 1.30332762e-03 3.10519470e-01 1.68819541e-01 1.48251483e-01
 3.05688258e-01 1.62276110e-01 1.43188876e-01 2.85938708e-01
 1.55894775e-01 1.34356011e-01 1.82338855e-02 2.28188678e-02
 2.06928290e-02]

 Iteration 400:
############################
Gradient = 
[-2.79288337e-04 -7.93736860e-04 -2.77504566e-04 -2.09496509e-04
 -1.05668079e-03 -1.64363139e-03  5.18794864e-04  5.97233312e-03
  2.07371519e-03  1.53735224e-04  2.52401432e-03 -9.07775343e-04
  1.28451374e-02  7.35578680e-03  7.82251299e-03  1.04126591e-02
  9.21128163e-03  1.78018618e-02  1.02878085e-02  6.43039068e-03
  1.30215112e-02  9.31420452e-03  3.10279397e-01  1.64731648e-01
  1.44835951e-01  3.07476193e-01  1.65385738e-01  1.44287888e-01
  3.01432061e-01  1.58066877e-01  1.38730728e-01  2.82473429e-01
  1.52222748e-01  1.30357628e-01 -7.70559034e-02 -5.77798841e-02
 -5.10768650e-02]

Gradient approximate =
[-1.79005188e-05 -1.77678843e-04 -5.51954482e-05 -2.51895484e-04
 -8.51477413e-04 -4.02444869e-04  3.42141360e-05  3.48908984e-04
  1.10151219e-04 -1.30202442e-04  3.09967934e-01  1.65430379e-01
  1.39713632e-01  3.05141074e-01  1.61848486e-01  1.40130258e-01
  2.99345554e-01  1.68027192e-01  1.43857161e-01  2.85953075e-01
  1.55257933e-01  1.34701286e-01  3.10279397e-01  1.65243902e-01
  1.43821398e-01  0.00000000e+00  0.00000000e+00  0.00000000e+00
  0.00000000e+00  0.00000000e+00  0.00000000e+00  0.00000000e+00
  0.00000000e+00  0.00000000e+00  0.00000000e+00  0.00000000e+00
  0.00000000e+00]

Diff = 
[2.61387818e-04 6.16058017e-04 2.22309118e-04 4.23989759e-05
 2.05203381e-04 1.24118652e-03 4.84580728e-04 5.62342413e-03
 1.96356398e-03 2.83937667e-04 3.07443920e-01 1.66338154e-01
 1.26868494e-01 2.97785287e-01 1.54025973e-01 1.29717599e-01
 2.90134272e-01 1.50225330e-01 1.33569352e-01 2.79522684e-01
 1.42236422e-01 1.25387082e-01 6.36440900e-12 5.12254448e-04
 1.01455350e-03 3.07476193e-01 1.65385738e-01 1.44287888e-01
 3.01432061e-01 1.58066877e-01 1.38730728e-01 2.82473429e-01
 1.52222748e-01 1.30357628e-01 7.70559034e-02 5.77798841e-02
 5.10768650e-02]

 Iteration 500:
############################
Gradient = 
[-5.53877360e-04 -2.40038123e-03 -4.86735786e-04 -3.27860063e-04
 -1.78089524e-03 -1.65469724e-03  6.57414810e-04  6.32106928e-03
  2.19854393e-03  1.63923246e-04  2.33732375e-03 -8.21423653e-04
  2.17859613e-02  1.25389729e-02  1.19218604e-02  1.54140054e-02
  1.36055214e-02  2.47021728e-02  1.41782335e-02  9.61945725e-03
  1.66537985e-02  1.26293411e-02  3.07805037e-01  1.60138708e-01
  1.39590079e-01  3.01814086e-01  1.59008692e-01  1.37842577e-01
  2.94779319e-01  1.51018038e-01  1.31972965e-01  2.77151922e-01
  1.46120627e-01  1.24351515e-01 -1.17401940e-01 -8.16687261e-02
 -7.15485144e-02]

Gradient approximate =
[ 7.45316164e-05  1.34992724e-04  3.19940274e-05 -1.63068834e-04
 -5.15078704e-04 -2.75162988e-04 -9.95091831e-05 -1.78060695e-04
 -4.55734517e-05 -1.47632659e-04  3.07415087e-01  1.60812005e-01
  1.31672611e-01  2.97655423e-01  1.54157071e-01  1.32170932e-01
  2.91071624e-01  1.56086146e-01  1.34288973e-01  2.78103149e-01
  1.46278756e-01  1.26187386e-01  3.07805037e-01  1.60764598e-01
  1.39109156e-01  0.00000000e+00  0.00000000e+00  0.00000000e+00
  0.00000000e+00  0.00000000e+00  0.00000000e+00  0.00000000e+00
  0.00000000e+00  0.00000000e+00  0.00000000e+00  0.00000000e+00
  0.00000000e+00]

Diff = 
[6.28408976e-04 2.53537396e-03 5.18729814e-04 1.64791229e-04
 1.26581654e-03 1.37953425e-03 7.56923993e-04 6.49912998e-03
 2.24411738e-03 3.11555905e-04 3.05077764e-01 1.61633429e-01
 1.09886650e-01 2.85116450e-01 1.42235211e-01 1.16756926e-01
 2.77466102e-01 1.31383973e-01 1.20110739e-01 2.68483691e-01
 1.29624957e-01 1.13558045e-01 1.02906572e-11 6.25890970e-04
 4.80923033e-04 3.01814086e-01 1.59008692e-01 1.37842577e-01
 2.94779319e-01 1.51018038e-01 1.31972965e-01 2.77151922e-01
 1.46120627e-01 1.24351515e-01 1.17401940e-01 8.16687261e-02
 7.15485144e-02]

 Iteration 600:
############################
Gradient = 
[-9.17039534e-04 -4.55409042e-03 -7.50253775e-04 -5.25287092e-04
 -2.98153384e-03 -1.70933195e-03  6.03737383e-04  5.62440229e-03
  2.15636881e-03  3.98494368e-05  1.39885896e-03 -8.39424986e-04
  2.94957585e-02  1.70328622e-02  1.54335144e-02  1.94596774e-02
  1.72517117e-02  2.95977572e-02  1.69259282e-02  1.18659270e-02
  1.89234899e-02  1.48330702e-02  3.04689854e-01  1.53903341e-01
  1.33005144e-01  2.93992097e-01  1.50264250e-01  1.29602528e-01
  2.86402261e-01  1.41842919e-01  1.23694562e-01  2.70614612e-01
  1.38236725e-01  1.17057013e-01 -1.44157824e-01 -9.69831091e-02
 -8.45180037e-02]

Gradient approximate =
[ 2.69616569e-04  8.17637982e-04  2.32929482e-04  1.87679627e-05
  1.71942045e-04 -3.20833116e-05 -1.86098417e-04 -5.43956045e-04
 -1.54908970e-04 -9.27298149e-05  3.04488694e-01  1.54637404e-01
  1.21737275e-01  2.87560381e-01  1.43806836e-01  1.22136567e-01
  2.80705333e-01  1.40358714e-01  1.22208821e-01  2.68162434e-01
  1.34605245e-01  1.15558777e-01  3.04689854e-01  1.54678218e-01
  1.33272840e-01  0.00000000e+00  0.00000000e+00  0.00000000e+00
  0.00000000e+00  0.00000000e+00  0.00000000e+00  0.00000000e+00
  0.00000000e+00  0.00000000e+00  0.00000000e+00  0.00000000e+00
  0.00000000e+00]

Diff = 
[1.18665610e-03 5.37172841e-03 9.83183257e-04 5.44055055e-04
 3.15347589e-03 1.67724864e-03 7.89835800e-04 6.16835834e-03
 2.31127778e-03 1.32579252e-04 3.03089835e-01 1.55476829e-01
 9.22415167e-02 2.70527519e-01 1.28373321e-01 1.02676889e-01
 2.63453621e-01 1.10760957e-01 1.05282892e-01 2.56296506e-01
 1.15681755e-01 1.00725707e-01 1.07026055e-11 7.74876093e-04
 2.67695906e-04 2.93992097e-01 1.50264250e-01 1.29602528e-01
 2.86402261e-01 1.41842919e-01 1.23694562e-01 2.70614612e-01
 1.38236725e-01 1.17057013e-01 1.44157824e-01 9.69831091e-02
 8.45180037e-02]

 Iteration 700:
############################
Gradient = 
[-1.34934416e-03 -7.15926868e-03 -1.04692119e-03 -7.95217806e-04
 -4.63263623e-03 -1.80174346e-03  3.77077498e-04  3.97637048e-03
  1.97047443e-03 -2.03718878e-04 -2.21224566e-04 -9.45928259e-04
  3.58400247e-02  2.08443705e-02  1.83575077e-02  2.25749390e-02
  2.01652222e-02  3.25572885e-02  1.86313098e-02  1.32473559e-02
  1.99985072e-02  1.60450732e-02  3.01397660e-01  1.46543791e-01
  1.25690432e-01  2.84556287e-01  1.39838064e-01  1.20294600e-01
  2.77030791e-01  1.31330117e-01  1.14680397e-01  2.63506021e-01
  1.29247313e-01  1.09168549e-01 -1.61698287e-01 -1.06198456e-01
 -9.23338987e-02]

Gradient approximate =
[ 5.96931833e-04  1.98038386e-03  5.82706714e-04  3.18172060e-04
  1.29899005e-03  3.52169152e-04 -1.65937000e-04 -5.24115678e-04
 -1.49104853e-04  7.48447193e-05  3.01803100e-01  1.47467497e-01
  1.10905185e-01  2.75612032e-01  1.31651151e-01  1.10966321e-01
  2.69176875e-01  1.22244130e-01  1.08693526e-01  2.57047171e-01
  1.21281335e-01  1.03805662e-01  3.01397660e-01  1.47497907e-01
  1.26891979e-01  0.00000000e+00  0.00000000e+00  0.00000000e+00
  0.00000000e+00  0.00000000e+00  0.00000000e+00  0.00000000e+00
  0.00000000e+00  0.00000000e+00  0.00000000e+00  0.00000000e+00
  0.00000000e+00]

Diff = 
[1.94627599e-03 9.13965254e-03 1.62962791e-03 1.11338987e-03
 5.93162628e-03 2.15391261e-03 5.43014498e-04 4.50048616e-03
 2.11957929e-03 2.78563597e-04 3.02024324e-01 1.48413425e-01
 7.50651600e-02 2.54767661e-01 1.13293644e-01 8.83913820e-02
 2.49011653e-01 8.96868418e-02 9.00622162e-02 2.43799815e-01
 1.01282827e-01 8.77605887e-02 8.68727312e-12 9.54115550e-04
 1.20154764e-03 2.84556287e-01 1.39838064e-01 1.20294600e-01
 2.77030791e-01 1.31330117e-01 1.14680397e-01 2.63506021e-01
 1.29247313e-01 1.09168549e-01 1.61698287e-01 1.06198456e-01
 9.23338987e-02]

 Iteration 800:
############################
Gradient = 
[-1.81831733e-03 -1.00427342e-02 -1.34719839e-03 -1.12050389e-03
 -6.64991690e-03 -1.91754049e-03  2.12702079e-05  1.59234800e-03
  1.68704733e-03 -5.36041248e-04 -2.37176147e-03 -1.11066370e-03
  4.09296370e-02  2.41059584e-02  2.08113732e-02  2.49487731e-02
  2.24955804e-02  3.39109903e-02  1.95173731e-02  1.39540528e-02
  2.01891194e-02  1.65064236e-02  2.98330379e-01  1.38478752e-01
  1.18120426e-01  2.73986511e-01  1.28336496e-01  1.10507134e-01
  2.67276928e-01  1.20139955e-01  1.05540229e-01  2.56333843e-01
  1.19684245e-01  1.01201915e-01 -1.73235697e-01 -1.11219588e-01
 -9.67850342e-02]

Gradient approximate =
[ 1.06630065e-03  3.65657427e-03  1.09331395e-03  7.45345121e-04
  2.90070449e-03  8.86420577e-04 -5.44317036e-06  8.55127524e-06
  1.12708420e-05  3.75326241e-04  2.99834088e-01  1.39741101e-01
  9.99778827e-02  2.62463066e-01  1.18433130e-01  9.94059426e-02
  2.57255071e-01  1.02929865e-01  9.45810639e-02  2.45479263e-01
  1.07110894e-01  9.16667738e-02  2.98330379e-01  1.39651975e-01
  1.20422055e-01  0.00000000e+00  0.00000000e+00  0.00000000e+00
  0.00000000e+00  0.00000000e+00  0.00000000e+00  0.00000000e+00
  0.00000000e+00  0.00000000e+00  0.00000000e+00  0.00000000e+00
  0.00000000e+00]

Diff = 
[2.88461798e-03 1.36993085e-02 2.44051233e-03 1.86584901e-03
 9.55062139e-03 2.80396107e-03 2.67133782e-05 1.58379672e-03
 1.67577649e-03 9.11367489e-04 3.02205850e-01 1.40851765e-01
 5.90482458e-02 2.38357108e-01 9.76217566e-02 7.44571696e-02
 2.34759491e-01 6.90188744e-02 7.50636907e-02 2.31525210e-01
 8.69217747e-02 7.51603502e-02 5.41455769e-13 1.17322303e-03
 2.30162935e-03 2.73986511e-01 1.28336496e-01 1.10507134e-01
 2.67276928e-01 1.20139955e-01 1.05540229e-01 2.56333843e-01
 1.19684245e-01 1.01201915e-01 1.73235697e-01 1.11219588e-01
 9.67850342e-02]

 Iteration 900:
############################
Gradient = 
[-0.00228612 -0.01298999 -0.00162106 -0.00148144 -0.00892644 -0.00204212
 -0.0004169  -0.00128472  0.00135153 -0.00092508 -0.00488492 -0.0013048
  0.04490767  0.02693558  0.02291661  0.02677927  0.02439747  0.03402535
  0.01979458  0.01417547  0.0197899   0.01644936  0.29579532  0.12999384
  0.11061147  0.26266212  0.11624276  0.10065848  0.25759023  0.1087582
  0.09668058  0.24944568  0.10990849  0.09348195 -0.18091766 -0.11335215
 -0.0990842 ]

Gradient approximate =
[0.00166712 0.00579991 0.00175266 0.00129629 0.00495777 0.00156327
 0.00030258 0.00108113 0.00033538 0.00080954 0.29888909 0.13174237
 0.089519   0.24862583 0.10473771 0.08797613 0.24549952 0.08329769
 0.08043063 0.23394545 0.09261521 0.07960218 0.29579532 0.13144842
 0.11416931 0.         0.         0.         0.         0.
 0.         0.         0.         0.         0.         0.
 0.        ]

Diff = 
[3.95323324e-03 1.87898920e-02 3.37371901e-03 2.77772232e-03
 1.38842079e-02 3.60538503e-03 7.19476608e-04 2.36585077e-03
 1.01615174e-03 1.73461614e-03 3.03774008e-01 1.33047173e-01
 4.46113320e-02 2.21690251e-01 8.18211004e-02 6.11968557e-02
 2.21102049e-01 4.92723340e-02 6.06360457e-02 2.19769982e-01
 7.28253107e-02 6.31528236e-02 9.57073309e-12 1.45457533e-03
 3.55783997e-03 2.62662121e-01 1.16242764e-01 1.00658482e-01
 2.57590230e-01 1.08758199e-01 9.66805828e-02 2.49445682e-01
 1.09908492e-01 9.34819516e-02 1.80917661e-01 1.13352148e-01
 9.90841957e-02]

 