Iteration 0:
############################
Gradient = 
[-6.38549369e-05  5.53797153e-03 -1.01950337e-02  7.34750787e-05
 -3.36076906e-03  4.77130525e-03  3.85693016e-03 -8.26375111e-03
  1.18363686e-02 -1.09018282e-03 -1.03662801e-02  3.79732869e-03
  3.01286292e-01  1.57709513e-01  1.41195263e-01  2.89712122e-01
  1.43135678e-01  1.37190202e-01  3.25548922e-01  1.77345373e-01
  1.53665572e-01  3.06727703e-01  1.51705899e-01  1.53227701e-01
  3.14352819e-01  1.62933267e-01  1.58739116e-01]

Gradient approximate =
[ 1.28489075e-04  6.91170572e-04  3.05054026e-05 -1.37577001e-04
 -8.71992976e-04 -1.36755320e-04  3.05941150e-01  1.56264728e-01
  1.48541074e-01  2.86475287e-01  1.46792741e-01  1.38966965e-01
  3.01286293e-01  1.54452388e-01  1.46122800e-01  2.89712122e-01
  1.48288389e-01  1.40381644e-01  3.25548922e-01  1.67084715e-01
  1.58019582e-01  0.00000000e+00  0.00000000e+00  0.00000000e+00
  0.00000000e+00  0.00000000e+00  0.00000000e+00]

Diff = 
[1.92344012e-04 4.84680096e-03 1.02255391e-02 2.11052080e-04
 2.48877608e-03 4.90806057e-03 3.02084219e-01 1.64528479e-01
 1.36704706e-01 2.87565469e-01 1.57159021e-01 1.35169636e-01
 2.48422949e-11 3.25712512e-03 4.92753692e-03 3.03462255e-11
 5.15271003e-03 3.19144191e-03 1.32646116e-11 1.02606584e-02
 4.35401046e-03 3.06727703e-01 1.51705899e-01 1.53227701e-01
 3.14352819e-01 1.62933267e-01 1.58739116e-01]

 Iteration 100:
############################
Gradient = 
[ 0.00075817  0.00726451 -0.00851412 -0.00073262 -0.00554678  0.00360717
 -0.02674759 -0.02231445 -0.00336104 -0.01619412 -0.01666259 -0.00371087
  0.3198655   0.15820113  0.16638211  0.28959932  0.14242412  0.14615278
  0.18460486  0.08187669  0.06690299  0.18430295  0.07451324  0.07039899
  0.23668514  0.11994428  0.09980929]

Gradient approximate =
[ 3.06525632e-04  7.86500940e-04  4.10059249e-04 -4.94713823e-04
 -1.64907013e-03 -6.33659107e-04  2.92551806e-01  1.51796454e-01
  1.43071017e-01  2.99456068e-01  1.55966261e-01  1.46550272e-01
  3.19865499e-01  1.66259221e-01  1.56646972e-01  2.89599324e-01
  1.50393475e-01  1.41700597e-01  1.84604860e-01  9.60269684e-02
  9.03411075e-02  0.00000000e+00  0.00000000e+00  0.00000000e+00
  0.00000000e+00  0.00000000e+00  0.00000000e+00]

Diff = 
[4.51641414e-04 6.47800444e-03 8.92418040e-03 2.37903549e-04
 3.89771177e-03 4.24082638e-03 3.19299396e-01 1.74110903e-01
 1.46432055e-01 3.15650190e-01 1.72628849e-01 1.50261137e-01
 1.44749768e-11 8.05809169e-03 9.73514152e-03 1.63525860e-11
 7.96935680e-03 4.45218242e-03 8.81098250e-11 1.41502752e-02
 2.34381169e-02 1.84302953e-01 7.45132405e-02 7.03989870e-02
 2.36685140e-01 1.19944277e-01 9.98092875e-02]

 Iteration 200:
############################
Gradient = 
[ 0.00046387  0.00523195 -0.00810093 -0.00066597 -0.00435452  0.00361437
 -0.02419317 -0.01852018 -0.00179698 -0.01190214 -0.01271047 -0.00120767
  0.32976574  0.16909924  0.17372754  0.29578168  0.15036569  0.15142565
  0.07515761  0.00707758 -0.00557867  0.08524454  0.00721963  0.00551508
  0.19556865  0.09542106  0.0774073 ]

Gradient approximate =
[ 7.64786168e-05 -3.53232217e-04  2.03580692e-04 -3.43711195e-04
 -6.08135280e-04 -5.67117651e-04  3.08000505e-01  1.63490024e-01
  1.52616935e-01  3.09646647e-01  1.64368192e-01  1.53449962e-01
  3.29765741e-01  1.74730140e-01  1.63596233e-01  2.95781681e-01
  1.56628129e-01  1.46642688e-01  7.51576094e-02  3.97382467e-02
  3.71044515e-02  0.00000000e+00  0.00000000e+00  0.00000000e+00
  0.00000000e+00  0.00000000e+00  0.00000000e+00]

Diff = 
[3.87392697e-04 5.58517916e-03 8.30450708e-03 3.22262249e-04
 3.74638132e-03 4.18148861e-03 3.32193680e-01 1.82010207e-01
 1.54413920e-01 3.21548789e-01 1.77078667e-01 1.54657628e-01
 1.67162395e-11 5.63089625e-03 1.01313072e-02 7.69800890e-12
 6.26243812e-03 4.78295819e-03 1.33776448e-10 3.26606710e-02
 4.26831248e-02 8.52445423e-02 7.21963141e-03 5.51507874e-03
 1.95568646e-01 9.54210567e-02 7.74072997e-02]

 Iteration 300:
############################
Gradient = 
[-3.31454323e-06  2.97378014e-03 -7.88638466e-03 -1.04203462e-04
 -1.71378676e-03  4.17889032e-03 -7.21766655e-03 -8.15940665e-03
  6.51535442e-03  5.56916823e-03 -2.78190083e-03  7.31473267e-03
  3.35491571e-01  1.75646025e-01  1.76950505e-01  2.97487688e-01
  1.53909405e-01  1.52494554e-01 -1.52153566e-02 -6.06014068e-02
 -7.04566226e-02  1.65938369e-03 -5.44354696e-02 -5.32865518e-02
  1.96690238e-01  1.00237116e-01  8.26936690e-02]

Gradient approximate =
[-1.67678349e-04 -1.44656797e-03 -4.63398253e-05 -2.79995271e-05
  1.00507686e-03 -2.87909427e-04  3.24189002e-01  1.74119230e-01
  1.61204971e-01  3.20092436e-01  1.71644946e-01  1.59191524e-01
  3.35491571e-01  1.79707347e-01  1.67030570e-01  2.97487688e-01
  1.59275936e-01  1.48031825e-01 -1.52153564e-02 -8.37970797e-03
 -7.87202137e-03  0.00000000e+00  0.00000000e+00  0.00000000e+00
  0.00000000e+00  0.00000000e+00  0.00000000e+00]

Diff = 
[1.64363806e-04 4.42034811e-03 7.84004483e-03 7.62039347e-05
 2.71886362e-03 4.46679975e-03 3.31406669e-01 1.82278636e-01
 1.54689617e-01 3.14523268e-01 1.74426847e-01 1.51876792e-01
 3.32686656e-11 4.06132284e-03 9.91993426e-03 6.25083318e-12
 5.36653102e-03 4.46272874e-03 1.52792211e-10 5.22216988e-02
 6.25846012e-02 1.65938369e-03 5.44354696e-02 5.32865518e-02
 1.96690238e-01 1.00237116e-01 8.26936690e-02]

 Iteration 400:
############################
Gradient = 
[-0.00054154  0.00068614 -0.00790446  0.00054446  0.00066112  0.00457338
  0.01830746  0.00525315  0.01799708  0.03015454  0.00958117  0.01824599
  0.33291092  0.17361181  0.17217769  0.29114357  0.14940753  0.14604866
 -0.08019923 -0.11519429 -0.12225999 -0.06078162 -0.10508557 -0.10105635
  0.23202279  0.12868872  0.10988107]

Gradient approximate =
[-3.90012003e-04 -2.59287890e-03 -2.37268725e-04  1.96943095e-04
  1.96019032e-03 -4.36337455e-05  3.32558607e-01  1.77725396e-01
  1.63227046e-01  3.22143343e-01  1.71999013e-01  1.58302017e-01
  3.32910919e-01  1.77488870e-01  1.63625907e-01  2.91143566e-01
  1.55150228e-01  1.43023189e-01 -8.01992340e-02 -4.31155074e-02
 -3.98260951e-02  0.00000000e+00  0.00000000e+00  0.00000000e+00
  0.00000000e+00  0.00000000e+00  0.00000000e+00]

Diff = 
[1.51531453e-04 3.27901572e-03 7.66719004e-03 3.47516374e-04
 1.29906888e-03 4.61701618e-03 3.14251151e-01 1.72472248e-01
 1.45229968e-01 2.91988805e-01 1.62417842e-01 1.40056027e-01
 3.05014902e-11 3.87705877e-03 8.55177980e-03 3.20982130e-12
 5.74270246e-03 3.02546910e-03 1.53023386e-10 7.20787791e-02
 8.24338920e-02 6.07816175e-02 1.05085566e-01 1.01056352e-01
 2.32022792e-01 1.28688721e-01 1.09881065e-01]

 Iteration 500:
############################
Gradient = 
[-0.00155628 -0.00311744 -0.0088105   0.00066833  0.00067163  0.00388551
  0.04921911  0.0200759   0.03066137  0.05866548  0.02279261  0.02970795
  0.31994649  0.16110572  0.15787864  0.27529271  0.13554545  0.13109479
 -0.12187584 -0.15499681 -0.15966251 -0.1027632  -0.14245756 -0.13589819
  0.29180089  0.17226678  0.15071062]

Gradient approximate =
[-6.83776877e-04 -4.39869182e-03 -4.19348554e-04  1.21516459e-04
  1.21182171e-03 -2.69611400e-05  3.27749333e-01  1.71029020e-01
  1.55659141e-01  3.10984481e-01  1.62625907e-01  1.48248800e-01
  3.19946488e-01  1.66412692e-01  1.52081540e-01  2.75292715e-01
  1.43108751e-01  1.30775398e-01 -1.21875835e-01 -6.38622411e-02
 -5.84430690e-02  0.00000000e+00  0.00000000e+00  0.00000000e+00
  0.00000000e+00  0.00000000e+00  0.00000000e+00]

Diff = 
[8.72505973e-04 1.28125617e-03 8.39115430e-03 5.46808572e-04
 5.40192112e-04 3.91247255e-03 2.78530221e-01 1.50953121e-01
 1.24997768e-01 2.52318999e-01 1.39833294e-01 1.18540855e-01
 2.15248375e-11 5.30697682e-03 5.79710197e-03 2.69741451e-11
 7.56329784e-03 3.19388508e-04 1.05496070e-10 9.11345656e-02
 1.01219446e-01 1.02763198e-01 1.42457557e-01 1.35898191e-01
 2.91800890e-01 1.72266777e-01 1.50710621e-01]

 Iteration 600:
############################
Gradient = 
[-0.00372799 -0.01056029 -0.0114759  -0.00044186 -0.00375009  0.00122938
  0.08424281  0.0361073   0.04396709  0.08987089  0.03672403  0.04131224
  0.29571319  0.13789216  0.13414853  0.24972565  0.11262031  0.10820156
 -0.14650628 -0.18126398 -0.18413886 -0.1287374  -0.16697926 -0.15850288
  0.36371489  0.21983073  0.19480374]

Gradient approximate =
[-1.06739054e-03 -7.10033109e-03 -5.72166035e-04 -2.52472112e-04
 -1.38068935e-03 -1.96476191e-04  3.07588622e-01  1.53374950e-01
  1.38127220e-01  2.85416896e-01  1.43536414e-01  1.29339737e-01
  2.95713193e-01  1.46397397e-01  1.32614886e-01  2.49725655e-01
  1.23526912e-01  1.11880039e-01 -1.46506281e-01 -7.30916797e-02
 -6.62901001e-02  0.00000000e+00  0.00000000e+00  0.00000000e+00
  0.00000000e+00  0.00000000e+00  0.00000000e+00]

Diff = 
[2.66059725e-03 3.45996293e-03 1.09037355e-02 1.89389872e-04
 2.36940135e-03 1.42585124e-03 2.23345815e-01 1.17267649e-01
 9.41601317e-02 1.95546002e-01 1.06812379e-01 8.80274950e-02
 1.27380884e-11 8.50523305e-03 1.53364738e-03 5.78402604e-11
 1.09066040e-02 3.67847588e-03 7.34672601e-11 1.08172303e-01
 1.17848758e-01 1.28737401e-01 1.66979264e-01 1.58502882e-01
 3.63714892e-01 2.19830725e-01 1.94803744e-01]

 Iteration 700:
############################
Gradient = 
[-0.00779437 -0.02352588 -0.01659699 -0.00354567 -0.01450072 -0.00412436
  0.12127296  0.053426    0.05782853  0.12174413  0.05146132  0.05306551
  0.26043893  0.10520478  0.10244246  0.21534392  0.08230063  0.07918393
 -0.16008702 -0.19568664 -0.19756081 -0.14350353 -0.17996871 -0.1703989
  0.43439609  0.25969296  0.23172964]

Gradient approximate =
[-0.0014346  -0.01026056 -0.00057594 -0.00075257 -0.00513357 -0.0003448
  0.27278981  0.12650273  0.11260414  0.24725569  0.11710276  0.10417339
  0.26043893  0.11893154  0.10687162  0.21534392  0.0981355   0.08813828
 -0.16008702 -0.07367248 -0.06625979  0.          0.          0.
  0.          0.          0.        ]

Diff = 
[6.35976691e-03 1.32653193e-02 1.60210428e-02 2.79310697e-03
 9.36715340e-03 3.77955302e-03 1.51516843e-01 7.30767329e-02
 5.47756085e-02 1.25511559e-01 6.56414427e-02 5.11078796e-02
 5.04050135e-11 1.37267550e-02 4.42915795e-03 7.48735518e-11
 1.58348692e-02 8.95434327e-03 4.93750596e-11 1.22014163e-01
 1.31301028e-01 1.43503532e-01 1.79968713e-01 1.70398904e-01
 4.34396089e-01 2.59692958e-01 2.31729642e-01]

 Iteration 800:
############################
Gradient = 
[-0.01393611 -0.041351   -0.02372078 -0.00906672 -0.03192023 -0.01215862
  0.15508155  0.07100453  0.07161321  0.14951163  0.06601647  0.06442951
  0.21641592  0.06623942  0.06590026  0.17484084  0.04793215  0.04725699
 -0.16676471 -0.19950706 -0.20138904 -0.15067315 -0.18285122 -0.17320225
  0.49327624  0.28328535  0.25434726]

Gradient approximate =
[-0.00163022 -0.01285712 -0.00036833 -0.00118802 -0.0089877  -0.00032082
  0.22738811  0.09461987  0.08329097  0.20125641  0.08774593  0.07715555
  0.21641592  0.08760422  0.07829208  0.17484084  0.07025603  0.06269036
 -0.16676471 -0.06780563 -0.06059715  0.          0.          0.
  0.          0.          0.        ]

Diff = 
[1.23058864e-02 2.84938857e-02 2.33524456e-02 7.87870055e-03
 2.29325309e-02 1.18377997e-02 7.23065659e-02 2.36153388e-02
 1.16777601e-02 5.17447837e-02 2.17294677e-02 1.27260318e-02
 6.54487853e-11 2.13648013e-02 1.23918226e-02 1.00483677e-10
 2.23238789e-02 1.54333705e-02 5.80483994e-11 1.31701432e-01
 1.40791897e-01 1.50673146e-01 1.82851215e-01 1.73202246e-01
 4.93276237e-01 2.83285348e-01 2.54347260e-01]

 Iteration 900:
############################
Gradient = 
[-0.02067052 -0.05717341 -0.029766   -0.01611754 -0.05137243 -0.0207414
  0.17770984  0.08491668  0.0829363   0.16665139  0.07698936  0.07345076
  0.16879049  0.02633054  0.0292952   0.13295274  0.01432394  0.01664972
 -0.16908699 -0.19421128 -0.19726781 -0.15269196 -0.17752743 -0.16887516
  0.53577915  0.28854022  0.26153459]

Gradient approximate =
[-1.57743230e-03 -1.36621974e-02 -1.29982616e-04 -1.46570629e-03
 -1.17917459e-02 -2.30478516e-04  1.78607818e-01  6.37982913e-02
  5.58334871e-02  1.54306112e-01  6.08265230e-02  5.32677691e-02
  1.68790488e-01  5.79043273e-02  5.17508456e-02  1.32952744e-01
  4.44315088e-02  3.95715619e-02 -1.69086987e-01 -5.74437845e-02
 -5.12613818e-02  0.00000000e+00  0.00000000e+00  0.00000000e+00
  0.00000000e+00  0.00000000e+00  0.00000000e+00]

Diff = 
[1.90930869e-02 4.35112076e-02 2.96360200e-02 1.46518365e-02
 3.95806828e-02 2.05109260e-02 8.97978979e-04 2.11183893e-02
 2.71028096e-02 1.23452743e-02 1.61628386e-02 2.01829861e-02
 9.97331384e-11 3.15737851e-02 2.24556456e-02 1.16705312e-10
 3.01075721e-02 2.29218379e-02 4.70384010e-11 1.36767494e-01
 1.46006433e-01 1.52691956e-01 1.77527432e-01 1.68875159e-01
 5.35779151e-01 2.88540216e-01 2.61534595e-01]

 