Iteration 0:
############################
Gradient = 
[ 1.15716369e-04 -2.45227493e-03 -6.57167289e-03 -7.51404806e-06
  4.13903588e-04 -6.24762823e-03  3.43873212e-05 -5.26644328e-03
 -1.95997116e-03  3.38179396e-05  4.76055541e-04 -5.38557461e-04
  3.17861837e-05 -3.57583523e-03  7.26546476e-03  1.15758214e-04
  2.24202515e-03 -1.39526213e-03 -5.06537015e-03  3.70967791e-03
 -2.26934769e-03  5.19986288e-03 -5.76495459e-03  1.00982986e-03
 -7.12463460e-03 -1.23494823e-02 -1.09391883e-02 -5.42421441e-03
 -9.56217258e-03 -5.85319910e-03 -8.36488506e-03 -7.26765514e-03
  2.79655970e-01  1.37375093e-01  1.37609660e-01  2.94936221e-01
  1.52145913e-01  1.40520685e-01  3.02079069e-01  1.54314374e-01
  1.43616369e-01  2.97016521e-01  1.56870189e-01  1.49642194e-01
  2.97897826e-01  1.49503114e-01  1.40591685e-01]

Gradient approximate =
[-1.16220122e-05 -4.79794493e-04 -1.19351209e-04  2.29015695e-06
  2.11387263e-05 -3.18874283e-05  2.36991649e-05 -3.68675215e-04
 -6.13479134e-05 -2.49517829e-05  5.19629961e-05 -8.53117577e-07
  4.56829019e-06 -2.28480233e-04  3.26133283e-01  1.66987005e-01
  1.60780735e-01  3.04966617e-01  1.59701779e-01  1.51725977e-01
  3.08566839e-01  1.59666410e-01  1.52544353e-01  3.10491127e-01
  1.59926487e-01  1.56384790e-01  2.78572997e-01  1.44303294e-01
  1.37812576e-01  2.15686304e-03  1.89217294e-03  2.20904809e-03
  0.00000000e+00  0.00000000e+00  0.00000000e+00  0.00000000e+00
  0.00000000e+00  0.00000000e+00  0.00000000e+00  0.00000000e+00
  0.00000000e+00  0.00000000e+00  0.00000000e+00  0.00000000e+00
  0.00000000e+00  0.00000000e+00  0.00000000e+00]

Diff = 
[1.27338381e-04 1.97248044e-03 6.45232168e-03 9.80420501e-06
 3.92764862e-04 6.21574081e-03 1.06881563e-05 4.89776806e-03
 1.89862325e-03 5.87697224e-05 4.24092544e-04 5.37704344e-04
 2.72178935e-05 3.34735500e-03 3.18867819e-01 1.66871247e-01
 1.58538710e-01 3.06361879e-01 1.64767149e-01 1.48016299e-01
 3.10836186e-01 1.54466547e-01 1.58309308e-01 3.09481298e-01
 1.67051121e-01 1.68734272e-01 2.89512185e-01 1.49727508e-01
 1.47374748e-01 8.01006214e-03 1.02570580e-02 9.47670324e-03
 2.79655970e-01 1.37375093e-01 1.37609660e-01 2.94936221e-01
 1.52145913e-01 1.40520685e-01 3.02079069e-01 1.54314374e-01
 1.43616369e-01 2.97016521e-01 1.56870189e-01 1.49642194e-01
 2.97897826e-01 1.49503114e-01 1.40591685e-01]

 Iteration 100:
############################
Gradient = 
[-1.52616067e-05 -2.82645836e-03 -6.19044234e-03 -2.55139590e-07
  4.07041125e-04 -5.78245107e-03  1.11056638e-05 -5.11191600e-03
 -1.78305825e-03 -1.93975746e-05  3.32921835e-04 -5.83449735e-04
 -1.08590407e-06 -3.50061888e-03  6.72538033e-03 -4.44346004e-05
  1.64713960e-03 -1.50861101e-03  2.28139765e-03  6.52078943e-03
  9.40854570e-04  7.96204488e-03 -1.87354877e-03  4.37571434e-03
 -3.17290855e-03  3.49163008e-03 -3.48804517e-03  1.67411740e-03
 -2.28032598e-03  2.09689226e-03 -6.10731628e-04  7.90217209e-04
  3.24178873e-01  1.64938160e-01  1.61226072e-01  3.04196846e-01
  1.55889374e-01  1.54788845e-01  3.05973226e-01  1.63460802e-01
  1.47153380e-01  3.07748862e-01  1.52935332e-01  1.54020996e-01
  2.77777469e-01  1.42310203e-01  1.32725422e-01]

Gradient approximate =
[-1.52616053e-05 -4.35192962e-04 -1.11199601e-04 -2.55184762e-07
  9.00129971e-06 -3.19082982e-05  1.11056386e-05 -3.54416507e-04
 -6.40073416e-05 -1.93975835e-05  5.03403141e-05  1.74782189e-06
 -1.08591358e-06 -2.17249567e-04  3.24182053e-01  1.65366491e-01
  1.59504826e-01  3.04171860e-01  1.57892518e-01  1.50691592e-01
  3.07056320e-01  1.58003720e-01  1.51322468e-01  3.08933136e-01
  1.58305355e-01  1.54799426e-01  2.79243131e-01  1.43841730e-01
  1.37765742e-01  1.80125814e-03  1.58080535e-03  1.84280738e-03
  0.00000000e+00  0.00000000e+00  0.00000000e+00  0.00000000e+00
  0.00000000e+00  0.00000000e+00  0.00000000e+00  0.00000000e+00
  0.00000000e+00  0.00000000e+00  0.00000000e+00  0.00000000e+00
  0.00000000e+00  0.00000000e+00  0.00000000e+00]

Diff = 
[1.37161608e-12 2.39126540e-03 6.07924274e-03 4.51721480e-11
 3.98039825e-04 5.75054278e-03 2.51433563e-11 4.75749949e-03
 1.71905091e-03 8.91340119e-12 2.82581521e-04 5.85197557e-04
 9.50838415e-12 3.28336931e-03 3.17456673e-01 1.65410926e-01
 1.57857686e-01 3.05680471e-01 1.55611120e-01 1.44170802e-01
 3.06115466e-01 1.50041675e-01 1.53196017e-01 3.04557421e-01
 1.61478264e-01 1.51307796e-01 2.82731176e-01 1.42167613e-01
 1.40046068e-01 2.95634121e-04 2.19153697e-03 1.05259017e-03
 3.24178873e-01 1.64938160e-01 1.61226072e-01 3.04196846e-01
 1.55889374e-01 1.54788845e-01 3.05973226e-01 1.63460802e-01
 1.47153380e-01 3.07748862e-01 1.52935332e-01 1.54020996e-01
 2.77777469e-01 1.42310203e-01 1.32725422e-01]

 Iteration 200:
############################
Gradient = 
[-1.68402162e-05 -2.57821029e-03 -5.73152029e-03 -1.51970732e-06
  3.70509131e-04 -5.36076554e-03  2.77467105e-06 -4.71929273e-03
 -1.65287260e-03 -1.46618170e-05  3.07210683e-04 -5.38970095e-04
 -4.38933893e-06 -3.23123029e-03  6.23459278e-03 -3.33159467e-05
  1.54753498e-03 -1.39047737e-03  1.69850910e-03  5.77445208e-03
  6.11677746e-04  7.10869004e-03 -2.02344362e-03  3.77680502e-03
 -3.22365952e-03  2.92819941e-03 -3.45542059e-03  1.30616333e-03
 -2.32172249e-03  1.66391838e-03 -8.12124577e-04  4.44151207e-04
  3.22370843e-01  1.63508061e-01  1.59968299e-01  3.03539747e-01
  1.54862491e-01  1.53796826e-01  3.05029209e-01  1.61832911e-01
  1.46649685e-01  3.06765715e-01  1.52159547e-01  1.53077072e-01
  2.78746131e-01  1.42174952e-01  1.33198770e-01]

Gradient approximate =
[-1.68402359e-05 -3.90947112e-04 -1.02310387e-04 -1.51971991e-06
  1.79377624e-06 -3.08630965e-05  2.77467382e-06 -3.32935537e-04
 -6.35378083e-05 -1.46618118e-05  4.87944796e-05  3.86218835e-06
 -4.38937331e-06 -2.01992354e-04  3.22372440e-01  1.63944589e-01
  1.58388729e-01  3.03523477e-01  1.56432327e-01  1.49880629e-01
  3.05841301e-01  1.56659418e-01  1.50373701e-01  3.07658362e-01
  1.56994932e-01  1.53533826e-01  2.79981965e-01  1.43562738e-01
  1.37849596e-01  1.50979589e-03  1.32530405e-03  1.54287174e-03
  0.00000000e+00  0.00000000e+00  0.00000000e+00  0.00000000e+00
  0.00000000e+00  0.00000000e+00  0.00000000e+00  0.00000000e+00
  0.00000000e+00  0.00000000e+00  0.00000000e+00  0.00000000e+00
  0.00000000e+00  0.00000000e+00  0.00000000e+00]

Diff = 
[1.96897115e-11 2.18726318e-03 5.62920990e-03 1.25893055e-11
 3.68715355e-04 5.32990244e-03 2.77426537e-12 4.38635720e-03
 1.58933479e-03 5.26826792e-12 2.58416203e-04 5.42832284e-04
 3.43837382e-11 3.02923794e-03 3.16137848e-01 1.63977905e-01
 1.56841194e-01 3.04913954e-01 1.54733818e-01 1.44106177e-01
 3.05229623e-01 1.49550728e-01 1.52397145e-01 3.03881557e-01
 1.60218591e-01 1.50605626e-01 2.83437385e-01 1.42256575e-01
 1.40171318e-01 1.54122489e-04 2.13742863e-03 1.09872054e-03
 3.22370843e-01 1.63508061e-01 1.59968299e-01 3.03539747e-01
 1.54862491e-01 1.53796826e-01 3.05029209e-01 1.61832911e-01
 1.46649685e-01 3.06765715e-01 1.52159547e-01 1.53077072e-01
 2.78746131e-01 1.42174952e-01 1.33198770e-01]

 Iteration 300:
############################
Gradient = 
[-1.71713788e-05 -2.35019875e-03 -5.30591900e-03 -2.01954001e-06
  3.39679138e-04 -4.96920438e-03 -2.54164866e-06 -4.35154356e-03
 -1.53022873e-03 -1.08212599e-05  2.82928707e-04 -4.98305338e-04
 -6.15789493e-06 -2.97971879e-03  5.78059536e-03 -2.47784748e-05
  1.44903072e-03 -1.28317957e-03  1.24119489e-03  5.13702673e-03
  3.61663098e-04  6.37141262e-03 -2.10042279e-03  3.28040725e-03
 -3.20864650e-03  2.48051646e-03 -3.38032513e-03  1.01518368e-03
 -2.31779167e-03  1.32004254e-03 -9.48050342e-04  1.82485138e-04
  3.20692331e-01  1.62256923e-01  1.58880392e-01  3.03013014e-01
  1.54055412e-01  1.53009901e-01  3.04281901e-01  1.60485940e-01
  1.46338910e-01  3.05978790e-01  1.51596419e-01  1.52359129e-01
  2.79742241e-01  1.42181845e-01  1.33765652e-01]

Gradient approximate =
[-1.71713932e-05 -3.48951441e-04 -9.33494704e-05 -2.01954231e-06
 -2.24315011e-06 -2.92408542e-05 -2.54163135e-06 -3.07605419e-04
 -6.10590933e-05 -1.08212173e-05  4.67926653e-05  5.37565992e-06
 -6.15789642e-06 -1.84935898e-04  3.20693476e-01  1.62699807e-01
  1.57428620e-01  3.03003130e-01  1.55278387e-01  1.49279372e-01
  3.04880379e-01  1.55592189e-01  1.49673848e-01  3.06641071e-01
  1.55960442e-01  1.52571914e-01  2.80794855e-01  1.43453284e-01
  1.38069618e-01  1.27820346e-03  1.12262140e-03  1.30449463e-03
  0.00000000e+00  0.00000000e+00  0.00000000e+00  0.00000000e+00
  0.00000000e+00  0.00000000e+00  0.00000000e+00  0.00000000e+00
  0.00000000e+00  0.00000000e+00  0.00000000e+00  0.00000000e+00
  0.00000000e+00  0.00000000e+00  0.00000000e+00]

Diff = 
[1.43622340e-11 2.00124731e-03 5.21256953e-03 2.30581470e-12
 3.41922288e-04 4.93996353e-03 1.73141806e-11 4.04393814e-03
 1.46916963e-03 4.25991296e-11 2.36136042e-04 5.03680998e-04
 1.48540480e-12 2.79478289e-03 3.14912880e-01 1.62724585e-01
 1.55979589e-01 3.04286309e-01 1.54037192e-01 1.44142345e-01
 3.04518715e-01 1.49220776e-01 1.51774271e-01 3.03360664e-01
 1.59169089e-01 1.50091397e-01 2.84175180e-01 1.42438100e-01
 1.40387410e-01 4.18390794e-05 2.07067174e-03 1.12200949e-03
 3.20692331e-01 1.62256923e-01 1.58880392e-01 3.03013014e-01
 1.54055412e-01 1.53009901e-01 3.04281901e-01 1.60485940e-01
 1.46338910e-01 3.05978790e-01 1.51596419e-01 1.52359129e-01
 2.79742241e-01 1.42181845e-01 1.33765652e-01]

 Iteration 400:
############################
Gradient = 
[-1.67800416e-05 -2.14187624e-03 -4.91160653e-03 -2.12108681e-06
  3.12832537e-04 -4.60590945e-03 -5.83122711e-06 -4.00932678e-03
 -1.41543961e-03 -7.80674214e-06  2.59838874e-04 -4.61134901e-04
 -6.98879881e-06 -2.74631434e-03  5.36019667e-03 -1.83019815e-05
  1.35293572e-03 -1.18544268e-03  8.82863059e-04  4.58987707e-03
  1.73569750e-04  5.73138232e-03 -2.12296895e-03  2.86689830e-03
 -3.14604167e-03  2.12388708e-03 -3.27509685e-03  7.84965480e-04
 -2.28056199e-03  1.04649234e-03 -1.03406882e-03 -1.35790684e-05
  3.19134247e-01  1.61155263e-01  1.57933274e-01  3.02589562e-01
  1.53421466e-01  1.52385093e-01  3.03689538e-01  1.59364716e-01
  1.46173290e-01  3.05345768e-01  1.51195777e-01  1.51815822e-01
  2.80743948e-01  1.42293402e-01  1.34393343e-01]

Gradient approximate =
[-1.67800707e-05 -3.10170578e-04 -8.47254045e-05 -2.12106999e-06
 -4.46736204e-06 -2.73887135e-05 -5.83128656e-06 -2.80995247e-04
 -5.74679015e-05 -7.80677301e-06  4.41946857e-05  6.33240793e-06
 -6.98879399e-06 -1.67674572e-04  3.19135534e-01  1.61603006e-01
  1.56597001e-01  3.02584239e-01  1.54365880e-01  1.48841210e-01
  3.04119856e-01  1.54744102e-01  1.49166231e-01  3.05826299e-01
  1.55142053e-01  1.51845430e-01  2.81650340e-01  1.43470037e-01
  1.38386963e-01  1.09370547e-03  9.61534510e-04  1.11451856e-03
  0.00000000e+00  0.00000000e+00  0.00000000e+00  0.00000000e+00
  0.00000000e+00  0.00000000e+00  0.00000000e+00  0.00000000e+00
  0.00000000e+00  0.00000000e+00  0.00000000e+00  0.00000000e+00
  0.00000000e+00  0.00000000e+00  0.00000000e+00]

Diff = 
[2.90442206e-11 1.83170567e-03 4.82688112e-03 1.68266092e-11
 3.17299899e-04 4.57852074e-03 5.94585394e-11 3.72833153e-03
 1.35797171e-03 3.08677099e-11 2.15644188e-04 4.67467308e-04
 4.81912308e-12 2.57863977e-03 3.13775337e-01 1.61621308e-01
 1.55244066e-01 3.03769682e-01 1.53483017e-01 1.44251333e-01
 3.03946286e-01 1.49012720e-01 1.51289200e-01 3.02959401e-01
 1.58288094e-01 1.49721543e-01 2.84925437e-01 1.42685072e-01
 1.40667525e-01 4.72131363e-05 1.99560333e-03 1.12809762e-03
 3.19134247e-01 1.61155263e-01 1.57933274e-01 3.02589562e-01
 1.53421466e-01 1.52385093e-01 3.03689538e-01 1.59364716e-01
 1.46173290e-01 3.05345768e-01 1.51195777e-01 1.51815822e-01
 2.80743948e-01 1.42293402e-01 1.34393343e-01]

 Iteration 500:
############################
Gradient = 
[-1.59895822e-05 -1.95216159e-03 -4.54650870e-03 -2.03146770e-06
  2.88921882e-04 -4.26900688e-03 -7.76002505e-06 -3.69227988e-03
 -1.30848492e-03 -5.50049716e-06  2.37934053e-04 -4.27115260e-04
 -7.25372703e-06 -2.53053884e-03  4.97064930e-03 -1.34390811e-05
  1.26026575e-03 -1.09615775e-03  6.02656982e-04  4.11783224e-03
  3.38389925e-05  5.17314316e-03 -2.10537075e-03  2.52063453e-03
 -3.04976283e-03  1.83894137e-03 -3.14929559e-03  6.02737481e-04
 -2.21941902e-03  8.28513268e-04 -1.08230857e-03 -1.58730832e-04
  3.17688172e-01  1.60179381e-01  1.57103576e-01  3.02248254e-01
  1.52924092e-01  1.51888595e-01  3.03219282e-01  1.58425583e-01
  1.46115858e-01  3.04833497e-01  1.50918751e-01  1.51407126e-01
  2.81735196e-01  1.42480590e-01  1.35056868e-01]

Gradient approximate =
[-1.59895985e-05 -2.74971677e-04 -7.66488184e-05 -2.03146611e-06
 -5.66776182e-06 -2.54970778e-05 -7.76000153e-06 -2.54661623e-04
 -5.33378386e-05 -5.50050894e-06  4.10822620e-05  6.82490509e-06
 -7.25370430e-06 -1.51082671e-04  3.17689881e-01  1.60630796e-01
  1.55871961e-01  3.02246098e-01  1.53644052e-01  1.48529626e-01
  3.03517485e-01  1.54069539e-01  1.48806700e-01  3.05170904e-01
  1.54493077e-01  1.51301101e-01  2.82524706e-01  1.43579376e-01
  1.38771571e-01  9.46283660e-04  8.33210732e-04  9.62635658e-04
  0.00000000e+00  0.00000000e+00  0.00000000e+00  0.00000000e+00
  0.00000000e+00  0.00000000e+00  0.00000000e+00  0.00000000e+00
  0.00000000e+00  0.00000000e+00  0.00000000e+00  0.00000000e+00
  0.00000000e+00  0.00000000e+00  0.00000000e+00]

Diff = 
[1.62972244e-11 1.67718991e-03 4.46985989e-03 1.59495090e-12
 2.94589644e-04 4.24350980e-03 2.35244699e-11 3.43761826e-03
 1.25514709e-03 1.17812900e-11 1.96851791e-04 4.33940165e-04
 2.27243503e-11 2.37945617e-03 3.12719231e-01 1.60644235e-01
 1.54611695e-01 3.03342256e-01 1.53041395e-01 1.44411793e-01
 3.03483646e-01 1.48896395e-01 1.50912070e-01 3.02650269e-01
 1.57542840e-01 1.49462159e-01 2.85674001e-01 1.42976639e-01
 1.40990990e-01 1.17770393e-04 1.91551930e-03 1.12136649e-03
 3.17688172e-01 1.60179381e-01 1.57103576e-01 3.02248254e-01
 1.52924092e-01 1.51888595e-01 3.03219282e-01 1.58425583e-01
 1.46115858e-01 3.04833497e-01 1.50918751e-01 1.51407126e-01
 2.81735196e-01 1.42480590e-01 1.35056868e-01]

 Iteration 600:
############################
Gradient = 
[-1.49974439e-05 -1.77972264e-03 -4.20858798e-03 -1.86417642e-06
  2.67299345e-04 -3.95667129e-03 -8.77867404e-06 -3.39943917e-03
 -1.20914183e-03 -3.77455728e-06  2.17285365e-04 -3.95917587e-04
 -7.18365206e-06 -2.33153416e-03  4.60953491e-03 -9.82061225e-06
  1.17174212e-03 -1.01437307e-03  3.84167285e-04  3.70850857e-03
 -6.82081571e-05  4.68397011e-03 -2.05866886e-03  2.22910499e-03
 -2.93044866e-03  1.61043748e-03 -3.01029825e-03  4.58416330e-04
 -2.14166663e-03  6.54479521e-04 -1.10222628e-03 -2.64467659e-04
  3.16346269e-01  1.59310109e-01  1.56372430e-01  3.01972502e-01
  1.52534556e-01  1.51493749e-01  3.02845252e-01  1.57633862e-01
  1.46138002e-01  3.04415961e-01  1.50735192e-01  1.51101809e-01
  2.82704393e-01  1.42720957e-01  1.35737309e-01]

Gradient approximate =
[-1.49974522e-05 -2.43378881e-04 -6.92114921e-05 -1.86417104e-06
 -6.29674757e-06 -2.36644659e-05 -8.77866890e-06 -2.29508081e-04
 -4.90302399e-05 -3.77456066e-06  3.76185505e-05  6.95667302e-06
 -7.18364035e-06 -1.35602694e-04  3.16348497e-01  1.59764269e-01
  1.55235927e-01  3.01972468e-01  1.53073019e-01  1.48315960e-01
  3.03039939e-01  1.53532463e-01  1.48560804e-01  3.04640949e-01
  1.53976982e-01  1.50897272e-01  2.83400248e-01  1.43755229e-01
  1.39200257e-01  8.28056179e-04  7.30677534e-04  8.40745085e-04
  0.00000000e+00  0.00000000e+00  0.00000000e+00  0.00000000e+00
  0.00000000e+00  0.00000000e+00  0.00000000e+00  0.00000000e+00
  0.00000000e+00  0.00000000e+00  0.00000000e+00  0.00000000e+00
  0.00000000e+00  0.00000000e+00  0.00000000e+00]

Diff = 
[8.25864949e-12 1.53634376e-03 4.13937648e-03 5.37732959e-12
 2.73596092e-04 3.93300682e-03 5.13963660e-12 3.16993109e-03
 1.16011159e-03 3.38090868e-12 1.79666814e-04 4.02874260e-04
 1.17085604e-11 2.19593147e-03 3.11738962e-01 1.59774090e-01
 1.54064185e-01 3.02986841e-01 1.52688851e-01 1.44607452e-01
 3.03108148e-01 1.48848493e-01 1.50619472e-01 3.02411844e-01
 1.56907430e-01 1.49286835e-01 2.86410546e-01 1.43296812e-01
 1.41341924e-01 1.73576658e-04 1.83290382e-03 1.10521274e-03
 3.16346269e-01 1.59310109e-01 1.56372430e-01 3.01972502e-01
 1.52534556e-01 1.51493749e-01 3.02845252e-01 1.57633862e-01
 1.46138002e-01 3.04415961e-01 1.50735192e-01 1.51101809e-01
 2.82704393e-01 1.42720957e-01 1.35737309e-01]

 Iteration 700:
############################
Gradient = 
[-1.39226626e-05 -1.62314413e-03 -3.89588800e-03 -1.67846328e-06
  2.47553964e-04 -3.66715988e-03 -9.19309361e-06 -3.12950930e-03
 -1.11706999e-03 -2.50928803e-06  1.97968811e-04 -3.67243876e-04
 -6.92171046e-06 -2.14825945e-03  4.27468921e-03 -7.15031481e-06
  1.08782625e-03 -9.39276441e-04  2.14452983e-04  3.35177261e-03
 -1.40988586e-04  4.25335786e-03 -1.99137919e-03  1.98227725e-03
 -2.79620279e-03  1.42635908e-03 -2.86375959e-03  3.44031236e-04
 -2.05296065e-03  5.15216526e-04 -1.10118597e-03 -3.39793742e-04
  3.15101224e-01  1.58531848e-01  1.55724545e-01  3.01749225e-01
  1.52230211e-01  1.51179495e-01  3.02547015e-01  1.56961914e-01
  1.46217615e-01  3.04072725e-01  1.50621711e-01  1.50875509e-01
  2.83643388e-01  1.42997201e-01  1.36420478e-01]

Gradient approximate =
[-1.39227052e-05 -2.15228508e-04 -6.24352570e-05 -1.67845515e-06
 -6.60879573e-06 -2.19373009e-05 -9.19309517e-06 -2.06019881e-04
 -4.47672721e-05 -2.50926835e-06  3.39773698e-05  6.82379930e-06
 -6.92170987e-06 -1.21421786e-04  3.15103969e-01  1.58988043e-01
  1.54674736e-01  3.01750546e-01  1.52621351e-01  1.48177710e-01
  3.02660891e-01  1.53104350e-01  1.48401649e-01  3.04209711e-01
  1.53565117e-01  1.50601360e-01  2.84263938e-01  1.43977429e-01
  1.39655249e-01  7.32809800e-04  6.48422507e-04  7.42468371e-04
  0.00000000e+00  0.00000000e+00  0.00000000e+00  0.00000000e+00
  0.00000000e+00  0.00000000e+00  0.00000000e+00  0.00000000e+00
  0.00000000e+00  0.00000000e+00  0.00000000e+00  0.00000000e+00
  0.00000000e+00  0.00000000e+00  0.00000000e+00]

Diff = 
[4.26345013e-11 1.40791562e-03 3.83345274e-03 8.13149864e-12
 2.54162760e-04 3.64522258e-03 1.55994662e-12 2.92348942e-03
 1.07230272e-03 1.96842528e-11 1.63991442e-04 3.74067675e-04
 5.84659365e-13 2.02683766e-03 3.10829280e-01 1.58995193e-01
 1.53586909e-01 3.02689822e-01 1.52406898e-01 1.44825938e-01
 3.02801879e-01 1.48850992e-01 1.50393028e-01 3.02227434e-01
 1.56361320e-01 1.49175001e-01 2.87127698e-01 1.43633397e-01
 1.41708209e-01 2.17593273e-04 1.74960847e-03 1.08226211e-03
 3.15101224e-01 1.58531848e-01 1.55724545e-01 3.01749225e-01
 1.52230211e-01 1.51179495e-01 3.02547015e-01 1.56961914e-01
 1.46217615e-01 3.04072725e-01 1.50621711e-01 1.50875509e-01
 2.83643388e-01 1.42997201e-01 1.36420478e-01]

 Iteration 800:
############################
Gradient = 
[-1.28356796e-05 -1.48102422e-03 -3.60655698e-03 -1.50280037e-06
  2.29414534e-04 -3.39882872e-03 -9.21149159e-06 -2.88103506e-03
 -1.03186649e-03 -1.60104272e-06  1.80034273e-04 -3.40831698e-04
 -6.55620817e-06 -1.97960827e-03  3.96415212e-03 -5.19514900e-06
  1.00876653e-03 -8.70174984e-04  8.32905342e-05  3.03931268e-03
 -1.91136526e-04  3.87261101e-03 -1.91005016e-03  1.77208745e-03
 -2.65316523e-03  1.27722472e-03 -2.71397331e-03  2.53279087e-04
 -1.95764919e-03  4.03478598e-04 -1.08490663e-03 -3.91758232e-04
  3.13946207e-01  1.57831831e-01  1.55147479e-01  3.01568071e-01
  1.51993179e-01  1.50929181e-01  3.02308427e-01  1.56387646e-01
  1.46337661e-01  3.03787733e-01  1.50560179e-01  1.50709249e-01
  2.84546685e-01  1.43296064e-01  1.37095901e-01]

Gradient approximate =
[-1.28356481e-05 -1.90263483e-04 -5.63027336e-05 -1.50282009e-06
 -6.74439393e-06 -2.03329020e-05 -9.21148935e-06 -1.84417936e-04
 -4.06802547e-05 -1.60104374e-06  3.03110870e-05  6.50842047e-06
 -6.55619559e-06 -1.08580234e-04  3.13949416e-01  1.58289518e-01
  1.54176908e-01  3.01570192e-01  1.52264231e-01  1.48097212e-01
  3.02359511e-01  1.52762583e-01  1.48308248e-01  3.03856135e-01
  1.53234990e-01  1.50387894e-01  2.85106385e-01  1.44230444e-01
  1.40123035e-01  6.55642842e-04  5.82086186e-04  6.62777999e-04
  0.00000000e+00  0.00000000e+00  0.00000000e+00  0.00000000e+00
  0.00000000e+00  0.00000000e+00  0.00000000e+00  0.00000000e+00
  0.00000000e+00  0.00000000e+00  0.00000000e+00  0.00000000e+00
  0.00000000e+00  0.00000000e+00  0.00000000e+00]

Diff = 
[3.15346800e-11 1.29076074e-03 3.55025424e-03 1.97242250e-11
 2.36158928e-04 3.37849582e-03 2.24444058e-12 2.69661712e-03
 9.91186235e-04 1.02333356e-12 1.49723186e-04 3.47340118e-04
 1.25837919e-11 1.87102804e-03 3.09985264e-01 1.58294713e-01
 1.53168142e-01 3.02440367e-01 1.52180941e-01 1.45057899e-01
 3.02550647e-01 1.48889972e-01 1.50218298e-01 3.02084048e-01
 1.55888155e-01 1.49110669e-01 2.87820359e-01 1.43977165e-01
 1.42080684e-01 2.52164244e-04 1.66699282e-03 1.05453623e-03
 3.13946207e-01 1.57831831e-01 1.55147479e-01 3.01568071e-01
 1.51993179e-01 1.50929181e-01 3.02308427e-01 1.56387646e-01
 1.46337661e-01 3.03787733e-01 1.50560179e-01 1.50709249e-01
 2.84546685e-01 1.43296064e-01 1.37095901e-01]

 Iteration 900:
############################
Gradient = 
[-1.17769916e-05 -1.35202728e-03 -3.33885799e-03 -1.34872808e-06
  2.12692043e-04 -3.15013860e-03 -8.97579602e-06 -2.65250941e-03
 -9.53101142e-04 -9.64083228e-07  1.63496525e-04 -3.16453269e-04
 -6.14124549e-06 -1.82447649e-03  3.67613357e-03 -3.77457320e-06
  9.34645498e-04 -8.06475741e-04 -1.74068899e-05  2.76429513e-03
 -2.23878238e-04  3.53451328e-03 -1.81969461e-03  1.59203990e-03
 -2.50595364e-03  1.15555316e-03 -2.56415797e-03  1.81176958e-04
 -1.85904245e-03  3.13542332e-04 -1.05781183e-03 -4.25873552e-04
  3.12874839e-01  1.57199541e-01  1.54631066e-01  3.01420813e-01
  1.51809322e-01  1.50729636e-01  3.02116722e-01  1.55893355e-01
  1.46485068e-01  3.03548380e-01  1.50536578e-01  1.50588282e-01
  2.85410816e-01  1.43607457e-01  1.37755996e-01]

Gradient approximate =
[-1.17769794e-05 -1.68189447e-04 -5.07757414e-05 -1.34875000e-06
 -6.77871093e-06 -1.88529170e-05 -8.97579344e-06 -1.64758993e-04
 -3.68415742e-05 -9.64093250e-07  2.67396949e-05  6.07603967e-06
 -6.14124307e-06 -9.70363323e-05  3.12878437e-01  1.57658312e-01
  1.53733103e-01  3.01423345e-01  1.51982033e-01  1.48060616e-01
  3.02119314e-01  1.52489217e-01  1.48264247e-01  3.03563632e-01
  1.52968929e-01  1.50236990e-01  2.85921024e-01  1.44502384e-01
  1.40593465e-01  5.92687628e-04  5.28223028e-04  5.97711007e-04
  0.00000000e+00  0.00000000e+00  0.00000000e+00  0.00000000e+00
  0.00000000e+00  0.00000000e+00  0.00000000e+00  0.00000000e+00
  0.00000000e+00  0.00000000e+00  0.00000000e+00  0.00000000e+00
  0.00000000e+00  0.00000000e+00  0.00000000e+00]

Diff = 
[1.21817641e-11 1.18383783e-03 3.28808225e-03 2.19182745e-11
 2.19470753e-04 3.13128568e-03 2.58181840e-12 2.48775041e-03
 9.16259568e-04 1.00212191e-11 1.36756830e-04 3.22529309e-04
 2.41614377e-12 1.72744015e-03 3.09202303e-01 1.57662087e-01
 1.52798457e-01 3.02229821e-01 1.51999439e-01 1.45296321e-01
 3.02343192e-01 1.48954704e-01 1.50083941e-01 3.01971592e-01
 1.55474882e-01 1.49081437e-01 2.88485182e-01 1.44321207e-01
 1.42452507e-01 2.79145296e-04 1.58603486e-03 1.02358456e-03
 3.12874839e-01 1.57199541e-01 1.54631066e-01 3.01420813e-01
 1.51809322e-01 1.50729636e-01 3.02116722e-01 1.55893355e-01
 1.46485068e-01 3.03548380e-01 1.50536578e-01 1.50588282e-01
 2.85410816e-01 1.43607457e-01 1.37755996e-01]

 