Iteration 0:
############################
Gradient = 
[ 2.18098987e-05  2.43075693e-03  3.38218295e-03  1.78896178e-05
 -3.67347293e-03  3.66281929e-03 -2.92133237e-04 -7.55164265e-03
 -1.94396647e-03 -6.25890612e-05  8.15241377e-04 -6.23238327e-03
  3.17293919e-04 -3.40509887e-03 -6.36385632e-03  3.89850886e-05
 -1.42086045e-03 -5.52125537e-03  7.48818989e-03  9.77852836e-03
  2.57268237e-03  1.04930707e-03  9.06854756e-03  1.07956347e-02
  9.81090064e-03  9.96053576e-03  6.12249768e-03  5.12440406e-03
  4.86571747e-03  3.74466386e-03  6.01710617e-03  1.45534983e-03
 -1.38907458e-02 -3.27866185e-03 -6.87215096e-03 -9.86688993e-04
 -3.56304565e-03 -6.41183949e-03 -4.27322979e-03 -1.66278357e-03
 -4.10388946e-04  2.45794381e-03 -7.32383152e-03  1.30743049e-03
 -8.24660029e-03  2.40220878e-03 -8.23271372e-04  6.29224969e-03
  5.27221186e-03 -6.73178315e-03  1.45398482e-04  4.98732312e-03
 -5.16702470e-03  4.40194594e-03  4.73688863e-03  5.13884069e-03
 -4.64036399e-03  1.11790479e-03  5.16044684e-03  7.03328355e-03
  3.08844365e-01  1.65951852e-01  1.45773722e-01  1.67771563e-01
  1.51959787e-01  1.61940102e-01  1.55856676e-01  3.22114602e-01
  1.76474466e-01  1.59165895e-01  1.68478354e-01  1.51769742e-01
  1.71345083e-01  1.60245279e-01  2.52455899e-01  1.41643715e-01
  1.24026111e-01  1.30386002e-01  1.19323346e-01  1.24583548e-01
  1.19819780e-01  2.92020588e-01  1.61332337e-01  1.48194426e-01
  1.53883123e-01  1.33888901e-01  1.44998144e-01  1.52128435e-01
  3.43037332e-01  1.87557147e-01  1.72933026e-01  1.86652005e-01
  1.68925482e-01  1.74245383e-01  1.75542640e-01]

Gradient approximate =
[ 4.77686828e-04  2.30438751e-03  7.20541131e-04  3.01517911e-04
  1.49811389e-03  4.92092953e-04 -3.13146891e-04 -1.97245946e-03
 -5.39899603e-04  6.01240457e-05  5.52883515e-04  1.51671142e-05
  4.42657893e-04  1.83239860e-03  7.27751721e-04 -9.80075576e-05
  2.55167201e-04 -1.19991386e-04  3.07003617e-03  1.69607246e-03
  1.31112759e-03  1.08333334e-03  1.50142133e-03  1.19449602e-03
  1.32928139e-03  1.05275710e-02  5.24385849e-03  5.12073788e-03
  4.85050166e-03  4.99007466e-03  4.90735276e-03  4.82366083e-03
  3.92026870e-03  2.06079322e-03  1.78808579e-03  1.62187019e-03
  1.88642832e-03  1.63677862e-03  1.73470237e-03 -7.86473682e-04
 -3.70786157e-04 -5.41054406e-04  2.95826512e-01  1.60537414e-01
  1.44058467e-01  1.60048899e-01  1.55374757e-01  1.59040532e-01
  1.54433992e-01  2.90493560e-01  1.60966809e-01  1.44394126e-01
  1.59943361e-01  1.43950552e-01  1.50283613e-01  1.46173628e-01
  2.87231492e-01  1.58052193e-01  1.41497718e-01  1.57203508e-01
  1.36270492e-01  1.45910508e-01  1.42526350e-01  3.32503015e-01
  1.80699715e-01  1.62144295e-01  1.80015751e-01  1.59670339e-01
  1.70616828e-01  1.66575686e-01  2.80736952e-01  1.52420908e-01
  1.36973312e-01  1.52037562e-01  1.34483215e-01  1.44060872e-01
  1.40579910e-01  0.00000000e+00  0.00000000e+00  0.00000000e+00
  0.00000000e+00  0.00000000e+00  0.00000000e+00  0.00000000e+00
  0.00000000e+00  0.00000000e+00  0.00000000e+00  0.00000000e+00
  0.00000000e+00  0.00000000e+00  0.00000000e+00  0.00000000e+00
  0.00000000e+00  0.00000000e+00  0.00000000e+00]

Diff = 
[4.55876929e-04 1.26369413e-04 2.66164182e-03 2.83628293e-04
 5.17158682e-03 3.17072633e-03 2.10136541e-05 5.57918319e-03
 1.40406686e-03 1.22713107e-04 2.62357862e-04 6.24755038e-03
 1.25363974e-04 5.23749746e-03 7.09160804e-03 1.36992646e-04
 1.67602766e-03 5.40126398e-03 4.41815373e-03 8.08245590e-03
 1.26155478e-03 3.40262638e-05 7.56712624e-03 9.60113863e-03
 8.48161925e-03 5.67035266e-04 8.78639192e-04 3.66617811e-06
 1.52158113e-05 1.24541081e-03 1.10975341e-03 3.36831101e-03
 1.78110145e-02 5.33945507e-03 8.66023675e-03 2.60855918e-03
 5.44947397e-03 8.04861811e-03 6.00793215e-03 8.76309887e-04
 3.96027890e-05 2.99899821e-03 3.03150343e-01 1.59229984e-01
 1.52305068e-01 1.57646690e-01 1.56198028e-01 1.52748283e-01
 1.49161781e-01 2.97225343e-01 1.60821411e-01 1.39406802e-01
 1.65110386e-01 1.39548606e-01 1.45546724e-01 1.41034787e-01
 2.91871856e-01 1.56934288e-01 1.36337271e-01 1.50170225e-01
 1.72573873e-01 2.00413439e-02 3.24737177e-03 1.64731452e-01
 2.87399280e-02 2.04193361e-04 2.41590746e-02 1.62444263e-01
 5.85763744e-03 7.40979057e-03 1.12258598e-01 6.51165953e-04
 3.43717710e-02 8.20771733e-03 1.17972685e-01 2.41715692e-03
 1.65537997e-02 1.30386002e-01 1.19323346e-01 1.24583548e-01
 1.19819780e-01 2.92020588e-01 1.61332337e-01 1.48194426e-01
 1.53883123e-01 1.33888901e-01 1.44998144e-01 1.52128435e-01
 3.43037332e-01 1.87557147e-01 1.72933026e-01 1.86652005e-01
 1.68925482e-01 1.74245383e-01 1.75542640e-01]

 Iteration 100:
############################
Gradient = 
[-6.59009196e-04  5.87453247e-04  2.57793743e-03 -7.11481870e-04
 -5.30085231e-03  2.78612675e-03  9.36318491e-04 -3.81841072e-03
 -8.08098706e-04 -5.07574364e-04 -2.14844909e-04 -6.22146962e-03
  2.67405856e-04 -3.28920709e-03 -5.69503346e-03 -6.20566503e-04
 -2.80996978e-03 -5.72632264e-03 -6.61547855e-03  2.36633862e-03
 -4.01999407e-03 -4.98271439e-03  2.13627288e-03  4.00606415e-03
  3.07550281e-03 -5.68406495e-03 -2.08090756e-03 -2.21031577e-03
 -1.68383218e-03 -3.54599356e-03 -6.84898321e-04 -5.19153016e-03
 -7.59830237e-03 -1.84642634e-04 -3.84151870e-03  1.40676015e-03
 -5.85088245e-04 -3.50745803e-03 -1.44523620e-03 -3.65311182e-02
 -1.72356504e-02 -1.38196710e-02 -2.16141498e-02 -1.43756642e-02
 -2.24695102e-02 -1.27319074e-02 -9.47582335e-03  1.55346160e-03
  7.25192097e-04 -1.01951349e-02 -4.00172938e-03  5.91439638e-04
 -8.78696231e-03 -1.08686718e-02 -2.98763291e-03 -2.21351976e-03
 -1.07909155e-02 -5.92633429e-03 -1.81358070e-03 -1.28322206e-04
  3.03496236e-01  1.67408293e-01  1.41829088e-01  1.68236860e-01
  1.49948852e-01  1.61906506e-01  1.57831995e-01  2.87488942e-01
  1.56723498e-01  1.45362750e-01  1.51666888e-01  1.38889672e-01
  1.49729758e-01  1.47581272e-01  2.12188385e-01  1.14692750e-01
  1.06867756e-01  1.20182548e-01  8.33532812e-02  9.46844070e-02
  9.12873104e-02  1.61815480e-01  8.02902970e-02  7.00890781e-02
  7.71520304e-02  6.50211704e-02  7.26280213e-02  7.24543990e-02
  1.30130199e-01  5.76109905e-02  5.82605119e-02  5.84256199e-02
  3.79297580e-02  6.08573755e-02  5.68607958e-02]

Gradient approximate =
[ 4.28149591e-04  2.08784462e-03  6.22474576e-04  7.59171925e-05
  6.09914526e-04  2.30508315e-04  1.38171690e-04 -6.80681822e-05
 -6.60573418e-05 -8.75894268e-05 -8.06927414e-05 -7.78979170e-05
  7.31767964e-04  3.02567183e-03  8.71005772e-04 -2.19082277e-04
 -3.29118999e-04 -9.31788402e-05  1.26474580e-04  1.64834528e-04
 -2.36769182e-05 -1.11241827e-04  9.08665787e-05 -4.65091410e-05
  3.03902437e-05  1.08982704e-02  5.46695668e-03  5.20887764e-03
  4.88675445e-03  5.21658833e-03  4.98951215e-03  4.98676298e-03
  1.29783875e-02  6.72021667e-03  6.07620487e-03  5.48136949e-03
  6.14805108e-03  5.52231365e-03  5.75451964e-03 -1.92007442e-02
 -9.80328927e-03 -9.08249881e-03  2.95168691e-01  1.55510229e-01
  1.39504250e-01  1.55922926e-01  1.60967022e-01  1.61560563e-01
  1.57686280e-01  2.91977971e-01  1.61292392e-01  1.44773190e-01
  1.60704398e-01  1.53244431e-01  1.53534087e-01  1.49833164e-01
  2.85154084e-01  1.57881758e-01  1.41420872e-01  1.57280652e-01
  1.38153858e-01  1.43822875e-01  1.41008978e-01  3.32158217e-01
  1.80388766e-01  1.61935287e-01  1.80158341e-01  1.63856801e-01
  1.70332626e-01  1.66984652e-01  2.85466321e-01  1.54921394e-01
  1.39201618e-01  1.54882549e-01  1.40625192e-01  1.46375723e-01
  1.43460951e-01  0.00000000e+00  0.00000000e+00  0.00000000e+00
  0.00000000e+00  0.00000000e+00  0.00000000e+00  0.00000000e+00
  0.00000000e+00  0.00000000e+00  0.00000000e+00  0.00000000e+00
  0.00000000e+00  0.00000000e+00  0.00000000e+00  0.00000000e+00
  0.00000000e+00  0.00000000e+00  0.00000000e+00]

Diff = 
[1.08715879e-03 1.50039137e-03 1.95546285e-03 7.87399062e-04
 5.91076684e-03 2.55561843e-03 7.98146802e-04 3.75034254e-03
 7.42041365e-04 4.19984937e-04 1.34152168e-04 6.14357170e-03
 4.64362108e-04 6.31487892e-03 6.56603923e-03 4.01484226e-04
 2.48085078e-03 5.63314380e-03 6.74195313e-03 2.20150409e-03
 3.99631715e-03 4.87147257e-03 2.04540631e-03 4.05257329e-03
 3.04511257e-03 1.65823354e-02 7.54786424e-03 7.41919340e-03
 6.57058663e-03 8.76258189e-03 5.67441047e-03 1.01782931e-02
 2.05766899e-02 6.90485931e-03 9.91772357e-03 4.07460934e-03
 6.73313932e-03 9.02977168e-03 7.19975584e-03 1.73303740e-02
 7.43236112e-03 4.73717222e-03 3.16782841e-01 1.69885893e-01
 1.61973760e-01 1.68654834e-01 1.70442846e-01 1.60007101e-01
 1.56961088e-01 3.02173106e-01 1.65294122e-01 1.44181751e-01
 1.69491361e-01 1.64113103e-01 1.56521720e-01 1.52046684e-01
 2.95945000e-01 1.63808092e-01 1.43234452e-01 1.57408974e-01
 1.65342378e-01 2.35854181e-02 8.20110666e-04 1.63921357e-01
 3.04399142e-02 2.87810009e-05 2.23263463e-02 1.23632142e-01
 1.36091287e-02 2.16219019e-02 1.33799433e-01 1.60317226e-02
 1.05281401e-02 7.30127710e-03 7.15631929e-02 3.16829735e-02
 3.65931953e-02 1.20182548e-01 8.33532812e-02 9.46844070e-02
 9.12873104e-02 1.61815480e-01 8.02902970e-02 7.00890781e-02
 7.71520304e-02 6.50211704e-02 7.26280213e-02 7.24543990e-02
 1.30130199e-01 5.76109905e-02 5.82605119e-02 5.84256199e-02
 3.79297580e-02 6.08573755e-02 5.68607958e-02]

 Iteration 200:
############################
Gradient = 
[-2.88889508e-04  2.67664513e-03  3.22244635e-03 -5.44954266e-04
 -3.48842758e-03  3.25375226e-03  5.07700318e-04 -5.42878553e-03
 -1.56169838e-03 -2.77118752e-04  1.20678095e-03 -5.22015031e-03
  2.74492946e-04 -2.76009184e-03 -5.20070603e-03 -3.52922924e-04
 -1.06584656e-03 -4.69588639e-03  2.54874168e-03  6.80467264e-03
  4.71602446e-04 -8.75475371e-04  6.17859698e-03  7.48705345e-03
  6.78825486e-03  5.32328548e-05  1.02103267e-03  5.54706481e-04
  7.22090837e-04 -6.50684742e-04  1.66558281e-03 -2.37439694e-03
  1.28170562e-03  4.31003553e-03  4.96649123e-04  4.91460897e-03
  3.52592940e-03  3.90463075e-04  2.46695085e-03 -2.54016816e-02
 -1.00266015e-02 -7.81121881e-03 -1.59244365e-02 -8.38456563e-03
 -1.68080734e-02 -7.34668173e-03 -5.36836700e-03  3.68539016e-03
  2.54202867e-03 -7.95784955e-03 -1.87821093e-03  1.99252477e-03
 -6.50341829e-03 -5.20697605e-03  2.19948226e-04  5.30290540e-04
 -7.84356544e-03 -2.95220980e-03  4.41795232e-04  2.20311302e-03
  3.15292115e-01  1.74678797e-01  1.49887266e-01  1.75854224e-01
  1.62324233e-01  1.69130981e-01  1.65147661e-01  2.93124426e-01
  1.59944262e-01  1.48747702e-01  1.55683821e-01  1.47977694e-01
  1.54041967e-01  1.51902018e-01  1.38503273e-01  7.50025446e-02
  7.13777866e-02  8.03373932e-02  2.62104567e-02  4.45050848e-02
  4.38192770e-02  1.33986310e-02 -1.21811410e-02 -1.48181693e-02
 -1.56111927e-02 -3.00043884e-02 -1.54688681e-02 -1.32603547e-02
  1.62330273e-02 -1.51354066e-02 -8.77284406e-03 -1.47172512e-02
 -3.12423828e-02 -4.70198719e-03 -7.08753575e-03]

Gradient approximate =
[ 5.25768387e-04  2.46824736e-03  7.44378066e-04  1.42715808e-04
  8.39760910e-04  2.93657376e-04 -5.66539482e-06 -4.43991952e-04
 -1.67886911e-04 -3.64341890e-07  2.94925002e-04  4.54044446e-05
  7.15718926e-04  2.99805357e-03  8.70574639e-04 -1.17586707e-04
  5.31068922e-05  2.26962582e-05  3.26303691e-03  1.77921264e-03
  1.47015877e-03  1.22500528e-03  1.56960041e-03  1.29594022e-03
  1.42600117e-03  1.27257367e-02  6.41812578e-03  6.09678170e-03
  5.65760564e-03  6.07938872e-03  5.76049125e-03  5.80506380e-03
  1.48585525e-02  7.67314178e-03  7.01751420e-03  6.32103255e-03
  7.05071511e-03  6.37033675e-03  6.63085916e-03 -1.52056228e-02
 -7.72456549e-03 -7.24182568e-03  3.08628536e-01  1.63687335e-01
  1.47662152e-01  1.64417612e-01  1.74649698e-01  1.69903693e-01
  1.66072435e-01  2.98554538e-01  1.65201996e-01  1.49151666e-01
  1.65045947e-01  1.63441829e-01  1.58575364e-01  1.54977830e-01
  2.95850991e-01  1.63972336e-01  1.47788202e-01  1.63812449e-01
  1.48599755e-01  1.50129381e-01  1.47315817e-01  3.37332468e-01
  1.83057031e-01  1.65240312e-01  1.83339139e-01  1.72792559e-01
  1.74428217e-01  1.71152582e-01  2.91150894e-01  1.57902218e-01
  1.42648889e-01  1.58287651e-01  1.49004052e-01  1.50546802e-01
  1.47687339e-01  0.00000000e+00  0.00000000e+00  0.00000000e+00
  0.00000000e+00  0.00000000e+00  0.00000000e+00  0.00000000e+00
  0.00000000e+00  0.00000000e+00  0.00000000e+00  0.00000000e+00
  0.00000000e+00  0.00000000e+00  0.00000000e+00  0.00000000e+00
  0.00000000e+00  0.00000000e+00  0.00000000e+00]

Diff = 
[8.14657895e-04 2.08397771e-04 2.47806829e-03 6.87670074e-04
 4.32818849e-03 2.96009488e-03 5.13365713e-04 4.98479357e-03
 1.39381147e-03 2.76754411e-04 9.11855945e-04 5.26555475e-03
 4.41225980e-04 5.75814541e-03 6.07128067e-03 2.35336217e-04
 1.11895345e-03 4.71858265e-03 7.14295236e-04 5.02546001e-03
 9.98556328e-04 2.10048065e-03 4.60899658e-03 6.19111323e-03
 5.36225369e-03 1.26725039e-02 5.39709311e-03 5.54207522e-03
 4.93551480e-03 6.73007346e-03 4.09490844e-03 8.17946075e-03
 1.35768468e-02 3.36310625e-03 6.52086508e-03 1.40642358e-03
 3.52478571e-03 5.97987368e-03 4.16390831e-03 1.01960588e-02
 2.30203605e-03 5.69393134e-04 3.24552973e-01 1.72071901e-01
 1.64470225e-01 1.71764294e-01 1.80018065e-01 1.66218303e-01
 1.63530406e-01 3.06512387e-01 1.67080207e-01 1.47159141e-01
 1.71549365e-01 1.68648805e-01 1.58355416e-01 1.54447539e-01
 3.03694556e-01 1.66924546e-01 1.47346407e-01 1.61609336e-01
 1.66692360e-01 2.45494155e-02 2.57144924e-03 1.61478244e-01
 2.07327979e-02 3.89066917e-03 1.81914776e-02 1.20331867e-01
 1.44839556e-02 2.24048799e-02 1.35467072e-01 9.92452340e-03
 1.13930783e-02 6.38563309e-03 1.05007789e-02 7.55442572e-02
 7.63095527e-02 8.03373932e-02 2.62104567e-02 4.45050848e-02
 4.38192770e-02 1.33986310e-02 1.21811410e-02 1.48181693e-02
 1.56111927e-02 3.00043884e-02 1.54688681e-02 1.32603547e-02
 1.62330273e-02 1.51354066e-02 8.77284406e-03 1.47172512e-02
 3.12423828e-02 4.70198719e-03 7.08753575e-03]

 Iteration 300:
############################
Gradient = 
[ 8.82554570e-04  7.12119947e-03  4.65559374e-03  3.39658844e-04
  4.05780482e-04  4.44886421e-03 -2.82292920e-04 -8.16534863e-03
 -2.67342095e-03  4.92391369e-04  4.18841310e-03 -3.72874742e-03
  6.10957552e-04 -1.22439635e-03 -4.38877431e-03  4.40521640e-04
  2.16977926e-03 -3.18432563e-03  2.01236087e-02  1.48882652e-02
  8.47764162e-03  6.56248045e-03  1.36971225e-02  1.42891147e-02
  1.38503054e-02  1.62405416e-02  8.91726966e-03  7.90948146e-03
  7.38155762e-03  6.75189086e-03  8.26297359e-03  4.74814149e-03
  1.89379171e-02  1.26341925e-02  8.53425324e-03  1.19398495e-02
  1.12793298e-02  7.73250509e-03  9.87664247e-03  8.15715248e-03
  7.41345924e-03  8.11228712e-03 -1.06272295e-03  7.29235523e-03
 -2.00915007e-03  7.36258391e-03  1.15495597e-02  1.17897785e-02
  1.00956640e-02 -4.14123383e-04  5.84526161e-03  8.71205164e-03
  1.12255237e-03  1.16288196e-02  8.51772502e-03  8.19701897e-03
 -3.18230520e-04  4.81928365e-03  7.27154574e-03  9.17256399e-03
  3.16589315e-01  1.72812293e-01  1.49890387e-01  1.74459497e-01
  1.64203000e-01  1.68430400e-01  1.64558230e-01  2.92247932e-01
  1.56864336e-01  1.46636773e-01  1.53426423e-01  1.48689730e-01
  1.52559379e-01  1.50423597e-01  6.84652968e-02  3.63456209e-02
  3.64771739e-02  4.13613481e-02 -3.33778743e-02 -5.12958772e-03
 -3.32235674e-03 -8.53159864e-02 -7.75141466e-02 -7.56735280e-02
 -8.12595413e-02 -1.03259304e-01 -7.83910834e-02 -7.43934038e-02
 -5.61522167e-02 -6.52625961e-02 -5.56845351e-02 -6.52136208e-02
 -7.63724362e-02 -4.61992912e-02 -4.77420728e-02]

Gradient approximate =
[ 3.92170487e-04  1.88798617e-03  5.69281597e-04  6.92328150e-05
  4.86988501e-04  1.81754429e-04 -4.88244334e-05 -5.25537212e-04
 -1.79026660e-04 -5.65749647e-05  4.19134083e-05 -2.60967781e-05
  5.67266183e-04  2.40837087e-03  6.96533626e-04 -1.52838657e-04
 -1.53029334e-04 -4.23943858e-05  2.76763831e-03  1.49318080e-03
  1.23315750e-03  1.04057632e-03  1.32293689e-03  1.08663636e-03
  1.19989175e-03  1.18492536e-02  5.92691576e-03  5.67559030e-03
  5.31597212e-03  5.64079227e-03  5.37271026e-03  5.39890781e-03
  1.39307649e-02  7.10907274e-03  6.57868839e-03  6.01424136e-03
  6.58488407e-03  6.00286085e-03  6.21581033e-03 -1.42240064e-02
 -7.15467650e-03 -6.77324318e-03  3.10283177e-01  1.62237899e-01
  1.47338793e-01  1.63439058e-01  1.75722905e-01  1.69168156e-01
  1.65479388e-01  2.97363456e-01  1.61769078e-01  1.47056585e-01
  1.62142996e-01  1.63520092e-01  1.56867875e-01  1.53428526e-01
  2.97705675e-01  1.62194431e-01  1.47216506e-01  1.62563714e-01
  1.51071984e-01  1.50508006e-01  1.47659523e-01  3.34719644e-01
  1.78805280e-01  1.62488534e-01  1.79635764e-01  1.72992525e-01
  1.72253893e-01  1.68996396e-01  2.90286642e-01  1.54989071e-01
  1.40933033e-01  1.55823224e-01  1.49938228e-01  1.49396852e-01
  1.46542541e-01  0.00000000e+00  0.00000000e+00  0.00000000e+00
  0.00000000e+00  0.00000000e+00  0.00000000e+00  0.00000000e+00
  0.00000000e+00  0.00000000e+00  0.00000000e+00  0.00000000e+00
  0.00000000e+00  0.00000000e+00  0.00000000e+00  0.00000000e+00
  0.00000000e+00  0.00000000e+00  0.00000000e+00]

Diff = 
[4.90384083e-04 5.23321330e-03 4.08631215e-03 2.70426029e-04
 8.12080186e-05 4.26710978e-03 2.33468486e-04 7.63981142e-03
 2.49439429e-03 5.48966333e-04 4.14649969e-03 3.70265064e-03
 4.36913693e-05 3.63276721e-03 5.08530794e-03 5.93360297e-04
 2.32280859e-03 3.14193124e-03 1.73559704e-02 1.33950844e-02
 7.24448412e-03 5.52190414e-03 1.23741856e-02 1.32024784e-02
 1.26504136e-02 4.39128800e-03 2.99035389e-03 2.23389116e-03
 2.06558550e-03 1.11109858e-03 2.89026334e-03 6.50766324e-04
 5.00715215e-03 5.52511971e-03 1.95556485e-03 5.92560814e-03
 4.69444572e-03 1.72964424e-03 3.66083214e-03 2.23811589e-02
 1.45681357e-02 1.48855303e-02 3.11345900e-01 1.54945544e-01
 1.49347943e-01 1.56076474e-01 1.64173345e-01 1.57378377e-01
 1.55383724e-01 2.97777579e-01 1.55923816e-01 1.38344533e-01
 1.61020444e-01 1.51891272e-01 1.48350150e-01 1.45231507e-01
 2.98023906e-01 1.57375148e-01 1.39944960e-01 1.53391150e-01
 1.65517331e-01 2.23042867e-02 2.23086343e-03 1.60260147e-01
 1.46022798e-02 5.94186594e-03 1.50775339e-02 1.19255407e-01
 1.53895575e-02 2.23596232e-02 1.36860219e-01 6.29934144e-03
 1.16263451e-02 5.39962683e-03 8.14729317e-02 1.13051231e-01
 1.10065367e-01 4.13613481e-02 3.33778743e-02 5.12958772e-03
 3.32235674e-03 8.53159864e-02 7.75141466e-02 7.56735280e-02
 8.12595413e-02 1.03259304e-01 7.83910834e-02 7.43934038e-02
 5.61522167e-02 6.52625961e-02 5.56845351e-02 6.52136208e-02
 7.63724362e-02 4.61992912e-02 4.77420728e-02]

 Iteration 400:
############################
Gradient = 
[ 0.00129025  0.00752343  0.00463618  0.00059679  0.0008397   0.00440114
 -0.00151219 -0.01269874 -0.00448833  0.00061397  0.00380328 -0.00348944
  0.00042599 -0.00230862 -0.00456423  0.0006257   0.00219764 -0.00285583
  0.03720784  0.02177415  0.01555898  0.01364891  0.02029996  0.02047344
  0.02010289  0.03300678  0.01618626  0.01490135  0.01414977  0.01375145
  0.01470811  0.01153737  0.03622128  0.01980588  0.01570524  0.01868765
  0.01815757  0.01446916  0.01650754  0.04394502  0.02390544  0.0237274
  0.01449129  0.02256231  0.01289693  0.02184974  0.02987911  0.01956932
  0.01763284  0.00763634  0.01348818  0.01566062  0.00872586  0.02920363
  0.01616529  0.01553401  0.00741528  0.01220674  0.01403221  0.01587839
  0.30329107  0.15913501  0.13892624  0.16127188  0.15104795  0.15657335
  0.15306243  0.28220025  0.14564215  0.13695741  0.14298197  0.13754721
  0.1428848   0.14095315  0.01282101  0.00569377  0.00843011  0.01027168
 -0.08597272 -0.04660898 -0.04262081 -0.13708606 -0.11474704 -0.11131859
 -0.11888899 -0.14975254 -0.11484187 -0.10964823 -0.09630732 -0.0959124
 -0.08515308 -0.09631145 -0.09861873 -0.06719533 -0.06848075]

Gradient approximate =
[ 6.92271773e-05  5.08911508e-04  1.51808706e-04 -1.03094202e-04
 -2.87966540e-04 -5.19051002e-05  7.00501879e-05 -6.88459179e-05
 -2.13425455e-05 -2.17816940e-04 -6.90554920e-04 -2.42681293e-04
  3.19267792e-04  1.38580445e-03  3.92926132e-04 -2.95715767e-04
 -8.35885690e-04 -2.50692587e-04 -2.91086379e-03 -1.39311496e-03
 -1.46407463e-03 -1.43282298e-03 -1.35509783e-03 -1.38229076e-03
 -1.33869904e-03  7.23892583e-03  3.54206538e-03  3.46698722e-03
  3.35070729e-03  3.44025529e-03  3.35884454e-03  3.31617756e-03
  9.12705185e-03  4.56850911e-03  4.27064859e-03  4.03523514e-03
  4.28066616e-03  3.94055287e-03  4.04809597e-03 -1.77934176e-02
 -8.83053793e-03 -8.42349608e-03  2.95276101e-01  1.48077075e-01
  1.35230925e-01  1.49811197e-01  1.59161165e-01  1.55894887e-01
  1.52649787e-01  2.85243157e-01  1.48906717e-01  1.36156699e-01
  1.49837426e-01  1.49369378e-01  1.45710314e-01  1.42669706e-01
  2.87278953e-01  1.50245025e-01  1.37175377e-01  1.51159500e-01
  1.42212645e-01  1.42508613e-01  1.39804958e-01  3.20979505e-01
  1.65650184e-01  1.51437835e-01  1.66972939e-01  1.60897117e-01
  1.61137800e-01  1.58090702e-01  2.80499304e-01  1.44673965e-01
  1.32312337e-01  1.45908299e-01  1.40518288e-01  1.40821246e-01
  1.38131631e-01  0.00000000e+00  0.00000000e+00  0.00000000e+00
  0.00000000e+00  0.00000000e+00  0.00000000e+00  0.00000000e+00
  0.00000000e+00  0.00000000e+00  0.00000000e+00  0.00000000e+00
  0.00000000e+00  0.00000000e+00  0.00000000e+00  0.00000000e+00
  0.00000000e+00  0.00000000e+00  0.00000000e+00]

Diff = 
[1.22102203e-03 7.01451858e-03 4.48436971e-03 6.99880993e-04
 1.12767102e-03 4.45304618e-03 1.58223977e-03 1.26298984e-02
 4.46699004e-03 8.31786004e-04 4.49383479e-03 3.24676304e-03
 1.06720213e-04 3.69442204e-03 4.95715833e-03 9.21412723e-04
 3.03352457e-03 2.60513429e-03 4.01187067e-02 2.31672608e-02
 1.70230518e-02 1.50817375e-02 2.16550552e-02 2.18557281e-02
 2.14415918e-02 2.57678517e-02 1.26441959e-02 1.14343675e-02
 1.07990626e-02 1.03111979e-02 1.13492680e-02 8.22119545e-03
 2.70942293e-02 1.52373682e-02 1.14345866e-02 1.46524103e-02
 1.38769086e-02 1.05286098e-02 1.24594471e-02 6.17384420e-02
 3.27359756e-02 3.21508962e-02 2.80784808e-01 1.25514768e-01
 1.22333995e-01 1.27961459e-01 1.29282052e-01 1.36325569e-01
 1.35016942e-01 2.77606822e-01 1.35418534e-01 1.20496078e-01
 1.41111568e-01 1.20165749e-01 1.29545028e-01 1.27135700e-01
 2.79863669e-01 1.38038282e-01 1.23143164e-01 1.35281109e-01
 1.61078426e-01 1.66264021e-02 8.78722136e-04 1.59707622e-01
 1.46022377e-02 5.13551324e-03 1.39105058e-02 1.21303129e-01
 1.54956543e-02 2.11332908e-02 1.37517333e-01 7.12675823e-03
 1.05724649e-02 4.95514629e-03 1.27697282e-01 1.35127472e-01
 1.29701522e-01 1.02716838e-02 8.59727221e-02 4.66089762e-02
 4.26208127e-02 1.37086058e-01 1.14747041e-01 1.11318593e-01
 1.18888985e-01 1.49752541e-01 1.14841869e-01 1.09648227e-01
 9.63073233e-02 9.59124020e-02 8.51530795e-02 9.63114457e-02
 9.86187309e-02 6.71953329e-02 6.84807475e-02]

 Iteration 500:
############################
Gradient = 
[ 7.71674367e-05  1.12362859e-03  2.07946027e-03 -5.91947820e-04
 -4.86793298e-03  2.04422850e-03 -3.62454653e-03 -2.06320610e-02
 -7.66142112e-03 -6.47431409e-04 -2.35345848e-03 -5.45032441e-03
 -9.25606984e-04 -8.18987305e-03 -6.58254775e-03 -5.06778737e-04
 -3.30561380e-03 -4.62928418e-03  5.01623340e-02  2.60692410e-02
  2.03274717e-02  1.91463373e-02  2.46451041e-02  2.47519663e-02
  2.42349245e-02  4.63374710e-02  2.11322886e-02  1.98734974e-02
  1.95952142e-02  1.87433071e-02  1.94889792e-02  1.64369330e-02
  4.98192475e-02  2.45662069e-02  2.07522283e-02  2.40624568e-02
  2.29505464e-02  1.94434956e-02  2.11749855e-02  7.26654936e-02
  3.54368224e-02  3.51134142e-02  2.73676849e-02  3.36588443e-02
  2.43650088e-02  3.24568043e-02  4.42968458e-02  2.47453987e-02
  2.29281048e-02  1.42386202e-02  1.89080370e-02  2.08092857e-02
  1.42306206e-02  4.27517267e-02  2.11792323e-02  2.05904499e-02
  1.36337691e-02  1.73365818e-02  1.89405641e-02  2.04972506e-02
  2.78875380e-01  1.37283138e-01  1.20018814e-01  1.39756194e-01
  1.26807836e-01  1.36706411e-01  1.33783643e-01  2.65535224e-01
  1.28937298e-01  1.21940460e-01  1.26895228e-01  1.17620686e-01
  1.27408570e-01  1.25871947e-01 -2.41974633e-02 -1.39905465e-02
 -9.83011940e-03 -9.86486325e-03 -1.25955346e-01 -7.60075970e-02
 -7.02663742e-02 -1.61231975e-01 -1.33645333e-01 -1.30376299e-01
 -1.38397286e-01 -1.77327638e-01 -1.33966116e-01 -1.28061213e-01
 -1.16911309e-01 -1.13286498e-01 -1.02666893e-01 -1.14360313e-01
 -1.04562411e-01 -7.46828879e-02 -7.61191438e-02]

Gradient approximate =
[ 2.02368011e-05  1.84435895e-04  7.01480829e-05  1.06658193e-05
  5.14139931e-05  7.13438175e-05  5.74790113e-04  1.84936494e-03
  5.94825318e-04 -1.04706399e-04 -3.76154086e-04 -1.27964395e-04
  3.26315315e-04  1.34310172e-03  4.00831270e-04 -1.90764544e-04
 -5.69453975e-04 -1.57111597e-04 -1.20545545e-02 -5.90429477e-03
 -5.78702376e-03 -5.68143064e-03 -5.63719727e-03 -5.43138229e-03
 -5.41704250e-03  3.11825363e-04  9.51921386e-05  1.90459328e-04
  2.24619499e-04  1.89420355e-04  3.10206221e-04  2.23261969e-04
  1.84507424e-03  9.10307110e-04  8.33898470e-04  8.41827958e-04
  8.68890624e-04  7.85398260e-04  8.12181540e-04 -2.45372257e-02
 -1.20709386e-02 -1.16172339e-02  2.67446332e-01  1.25211110e-01
  1.14681065e-01  1.27347920e-01  1.30320156e-01  1.34004136e-01
  1.31396657e-01  2.65273680e-01  1.29952722e-01  1.19268229e-01
  1.31314037e-01  1.25223046e-01  1.28158487e-01  1.25671142e-01
  2.67647274e-01  1.31446617e-01  1.20470197e-01  1.32775748e-01
  1.24960879e-01  1.28425401e-01  1.26065538e-01  2.98821301e-01
  1.46504372e-01  1.34527653e-01  1.48129909e-01  1.39895110e-01
  1.43635235e-01  1.41009619e-01  2.64320196e-01  1.29470389e-01
  1.18918911e-01  1.30956314e-01  1.23616122e-01  1.27031991e-01
  1.24686188e-01  0.00000000e+00  0.00000000e+00  0.00000000e+00
  0.00000000e+00  0.00000000e+00  0.00000000e+00  0.00000000e+00
  0.00000000e+00  0.00000000e+00  0.00000000e+00  0.00000000e+00
  0.00000000e+00  0.00000000e+00  0.00000000e+00  0.00000000e+00
  0.00000000e+00  0.00000000e+00  0.00000000e+00]

Diff = 
[5.69306356e-05 9.39192699e-04 2.00931219e-03 6.02613639e-04
 4.91934697e-03 1.97288468e-03 4.19933665e-03 2.24814259e-02
 8.25624644e-03 5.42725010e-04 1.97730439e-03 5.32236002e-03
 1.25192230e-03 9.53297477e-03 6.98337903e-03 3.16014193e-04
 2.73615982e-03 4.47217259e-03 6.22168885e-02 3.19735358e-02
 2.61144954e-02 2.48277679e-02 3.02823014e-02 3.01833486e-02
 2.96519670e-02 4.60256456e-02 2.10370965e-02 1.96830381e-02
 1.93705947e-02 1.85538868e-02 1.91787729e-02 1.62136711e-02
 4.79741733e-02 2.36558998e-02 1.99183299e-02 2.32206289e-02
 2.20816557e-02 1.86580973e-02 2.03628040e-02 9.72027193e-02
 4.75077610e-02 4.67306481e-02 2.40078648e-01 9.15522658e-02
 9.03160562e-02 9.48911160e-02 8.60233105e-02 1.09258738e-01
 1.08468552e-01 2.51035059e-01 1.11044685e-01 9.84589429e-02
 1.17083417e-01 8.24713197e-02 1.06979255e-01 1.05080692e-01
 2.54013504e-01 1.14110035e-01 1.01529633e-01 1.12278497e-01
 1.53914501e-01 8.85773661e-03 6.04672387e-03 1.59065107e-01
 1.96965358e-02 2.17875717e-03 1.43462668e-02 1.25640113e-01
 1.46979366e-02 1.90691593e-02 1.37424967e-01 1.18497030e-02
 8.48965905e-03 5.08436703e-03 1.47813585e-01 1.41022537e-01
 1.34516308e-01 9.86486325e-03 1.25955346e-01 7.60075970e-02
 7.02663742e-02 1.61231975e-01 1.33645333e-01 1.30376299e-01
 1.38397286e-01 1.77327638e-01 1.33966116e-01 1.28061213e-01
 1.16911309e-01 1.13286498e-01 1.02666893e-01 1.14360313e-01
 1.04562411e-01 7.46828879e-02 7.61191438e-02]

 Iteration 600:
############################
Gradient = 
[-0.00256061 -0.01043504 -0.00255596 -0.00311946 -0.0155069  -0.00231623
 -0.00660334 -0.03144576 -0.01208313 -0.00316911 -0.01306068 -0.00929189
 -0.00338927 -0.01805653 -0.01024448 -0.00286064 -0.01326428 -0.00823344
  0.05840292  0.02832409  0.0231899   0.02317501  0.02713671  0.02738857
  0.02660099  0.05553391  0.02417498  0.02311692  0.02378703  0.02202379
  0.02278306  0.01969957  0.05934106  0.02754227  0.02416287  0.02829883
  0.02614483  0.02300912  0.02431307  0.09112983  0.04213537  0.04212375
  0.03691896  0.04048575  0.032064    0.03901683  0.05337806  0.02754809
  0.02605562  0.0191719   0.02219875  0.02410702  0.01768772  0.05112648
  0.023891    0.02354168  0.01821455  0.02040072  0.02204193  0.02317209
  0.24903891  0.11203525  0.09745277  0.11456368  0.09761273  0.1134165
  0.11119056  0.2461862   0.11013193  0.10463461  0.10844769  0.09360552
  0.10951917  0.10848195 -0.0444647  -0.02400707 -0.01926743 -0.02023481
 -0.15346981 -0.093992   -0.08692293 -0.17189979 -0.14201866 -0.13989621
 -0.14767161 -0.19384265 -0.1433956  -0.1371285  -0.12638993 -0.1219978
 -0.1123926  -0.12405887 -0.10045502 -0.07421195 -0.07605396]

Gradient approximate =
[ 0.00061231  0.00240169  0.00078572  0.00072327  0.00277144  0.00094338
  0.00165561  0.00603776  0.00192076  0.00059361  0.00225426  0.0007126
  0.00089017  0.00350061  0.0010991   0.00046188  0.00186705  0.00061777
 -0.02202902 -0.0109263  -0.01070581 -0.01089949 -0.01050979 -0.01015143
 -0.01006665 -0.0070178  -0.0035671  -0.00337039 -0.00345109 -0.0033422
 -0.00308397 -0.00314461 -0.00597233 -0.0029831  -0.00291654 -0.00294819
 -0.00285207 -0.00275136 -0.00272864 -0.03193837 -0.01588151 -0.01543268
  0.2332632   0.09900421  0.0905229   0.1012627   0.09696241  0.10878226
  0.10685333  0.24205555  0.10893994  0.10004211  0.11047983  0.09724607
  0.10824546  0.10634458  0.24359747  0.11004553  0.10095171  0.11153821
  0.10397786  0.11170177  0.10981292  0.27264763  0.12507264  0.1151
  0.12670112  0.11503724  0.12343188  0.12135958  0.24551597  0.11251144
  0.10359421  0.11401048  0.10349038  0.11114579  0.10925931  0.
  0.          0.          0.          0.          0.          0.
  0.          0.          0.          0.          0.          0.
  0.          0.          0.          0.          0.        ]

Diff = 
[0.00317292 0.01283673 0.00334168 0.00384273 0.01827834 0.00325961
 0.00825895 0.03748352 0.01400388 0.00376272 0.01531494 0.01000449
 0.00427944 0.02155714 0.01134358 0.00332252 0.01513133 0.00885122
 0.08043194 0.03925039 0.03389571 0.0340745  0.03764649 0.03754
 0.03666764 0.06255171 0.02774207 0.02648731 0.02723812 0.02536599
 0.02586703 0.02284418 0.06531339 0.03052537 0.02707941 0.03124703
 0.0289969  0.02576049 0.02704171 0.1230682  0.05801688 0.05755643
 0.19634424 0.05851846 0.0584589  0.06224587 0.04358435 0.08123417
 0.0807977  0.22288365 0.08674119 0.07593509 0.09279211 0.04611959
 0.08435445 0.0828029  0.22538292 0.08964481 0.07890978 0.08836612
 0.14506105 0.00033349 0.01236015 0.15808395 0.02745992 0.0016835
 0.01551057 0.13114896 0.01329995 0.01672497 0.13706827 0.01890592
 0.00592497 0.00552853 0.14795508 0.13515286 0.12852674 0.02023481
 0.15346981 0.093992   0.08692293 0.17189979 0.14201866 0.13989621
 0.14767161 0.19384265 0.1433956  0.1371285  0.12638993 0.1219978
 0.1123926  0.12405887 0.10045502 0.07421195 0.07605396]

 Iteration 700:
############################
Gradient = 
[-0.00585212 -0.0234154  -0.00796325 -0.00631554 -0.02778626 -0.00754001
 -0.00982224 -0.04209438 -0.01667865 -0.00630319 -0.02513968 -0.0139152
 -0.00641327 -0.02920684 -0.01460235 -0.00585352 -0.02480563 -0.0126777
  0.06207347  0.02918791  0.02468863  0.02586954  0.02829155  0.02877142
  0.02769255  0.06060992  0.02591729  0.02513064  0.02686354  0.0240723
  0.02494939  0.02177881  0.06483124  0.02937522  0.02647786  0.03156215
  0.02825664  0.02556352  0.02641286  0.09811658  0.04464577  0.04515159
  0.04258431  0.04342826  0.03610958  0.04188327  0.05702344  0.02858525
  0.0274914   0.02242258  0.02382217  0.02586494  0.01953439  0.05437925
  0.02493949  0.02489974  0.02120289  0.0218962   0.02368809  0.02437133
  0.21910395  0.08701769  0.07462173  0.0892864   0.0684315   0.09029682
  0.08876836  0.22752406  0.09164954  0.08730737  0.09001663  0.06932421
  0.09176155  0.09124558 -0.05134882 -0.0268026  -0.02200943 -0.02320785
 -0.17108979 -0.10282188 -0.09477298 -0.17584699 -0.14388234 -0.14353511
 -0.1507113  -0.20402161 -0.14714612 -0.14075739 -0.12912201 -0.12467745
 -0.11674014 -0.12804347 -0.0906556  -0.06912445 -0.07151963]

Gradient approximate =
[ 0.00185297  0.00721941  0.00231332  0.00204025  0.0079275   0.00257549
  0.00325273  0.01228534  0.00388967  0.00188734  0.00727844  0.00230232
  0.00203724  0.00799929  0.0025289   0.00168763  0.00661578  0.00211609
 -0.03080129 -0.01587701 -0.01564786 -0.01648794 -0.01540293 -0.01499097
 -0.01474003 -0.01341303 -0.0070665  -0.00684167 -0.00729015 -0.00678327
 -0.00646473 -0.00642984 -0.01292458 -0.0067156  -0.00658923 -0.00694644
 -0.00649485 -0.00629684 -0.00619988 -0.03771304 -0.01949911 -0.01912373
  0.19887539  0.07352576  0.06659757  0.07556904  0.06501149  0.08406293
  0.08275968  0.21937302  0.08854438  0.08100901  0.0899588   0.07016979
  0.08874685  0.08739527  0.21930025  0.08910493  0.08150896  0.09047065
  0.08320477  0.09512332  0.0937459   0.24649329  0.10409199  0.09572745
  0.10538434  0.09039419  0.10339588  0.10192063  0.22732038  0.09606683
  0.08846688  0.09729961  0.08358029  0.09554089  0.09415531  0.
  0.          0.          0.          0.          0.          0.
  0.          0.          0.          0.          0.          0.
  0.          0.          0.          0.          0.        ]

Diff = 
[0.00770509 0.03063482 0.01027657 0.00835579 0.03571376 0.0101155
 0.01307496 0.05437973 0.02056831 0.00819053 0.03241812 0.01621752
 0.00845051 0.03720613 0.01713125 0.00754115 0.03142141 0.01479379
 0.09287476 0.04506492 0.04033649 0.04235748 0.04369448 0.04376239
 0.04243259 0.07402295 0.03298379 0.03197231 0.03415369 0.03085556
 0.03141412 0.02820864 0.07775583 0.03609082 0.03306709 0.03850859
 0.03475149 0.03186037 0.03261274 0.13582962 0.06414487 0.06427533
 0.15629108 0.0300975  0.030488   0.03368578 0.00798805 0.05547768
 0.05526828 0.19695044 0.06472221 0.05514408 0.07042442 0.01579054
 0.06380736 0.06249553 0.19809736 0.06720873 0.05782087 0.06609932
 0.13589917 0.00810563 0.01912417 0.15720688 0.03566049 0.00543064
 0.01661598 0.13712987 0.01174633 0.01461325 0.13730375 0.02674262
 0.00329467 0.00605404 0.13492911 0.12234349 0.11616474 0.02320785
 0.17108979 0.10282188 0.09477298 0.17584699 0.14388234 0.14353511
 0.1507113  0.20402161 0.14714612 0.14075739 0.12912201 0.12467745
 0.11674014 0.12804347 0.0906556  0.06912445 0.07151963]

 Iteration 800:
############################
Gradient = 
[-0.00874304 -0.03326378 -0.01242392 -0.00916513 -0.03728659 -0.01197924
 -0.01216357 -0.04773495 -0.01961305 -0.00907839 -0.03436256 -0.017736
 -0.00909045 -0.03769349 -0.0181707  -0.00859379 -0.03403801 -0.01650898
  0.06145983  0.02872539  0.02484077  0.02680242  0.02810958  0.02883066
  0.02753892  0.06163684  0.02641337  0.02591891  0.0284057   0.02487834
  0.02590835  0.02269127  0.06621987  0.03003439  0.02762379  0.03332661
  0.0291947   0.02695316  0.02741886  0.09396375  0.042861    0.04393361
  0.04301101  0.042222    0.03605326  0.04085573  0.05564366  0.02793362
  0.02724595  0.02345688  0.02378235  0.02600057  0.01981039  0.05299118
  0.0244345   0.02471246  0.02213982  0.02186354  0.0238383   0.0241648
  0.1933736   0.06464696  0.05390133  0.06637223  0.04264293  0.06973416
  0.068831    0.21195326  0.07497003  0.07140907  0.07308623  0.04744644
  0.07574225  0.07570735 -0.04792057 -0.02473354 -0.02021749 -0.02113638
 -0.18208052 -0.10498087 -0.09619341 -0.17587018 -0.14135715 -0.14322794
 -0.14956545 -0.21089115 -0.14729854 -0.14093548 -0.12737087 -0.1230359
 -0.11729443 -0.12797782 -0.0784202  -0.06150606 -0.06451952]

Gradient approximate =
[ 0.00343786  0.01340925  0.00426927  0.00367404  0.0143603   0.00460177
  0.00499403  0.01903728  0.00602329  0.00349991  0.01358468  0.00429705
  0.00351712  0.01383593  0.00437782  0.00324668  0.01272642  0.00404157
 -0.03733879 -0.0204845  -0.0203268  -0.02190686 -0.02002384 -0.01963901
 -0.01917566 -0.01823347 -0.01026251 -0.01007025 -0.01097368 -0.00997531
 -0.00965918 -0.00949187 -0.01829349 -0.01014584 -0.01002864 -0.01083662
 -0.00989859 -0.00967495 -0.00945714 -0.0405793  -0.02234533 -0.02210224
  0.16947765  0.05148598  0.04559747  0.05297625  0.03807457  0.06222606
  0.06144657  0.1999244   0.07026788  0.06367061  0.07125079  0.04692105
  0.07125903  0.07038025  0.19805363  0.07054158  0.06401924  0.07151203
  0.06537303  0.08059412  0.07969474  0.22359632  0.08535252  0.07817641
  0.08599876  0.06880156  0.08546284  0.08455653  0.2121097   0.0815348
  0.07489863  0.08223325  0.06622269  0.08173857  0.08083338  0.
  0.          0.          0.          0.          0.          0.
  0.          0.          0.          0.          0.          0.
  0.          0.          0.          0.          0.        ]

Diff = 
[0.0121809  0.04667304 0.01669318 0.01283917 0.05164689 0.016581
 0.0171576  0.06677223 0.02563634 0.0125783  0.04794724 0.02203306
 0.01260757 0.05152942 0.02254852 0.01184047 0.04676443 0.02055055
 0.09879862 0.04920989 0.04516757 0.04870929 0.04813342 0.04846967
 0.04671458 0.0798703  0.03667588 0.03598916 0.03937939 0.03485365
 0.03556753 0.03218314 0.08451336 0.04018023 0.03765242 0.04416323
 0.03909329 0.03662811 0.03687601 0.13454306 0.06520633 0.06603586
 0.12646663 0.00926398 0.00954421 0.01212053 0.01756909 0.03429244
 0.03420062 0.17646752 0.04648553 0.03767004 0.0514404  0.00607013
 0.04682452 0.04566778 0.17591382 0.04867804 0.04018093 0.04734723
 0.12800057 0.01594716 0.02579341 0.15722409 0.04270959 0.00844225
 0.01716776 0.1431517  0.01049281 0.01314746 0.13902347 0.03408836
 0.00084362 0.0065259  0.11414326 0.10647212 0.10105087 0.02113638
 0.18208052 0.10498087 0.09619341 0.17587018 0.14135715 0.14322794
 0.14956545 0.21089115 0.14729854 0.14093548 0.12737087 0.1230359
 0.11729443 0.12797782 0.0784202  0.06150606 0.06451952]

 Iteration 900:
############################
Gradient = 
[-0.01033131 -0.03655208 -0.01453042 -0.01072754 -0.04033456 -0.01415632
 -0.01281081 -0.04550807 -0.01963207 -0.01060463 -0.03729815 -0.01935059
 -0.01055263 -0.04013108 -0.01958547 -0.01021238 -0.03754402 -0.01835425
  0.05732468  0.02665438  0.02332416  0.02537599  0.02628105  0.02721381
  0.02586511  0.05911735  0.02534508  0.0251221   0.02775006  0.02409412
  0.02526864  0.02212832  0.06380083  0.02902446  0.02706637  0.03271631
  0.02843722  0.0266173   0.02686028  0.08198083  0.03697807  0.03852008
  0.03774484  0.03693502  0.0318116   0.03601892  0.05044684  0.02540989
  0.02507836  0.02173181  0.02185322  0.02422839  0.01832411  0.04812556
  0.02221744  0.02276834  0.02053835  0.0201049   0.02224043  0.0223836
  0.17452844  0.04639737  0.03682684  0.04737411  0.02220485  0.05312315
  0.05272564  0.20072757  0.06095673  0.05783909  0.05857745  0.02961034
  0.06240713  0.0627651  -0.03756617 -0.02022955 -0.01619853 -0.0165501
 -0.18998225 -0.10321166 -0.0938083  -0.17325928 -0.1360997  -0.14049072
 -0.14583413 -0.21688407 -0.1453622  -0.1390771  -0.12274788 -0.11876078
 -0.11562576 -0.12551334 -0.06659342 -0.05307515 -0.05668904]

Gradient approximate =
[ 0.00492594  0.01913498  0.00608636  0.00518592  0.020226    0.0064518
  0.00639669  0.02426131  0.00769754  0.00500738  0.01940131  0.0061503
  0.00492503  0.01931349  0.00612262  0.00474726  0.01856367  0.0058896
 -0.04150154 -0.02445281 -0.02442292 -0.02650676 -0.02405448 -0.02375301
 -0.02310363 -0.02136147 -0.01296513 -0.01284856 -0.01407255 -0.01271057
 -0.01244133 -0.01215347 -0.02187319 -0.01307022 -0.01301273 -0.01416383
 -0.01284031 -0.0126435  -0.0123089  -0.04064999 -0.02404978 -0.0239662
  0.14845274  0.03443625  0.02916382  0.0350925   0.01785712  0.04465673
  0.04427202  0.18531156  0.05498616  0.04896383  0.05527487  0.02895299
  0.05671182  0.05620025  0.18207096  0.0554108   0.04955891  0.05577025
  0.05181952  0.06913353  0.06862862  0.20603766  0.06996096  0.06360035
  0.06974924  0.05197897  0.07083857  0.07041432  0.20118753  0.06964429
  0.06363839  0.06960315  0.05268014  0.0705588   0.07006495  0.
  0.          0.          0.          0.          0.          0.
  0.          0.          0.          0.          0.          0.
  0.          0.          0.          0.          0.        ]

Diff = 
[0.01525725 0.05568705 0.02061678 0.01591346 0.06056056 0.02060812
 0.01920749 0.06976938 0.02732962 0.01561201 0.05669946 0.02550089
 0.01547766 0.05944457 0.02570809 0.01495965 0.0561077  0.02424385
 0.09882622 0.05110719 0.04774708 0.05188275 0.05033553 0.05096682
 0.04896874 0.08047882 0.0383102  0.03797066 0.04182261 0.03680469
 0.03770997 0.03428179 0.08567401 0.04209468 0.0400791  0.04688014
 0.04127753 0.0392608  0.03916918 0.12263083 0.06102785 0.06248628
 0.1107079  0.00249877 0.00264778 0.00092643 0.03258972 0.01924684
 0.01919366 0.16357975 0.03313294 0.02473544 0.03695076 0.01917257
 0.03449438 0.03343192 0.16153261 0.0353059  0.02731848 0.03338665
 0.12270892 0.02273616 0.03180178 0.15866355 0.04775611 0.0104772
 0.01702361 0.14874859 0.00988184 0.01257523 0.14261008 0.04003395
 0.00123126 0.00683805 0.09024632 0.09078834 0.08626348 0.0165501
 0.18998225 0.10321166 0.0938083  0.17325928 0.1360997  0.14049072
 0.14583413 0.21688407 0.1453622  0.1390771  0.12274788 0.11876078
 0.11562576 0.12551334 0.06659342 0.05307515 0.05668904]

 