Iteration 0:
############################
Gradient = 
[-1.50484381e-04 -1.59954081e-03 -1.12642899e-03  1.48062232e-04
 -7.57927064e-04  1.58151445e-03  5.12051643e-05 -2.88366778e-04
 -1.95541615e-04 -2.43548173e-04 -2.48451528e-04  9.90461154e-04
 -5.00379082e-03 -2.76053938e-03 -1.84299135e-03 -1.08203627e-03
 -2.77559762e-03 -8.64149492e-03 -3.04973311e-03 -4.60901526e-03
 -4.54116453e-03 -3.53273829e-03 -2.88041058e-03  3.29138351e-04
 -2.48367738e-03 -6.65110283e-04 -1.81084024e-03  4.95649391e-03
  1.70111186e-03  2.79990479e-03  3.28401066e-03  1.96385923e-03
  2.85381997e-01  1.38138338e-01  1.47463873e-01  1.47145703e-01
  1.47858868e-01  2.82685263e-01  1.38906109e-01  1.47507719e-01
  1.44468067e-01  1.48061917e-01  2.73035494e-01  1.32119181e-01
  1.41294582e-01  1.42232635e-01  1.42392611e-01  2.97444136e-01
  1.46073642e-01  1.55579138e-01  1.53200121e-01  1.54825720e-01
  2.73465929e-01  1.33582031e-01  1.41415882e-01  1.41135944e-01
  1.42032502e-01]

Gradient approximate =
[-4.42802084e-05  4.46829953e-04  1.94977590e-05  2.92329205e-05
 -4.58104543e-04 -3.96278743e-05 -1.18157739e-04 -3.19822857e-05
  3.04405856e-05  1.32170137e-04  5.14242751e-04  1.91048410e-04
  5.73925046e-03  2.25785268e-03  2.61005956e-03  2.53320491e-03
  3.43004014e-03 -2.32657864e-04 -1.39548513e-04 -1.61999425e-04
  3.07484011e-01  1.50223596e-01  1.56703374e-01  1.56514412e-01
  1.57578623e-01  3.16419943e-01  1.53915876e-01  1.54016405e-01
  1.59198090e-01  1.60106961e-01  2.89156787e-01  1.37376110e-01
  1.53148884e-01  1.52065472e-01  1.53146357e-01  2.94341740e-01
  1.43773019e-01  1.53311572e-01  1.52001685e-01  1.52971777e-01
  2.55231443e-01  1.24777651e-01  1.32781517e-01  1.31628796e-01
  1.32775417e-01  0.00000000e+00  0.00000000e+00  0.00000000e+00
  0.00000000e+00  0.00000000e+00  0.00000000e+00  0.00000000e+00
  0.00000000e+00  0.00000000e+00  0.00000000e+00  0.00000000e+00
  0.00000000e+00]

Diff = 
[1.06204172e-04 2.04637076e-03 1.14592675e-03 1.18829311e-04
 2.99822521e-04 1.62114233e-03 1.69362903e-04 2.56384492e-04
 2.25982200e-04 3.75718310e-04 7.62694279e-04 7.99412744e-04
 1.07430413e-02 5.01839206e-03 4.45305091e-03 3.61524118e-03
 6.20563776e-03 8.40883705e-03 2.91018460e-03 4.44701583e-03
 3.12025176e-01 1.53756334e-01 1.59583785e-01 1.56185274e-01
 1.60062300e-01 3.17085054e-01 1.55726716e-01 1.49059911e-01
 1.57496979e-01 1.57307056e-01 2.85872776e-01 1.35412250e-01
 1.32233114e-01 1.39271341e-02 5.68248413e-03 1.47196036e-01
 4.08584953e-03 1.29373691e-01 1.30955758e-02 5.46405810e-03
 1.10763376e-01 2.32842656e-02 1.40253977e-01 4.90384254e-04
 8.51916514e-03 1.42232635e-01 1.42392611e-01 2.97444136e-01
 1.46073642e-01 1.55579138e-01 1.53200121e-01 1.54825720e-01
 2.73465929e-01 1.33582031e-01 1.41415882e-01 1.41135944e-01
 1.42032502e-01]

 Iteration 100:
############################
Gradient = 
[-5.91048111e-04 -1.94981756e-03 -1.20769758e-03  2.38333626e-04
 -1.27056045e-03  1.38861339e-03 -5.61172731e-04 -1.74405724e-03
 -5.76067709e-04 -5.01534442e-04 -6.57501627e-04  1.05139454e-03
 -4.35918854e-03 -2.80067046e-03 -1.61074317e-03 -8.99335171e-04
 -2.05666838e-03 -2.91533798e-02 -1.26464091e-02 -1.41064870e-02
 -1.39305411e-02 -1.39676545e-02 -1.81392518e-02 -7.20824991e-03
 -1.01284743e-02 -7.80603793e-03 -9.28887080e-03 -2.75575349e-02
 -1.27743126e-02 -1.21431926e-02 -1.14514848e-02 -1.53889114e-02
  3.14467903e-01  1.55291847e-01  1.67643566e-01  1.65631623e-01
  1.65432327e-01  3.26062384e-01  1.59486215e-01  1.74115048e-01
  1.69912468e-01  1.73561608e-01  2.16004231e-01  1.05181685e-01
  1.10281121e-01  1.09356698e-01  1.10840725e-01  1.53020751e-01
  7.19860546e-02  7.48603463e-02  7.84225945e-02  7.88667507e-02
  1.31739387e-01  6.30314813e-02  6.44542542e-02  6.55926080e-02
  6.72605842e-02]

Gradient approximate =
[ 5.57081381e-04  2.23453575e-03  7.34805434e-04 -4.32034655e-04
 -1.68173816e-03 -6.32756658e-04 -1.36366016e-04 -1.72919195e-04
 -2.86066508e-04  5.05675732e-04  1.99712437e-03  8.25056212e-04
  1.55162114e-03  4.49208686e-04  7.34995136e-04  6.48801708e-04
  1.11399790e-03  1.85623277e-02  7.97773307e-03  8.43215384e-03
  3.22840672e-01  1.64224676e-01  1.78476071e-01  1.69135344e-01
  1.71781834e-01  3.31346218e-01  1.66052527e-01  1.65255506e-01
  1.67132665e-01  1.69006929e-01  3.28112515e-01  1.57843925e-01
  1.75438193e-01  1.73282867e-01  1.75855011e-01  3.34538565e-01
  1.63579155e-01  1.77240974e-01  1.74813765e-01  1.77304346e-01
  2.69075009e-01  1.31674865e-01  1.42452858e-01  1.40477199e-01
  1.42752542e-01  0.00000000e+00  0.00000000e+00  0.00000000e+00
  0.00000000e+00  0.00000000e+00  0.00000000e+00  0.00000000e+00
  0.00000000e+00  0.00000000e+00  0.00000000e+00  0.00000000e+00
  0.00000000e+00]

Diff = 
[1.14812949e-03 4.18435331e-03 1.94250302e-03 6.70368280e-04
 4.11177718e-04 2.02137005e-03 4.24806715e-04 1.57113804e-03
 2.90001201e-04 1.00721017e-03 2.65462599e-03 2.26338323e-04
 5.91080968e-03 3.24987915e-03 2.34573830e-03 1.54813688e-03
 3.17066628e-03 4.77157075e-02 2.06241422e-02 2.25386408e-02
 3.36771213e-01 1.78192331e-01 1.96615323e-01 1.76343594e-01
 1.81910308e-01 3.39152256e-01 1.75341398e-01 1.92813041e-01
 1.79906978e-01 1.81150121e-01 3.39564000e-01 1.73232836e-01
 1.39029710e-01 1.79910197e-02 8.21144521e-03 1.68906943e-01
 1.85317201e-03 1.48821410e-01 1.53275504e-02 3.18929769e-03
 9.91625411e-02 4.18867425e-02 7.35513724e-02 3.52955136e-02
 3.24714220e-02 1.09356698e-01 1.10840725e-01 1.53020751e-01
 7.19860546e-02 7.48603463e-02 7.84225945e-02 7.88667507e-02
 1.31739387e-01 6.30314813e-02 6.44542542e-02 6.55926080e-02
 6.72605842e-02]

 Iteration 200:
############################
Gradient = 
[-4.66565555e-04 -7.09503808e-04 -5.28483788e-04  5.09601700e-06
 -2.01216659e-03  1.09023974e-03 -4.23083648e-04 -6.49267788e-04
 -1.11370583e-04 -3.08719106e-04  8.84994275e-04  1.77874226e-03
  3.80839535e-03  7.46220198e-04  2.03614333e-03  2.78931819e-03
  2.49966183e-03 -1.36259070e-02 -6.27688506e-03 -7.00269046e-03
 -6.88332000e-03 -4.63349018e-03 -1.07909031e-02 -4.18053752e-03
 -6.71063921e-03 -4.45131799e-03 -4.82106314e-03 -2.00357393e-02
 -9.64177870e-03 -8.63032858e-03 -7.99540724e-03 -1.07040583e-02
  3.23085853e-01  1.59859785e-01  1.76093096e-01  1.72668903e-01
  1.73995016e-01  3.35550785e-01  1.64442378e-01  1.83344998e-01
  1.77596743e-01  1.82787654e-01  1.36361445e-01  6.65146936e-02
  6.48812476e-02  6.64295055e-02  6.76747304e-02  2.65387200e-02
  7.58536477e-03  3.17894890e-03  1.01066254e-02  9.41377573e-03
  3.89787100e-02  1.50057205e-02  1.31513401e-02  1.61674059e-02
  1.72515368e-02]

Gradient approximate =
[ 8.08945024e-04  3.13878562e-03  1.03938470e-03 -5.92298655e-04
 -1.89872241e-03 -9.37186131e-04 -2.09677098e-04  1.02728170e-04
 -5.44288112e-04  7.50537363e-04  2.89469855e-03  1.11879824e-03
  5.28037271e-03  2.09839265e-03  2.44663456e-03  2.35300173e-03
  3.16544313e-03  2.37572642e-02  1.02937220e-02  1.08326571e-02
  3.33855764e-01  1.71501532e-01  1.91247776e-01  1.78120642e-01
  1.82329533e-01  3.42936915e-01  1.73396320e-01  1.63491247e-01
  1.69714144e-01  1.72514703e-01  3.32886401e-01  1.57059802e-01
  1.84484851e-01  1.80952857e-01  1.85108809e-01  3.42984693e-01
  1.67913309e-01  1.85592151e-01  1.81811134e-01  1.85876337e-01
  2.33134700e-01  1.14232610e-01  1.26103290e-01  1.23497532e-01
  1.26492986e-01  0.00000000e+00  0.00000000e+00  0.00000000e+00
  0.00000000e+00  0.00000000e+00  0.00000000e+00  0.00000000e+00
  0.00000000e+00  0.00000000e+00  0.00000000e+00  0.00000000e+00
  0.00000000e+00]

Diff = 
[1.27551058e-03 3.84828943e-03 1.56786849e-03 5.97394672e-04
 1.13444180e-04 2.02742587e-03 2.13406550e-04 7.51995959e-04
 4.32917530e-04 1.05925647e-03 2.00970428e-03 6.59944014e-04
 1.47197736e-03 1.35217246e-03 4.10491234e-04 4.36316468e-04
 6.65781302e-04 3.73831712e-02 1.65706071e-02 1.78353476e-02
 3.40739084e-01 1.76135023e-01 2.02038679e-01 1.82301180e-01
 1.89040173e-01 3.47388233e-01 1.78217383e-01 1.83526987e-01
 1.79355922e-01 1.81145031e-01 3.40881808e-01 1.67763860e-01
 1.38601002e-01 2.10930723e-02 9.01571335e-03 1.70315790e-01
 6.08170738e-03 1.49958635e-01 1.73687560e-02 2.53133881e-03
 5.55379566e-02 6.85550444e-02 1.02581545e-02 5.69828384e-02
 6.16117382e-02 6.64295055e-02 6.76747304e-02 2.65387200e-02
 7.58536477e-03 3.17894890e-03 1.01066254e-02 9.41377573e-03
 3.89787100e-02 1.50057205e-02 1.31513401e-02 1.61674059e-02
 1.72515368e-02]

 Iteration 300:
############################
Gradient = 
[ 3.25927962e-04  2.70283744e-03  9.02559402e-04 -1.12076166e-04
 -2.46810567e-03  8.58903145e-04  3.11867120e-04  2.39585213e-03
  9.90807471e-04  6.01185943e-04  4.66646655e-03  3.24701467e-03
  1.99256879e-02  7.69487082e-03  9.28623643e-03  9.99217880e-03
  1.12353410e-02  2.39237968e-02  9.65956678e-03  1.02484277e-02
  1.00156051e-02  1.64117066e-02  7.92295069e-03  3.77910275e-03
  1.94069772e-03  3.98471463e-03  5.69316234e-03  1.21808345e-04
 -9.77427984e-04  7.03337939e-04  1.15503514e-03  7.63824303e-04
  3.22598780e-01  1.57745273e-01  1.75119309e-01  1.72664267e-01
  1.75339262e-01  3.38379278e-01  1.63930591e-01  1.84281896e-01
  1.79456979e-01  1.86041412e-01  6.30649589e-02  3.03417271e-02
  2.02412831e-02  2.52559292e-02  2.55959099e-02 -6.47173398e-02
 -3.93628344e-02 -5.11167051e-02 -4.07858537e-02 -4.31626010e-02
 -2.17151655e-02 -1.73877632e-02 -2.11195901e-02 -1.67236144e-02
 -1.63888201e-02]

Gradient approximate =
[ 8.13332350e-04  3.14282802e-03  1.03804658e-03 -7.42793997e-04
 -2.10198650e-03 -1.25004403e-03 -4.11463998e-04 -1.29346422e-04
 -9.62715216e-04  7.22478106e-04  2.74052287e-03  1.06278911e-03
  5.11495607e-03  2.04358574e-03  2.39949075e-03  2.27782097e-03
  3.02469858e-03  2.41754736e-02  1.04530322e-02  1.10741653e-02
  3.33534924e-01  1.69610777e-01  1.90718870e-01  1.78296733e-01
  1.83891434e-01  3.45963753e-01  1.73093504e-01  1.56554841e-01
  1.67856485e-01  1.71480348e-01  3.30421374e-01  1.51626430e-01
  1.84346841e-01  1.81839768e-01  1.87401203e-01  3.45113926e-01
  1.67038138e-01  1.85971859e-01  1.83210890e-01  1.88711019e-01
  1.92417050e-01  9.32009820e-02  1.03648218e-01  1.02088689e-01
  1.05338554e-01  0.00000000e+00  0.00000000e+00  0.00000000e+00
  0.00000000e+00  0.00000000e+00  0.00000000e+00  0.00000000e+00
  0.00000000e+00  0.00000000e+00  0.00000000e+00  0.00000000e+00
  0.00000000e+00]

Diff = 
[4.87404389e-04 4.39990579e-04 1.35487175e-04 6.30717832e-04
 3.66119169e-04 2.10894717e-03 7.23331118e-04 2.52519855e-03
 1.95352269e-03 1.21292163e-04 1.92594368e-03 2.18422556e-03
 1.48107319e-02 5.65128508e-03 6.88674568e-03 7.71435783e-03
 8.21064246e-03 2.51676876e-04 7.93465401e-04 8.25737563e-04
 3.23519318e-01 1.53199070e-01 1.82795919e-01 1.74517630e-01
 1.81950737e-01 3.41979038e-01 1.67400341e-01 1.56433033e-01
 1.68833913e-01 1.70777010e-01 3.29266338e-01 1.50862605e-01
 1.38251940e-01 2.40944956e-02 1.22818937e-02 1.72449659e-01
 8.30112376e-03 1.52407419e-01 1.92802987e-02 4.42912350e-03
 1.29600709e-02 9.28404304e-02 4.05832590e-02 7.17469620e-02
 8.50972712e-02 2.52559292e-02 2.55959099e-02 6.47173398e-02
 3.93628344e-02 5.11167051e-02 4.07858537e-02 4.31626010e-02
 2.17151655e-02 1.73877632e-02 2.11195901e-02 1.67236144e-02
 1.63888201e-02]

 Iteration 400:
############################
Gradient = 
[ 0.0007725   0.00400032  0.0014708  -0.00071364 -0.00537604 -0.00043308
  0.00059812  0.00294198  0.00105672  0.0009179   0.00517874  0.00338227
  0.03559528  0.01421425  0.01636027  0.01676139  0.0193364   0.06417897
  0.02627778  0.02890615  0.02761522  0.03798835  0.02816992  0.01215346
  0.01137414  0.01284715  0.01656142  0.0223131   0.00835064  0.0110412
  0.01097558  0.01286083  0.30945621  0.14690426  0.16119601  0.16282132
  0.16636296  0.33144838  0.15601266  0.17332648  0.17279356  0.18034303
  0.00629572  0.002654   -0.01523901 -0.00721543 -0.00804105 -0.11854261
 -0.06639756 -0.08259661 -0.07070714 -0.07464517 -0.05738023 -0.03669094
 -0.03965784 -0.03538808 -0.0356275 ]

Gradient approximate =
[ 5.88710465e-04  2.15309960e-03  8.01301197e-04 -8.17035870e-04
 -2.24085211e-03 -1.43849719e-03 -7.24999349e-04 -1.00529641e-03
 -1.46282572e-03  4.77761912e-04  1.51961319e-03  7.81536680e-04
 -1.13481000e-04 -2.01381654e-04  3.55762508e-05 -8.59208527e-05
  1.01355884e-04  1.79762942e-02  7.66483995e-03  8.30245326e-03
  3.17511722e-01  1.55646443e-01  1.72196343e-01  1.66355243e-01
  1.72816415e-01  3.36765731e-01  1.62612996e-01  1.39773814e-01
  1.58419484e-01  1.62444623e-01  3.16726776e-01  1.38887498e-01
  1.71408806e-01  1.73119315e-01  1.79601841e-01  3.38029639e-01
  1.59161703e-01  1.75001403e-01  1.76468216e-01  1.82995023e-01
  1.49827071e-01  7.05603148e-02  7.74714398e-02  7.81528797e-02
  8.11733649e-02  0.00000000e+00  0.00000000e+00  0.00000000e+00
  0.00000000e+00  0.00000000e+00  0.00000000e+00  0.00000000e+00
  0.00000000e+00  0.00000000e+00  0.00000000e+00  0.00000000e+00
  0.00000000e+00]

Diff = 
[1.83787577e-04 1.84721903e-03 6.69494005e-04 1.03393864e-04
 3.13519126e-03 1.00541581e-03 1.32311722e-03 3.94727202e-03
 2.51954700e-03 4.40135702e-04 3.65912334e-03 2.60073789e-03
 3.57087579e-02 1.44156349e-02 1.63246983e-02 1.68473091e-02
 1.92350450e-02 4.62026799e-02 1.86129379e-02 2.06036954e-02
 2.89896502e-01 1.17658090e-01 1.44026421e-01 1.54201784e-01
 1.61442277e-01 3.23918586e-01 1.46051581e-01 1.17460713e-01
 1.50068841e-01 1.51403419e-01 3.05751198e-01 1.26026671e-01
 1.38047403e-01 2.62150589e-02 1.84058293e-02 1.75208320e-01
 7.20125309e-03 1.56446980e-01 2.04555565e-02 9.66854072e-03
 2.29664908e-02 1.09782719e-01 7.11757162e-02 7.54988749e-02
 9.64123787e-02 7.21542547e-03 8.04105107e-03 1.18542615e-01
 6.63975610e-02 8.25966126e-02 7.07071397e-02 7.46451675e-02
 5.73802349e-02 3.66909363e-02 3.96578436e-02 3.53880754e-02
 3.56274965e-02]

 Iteration 500:
############################
Gradient = 
[ 3.06605656e-05  6.63837548e-05 -1.01314057e-04 -2.49490559e-03
 -1.33786466e-02 -3.92002298e-03 -4.11378206e-04 -2.15716496e-03
 -1.20279795e-03 -4.03738155e-04 -1.45548196e-03  5.79681447e-04
  4.74416993e-02  1.89727013e-02  2.19973889e-02  2.17611124e-02
  2.52293528e-02  9.66688084e-02  3.92612463e-02  4.48197327e-02
  4.15499127e-02  5.48647655e-02  4.45430067e-02  1.87120104e-02
  1.94449564e-02  1.98839037e-02  2.50909205e-02  4.03812809e-02
  1.57257823e-02  1.98480838e-02  1.88117609e-02  2.24020188e-02
  2.85935550e-01  1.29590755e-01  1.37489970e-01  1.45283849e-01
  1.49154294e-01  3.16315922e-01  1.42382978e-01  1.52798016e-01
  1.59142983e-01  1.67167202e-01 -3.07146589e-02 -1.44717106e-02
 -3.77132905e-02 -2.80706607e-02 -2.99059048e-02 -1.46676911e-01
 -7.91105050e-02 -9.62872791e-02 -8.50278294e-02 -9.01041716e-02
 -7.71251502e-02 -4.71529968e-02 -4.67867831e-02 -4.42641904e-02
 -4.48035572e-02]

Gradient approximate =
[ 0.00046999  0.0013375   0.00075876 -0.00053326 -0.0013744  -0.00112332
 -0.00081313 -0.00135893 -0.00160432  0.00044799  0.0007429   0.00083007
 -0.00869699 -0.00382924 -0.00396861 -0.0039227  -0.00458788  0.00681299
  0.00281045  0.00322943  0.28895419  0.13293899  0.14042272  0.14523961
  0.15188697  0.31772567  0.14465266  0.11513831  0.14272659  0.14667722
  0.29385146  0.12072537  0.14866692  0.15683884  0.16370016  0.32313619
  0.14587902  0.15489382  0.16302989  0.17012411  0.11044884  0.04980185
  0.05273543  0.05562656  0.05811656  0.          0.          0.
  0.          0.          0.          0.          0.          0.
  0.          0.          0.        ]

Diff = 
[4.39327143e-04 1.27111324e-03 8.60076546e-04 1.96164384e-03
 1.20042468e-02 2.79670168e-03 4.01749041e-04 7.98235190e-04
 4.01520596e-04 8.51726346e-04 2.19838148e-03 2.50392729e-04
 5.61386863e-02 2.28019418e-02 2.59659955e-02 2.56838103e-02
 2.98172372e-02 8.98558165e-02 3.64507974e-02 4.15903003e-02
 2.47404281e-01 7.80742230e-02 9.58797109e-02 1.26527601e-01
 1.32442012e-01 2.97841762e-01 1.19561735e-01 7.47570258e-02
 1.27000807e-01 1.26829140e-01 2.75039701e-01 9.83233515e-02
 1.37268635e-01 2.72480849e-02 2.62101900e-02 1.77852345e-01
 3.27527503e-03 1.61422098e-01 2.06469166e-02 1.73260954e-02
 4.86941479e-02 1.17365350e-01 8.34500866e-02 7.00982664e-02
 9.58298459e-02 2.80706607e-02 2.99059048e-02 1.46676911e-01
 7.91105050e-02 9.62872791e-02 8.50278294e-02 9.01041716e-02
 7.71251502e-02 4.71529968e-02 4.67867831e-02 4.42641904e-02
 4.48035572e-02]

 Iteration 600:
############################
Gradient = 
[-0.00195212 -0.00888157 -0.00389872 -0.00547987 -0.02620756 -0.0096669
 -0.00271904 -0.01247316 -0.00579291 -0.00334206 -0.01457283 -0.00514545
  0.05524052  0.02233437  0.02656788  0.02539991  0.02947379  0.11699208
  0.0478644   0.05707401  0.05110695  0.0662892   0.05536987  0.02331271
  0.02598438  0.02499361  0.03122843  0.05219641  0.02076448  0.02668785
  0.02430963  0.02903083  0.25657608  0.10917928  0.10938228  0.12384359
  0.12766322  0.29646285  0.12577088  0.12725927  0.14158726  0.14972656
 -0.05045715 -0.02254051 -0.04860422 -0.03855913 -0.04105895 -0.1603959
 -0.08343823 -0.09909985 -0.0900034  -0.09580054 -0.08759248 -0.05216634
 -0.04671733 -0.04713357 -0.04776029]

Gradient approximate =
[ 7.96788666e-04  1.96249384e-03  1.32153102e-03  3.72996833e-04
  1.46276867e-03  3.18261817e-05 -3.56112038e-04  3.10869108e-07
 -9.98063885e-04  1.05674090e-03  2.01741499e-03  1.71974523e-03
 -1.81544932e-02 -7.90107866e-03 -8.79637475e-03 -8.29643119e-03
 -9.91091417e-03 -6.00618732e-03 -2.72137774e-03 -2.91388879e-03
  2.53793759e-01  1.06464906e-01  1.03099270e-01  1.19724962e-01
  1.25933794e-01  2.93336132e-01  1.23116299e-01  8.68263279e-02
  1.23600317e-01  1.27156361e-01  2.66121992e-01  1.00195280e-01
  1.21553854e-01  1.36802104e-01  1.43652391e-01  3.03574825e-01
  1.29686325e-01  1.29890869e-01  1.45741533e-01  1.53083045e-01
  7.79548587e-02  3.31917640e-02  3.30669719e-02  3.73002854e-02
  3.91773118e-02  0.00000000e+00  0.00000000e+00  0.00000000e+00
  0.00000000e+00  0.00000000e+00  0.00000000e+00  0.00000000e+00
  0.00000000e+00  0.00000000e+00  0.00000000e+00  0.00000000e+00
  0.00000000e+00]

Diff = 
[0.00274891 0.01084407 0.00522025 0.00585287 0.02767033 0.00969873
 0.00236293 0.01247347 0.00479484 0.0043988  0.01659024 0.0068652
 0.07339501 0.03023545 0.03536426 0.03369634 0.0393847  0.12299827
 0.05058578 0.0599879  0.20268681 0.04017571 0.04772941 0.09641225
 0.09994942 0.26834252 0.09188786 0.03462991 0.10283584 0.10046851
 0.24181236 0.07116445 0.13502223 0.02762283 0.03427011 0.17973123
 0.00202311 0.16657198 0.01997066 0.02582378 0.0636324  0.11653479
 0.08352412 0.05984079 0.08778153 0.03855913 0.04105895 0.1603959
 0.08343823 0.09909985 0.0900034  0.09580054 0.08759248 0.05216634
 0.04671733 0.04713357 0.04776029]

 Iteration 700:
############################
Gradient = 
[-0.00466443 -0.02044522 -0.00909988 -0.00894088 -0.04046462 -0.01644978
 -0.00570114 -0.02510072 -0.01168621 -0.00697825 -0.02984833 -0.01227101
  0.0594958   0.02493629  0.03060775  0.02832626  0.03285849  0.1233917
  0.05233989  0.06518576  0.05644299  0.07240745  0.0604977   0.02644427
  0.03124467  0.02865783  0.03553718  0.05747208  0.02385863  0.03167618
  0.027847    0.0331997   0.22588712  0.08837877  0.08143197  0.10173799
  0.1053394   0.27530837  0.10837059  0.10089744  0.12282287  0.1309101
 -0.05656088 -0.02386623 -0.05114707 -0.04112141 -0.04391803 -0.16621461
 -0.08292687 -0.09593537 -0.08956322 -0.09577105 -0.09271928 -0.05376351
 -0.04242089 -0.04639346 -0.04699713]

Gradient approximate =
[ 0.00168237  0.00449627  0.00262089  0.00192391  0.00637723  0.00205157
  0.00071244  0.00335456  0.00042957  0.00240092  0.00578423  0.00353184
 -0.02665164 -0.0119785  -0.01404727 -0.01277696 -0.01534694 -0.01718966
 -0.00784558 -0.00905063  0.21763314  0.08014745  0.06653671  0.09358135
  0.09889582  0.26755989  0.10079375  0.05839713  0.10342517  0.10648316
  0.23777407  0.07972282  0.09495009  0.11638724  0.12305722  0.28248408
  0.11256198  0.10384518  0.12707144  0.13453574  0.05381744  0.02138113
  0.01961316  0.02414076  0.02546737  0.          0.          0.
  0.          0.          0.          0.          0.          0.
  0.          0.          0.        ]

Diff = 
[0.0063468  0.02494149 0.01172076 0.01086479 0.04684185 0.01850135
 0.00641358 0.02845528 0.01211577 0.00937917 0.03563256 0.01580285
 0.08614745 0.03691479 0.04465503 0.04110322 0.04820543 0.14058136
 0.06018547 0.07423639 0.16119015 0.00774    0.006039   0.06713708
 0.06765115 0.23890206 0.06525656 0.00092505 0.07956655 0.07480698
 0.20992707 0.04652312 0.13093703 0.02800847 0.04162526 0.18074609
 0.00722257 0.17146319 0.01870085 0.0336383  0.06900543 0.10952896
 0.07617404 0.04800698 0.07661444 0.04112141 0.04391803 0.16621461
 0.08292687 0.09593537 0.08956322 0.09577105 0.09271928 0.05376351
 0.04242089 0.04639346 0.04699713]

 Iteration 800:
############################
Gradient = 
[-0.00727713 -0.03103977 -0.01428582 -0.01152388 -0.05011669 -0.02182163
 -0.008356   -0.03565497 -0.01711007 -0.00987684 -0.04096557 -0.01824383
  0.0605893   0.02700459  0.03398356  0.03068534  0.03543565  0.11634528
  0.05261956  0.06757228  0.05713889  0.07239314  0.06025743  0.02827899
  0.03473882  0.03089895  0.03784216  0.0566906   0.02518879  0.03433525
  0.02946048  0.03478977  0.19763974  0.0690673   0.05680578  0.08125302
  0.08461617  0.25555486  0.09166323  0.07688934  0.10477567  0.11279473
 -0.05207628 -0.02054352 -0.04875304 -0.0381245  -0.04086659 -0.16730582
 -0.07943072 -0.09005852 -0.08586865 -0.0922846  -0.09479716 -0.05312434
 -0.03603157 -0.0435005  -0.04403822]

Gradient approximate =
[ 0.00299965  0.00853998  0.00448727  0.00381842  0.01227928  0.00452438
  0.00219561  0.00801442  0.00242601  0.00419833  0.011087    0.00584373
 -0.0332092  -0.01594822 -0.01942052 -0.0172075  -0.02061281 -0.02458874
 -0.01189728 -0.01424611  0.18497451  0.05670101  0.03485145  0.06927093
  0.07346732  0.24330363  0.07940049  0.03228053  0.08377931  0.0863845
  0.21214983  0.06079241  0.07222043  0.0979828   0.10449291  0.26251069
  0.09589252  0.07979546  0.10884835  0.11645035  0.03799757  0.01402504
  0.01179437  0.01590259  0.01681355  0.          0.          0.
  0.          0.          0.          0.          0.          0.
  0.          0.          0.        ]

Diff = 
[0.01027677 0.03957975 0.01877309 0.01534229 0.06239597 0.02634601
 0.01055161 0.04366939 0.01953608 0.01407516 0.05205257 0.02408756
 0.09379849 0.04295281 0.05340408 0.04789284 0.05604845 0.14093402
 0.06451684 0.08181838 0.12783562 0.01569212 0.02540598 0.04099193
 0.0387285  0.21240468 0.04155833 0.02441006 0.05859052 0.05204926
 0.18268935 0.02600264 0.12541932 0.0289155  0.04768713 0.18125767
 0.01127634 0.1757594  0.01718511 0.03956101 0.0667781  0.09876968
 0.06387065 0.03644611 0.06556658 0.0381245  0.04086659 0.16730582
 0.07943072 0.09005852 0.08586865 0.0922846  0.09479716 0.05312434
 0.03603157 0.0435005  0.04403822]

 Iteration 900:
############################
Gradient = 
[-0.0089544  -0.03714608 -0.01791481 -0.01215758 -0.05072259 -0.02367878
 -0.00975933 -0.04024845 -0.02029369 -0.01096629 -0.04363909 -0.02099143
  0.05895308  0.02830262  0.03590516  0.03208636  0.03660841  0.10004559
  0.04888412  0.0631538   0.05303271  0.06599176  0.05567003  0.02858736
  0.03541241  0.03124929  0.03744455  0.05119861  0.02463852  0.03382081
  0.02882861  0.03333291  0.17444512  0.05251519  0.03745119  0.06389893
  0.06706682  0.23896742  0.07666977  0.05735807  0.08879523  0.09681121
 -0.04022646 -0.01475675 -0.04477387 -0.03209189 -0.0344509  -0.16537966
 -0.07419884 -0.08392148 -0.08041729 -0.08691988 -0.09531519 -0.05115183
 -0.02939149 -0.03956266 -0.03999945]

Gradient approximate =
[ 0.00446508  0.01311709  0.00652613  0.00556678  0.01742838  0.00675728
  0.00374339  0.01274141  0.00451955  0.00596056  0.01622914  0.00797199
 -0.03748238 -0.01962984 -0.02425023 -0.02127084 -0.02516645 -0.02783962
 -0.0145665  -0.0177074   0.15886618  0.03791668  0.01032503  0.0484169
  0.05159712  0.22252978  0.06023577  0.01009796  0.06570316  0.06794362
  0.19124681  0.04408241  0.05492281  0.08291586  0.08940942  0.24558318
  0.08075787  0.06002979  0.09250276  0.10030713  0.02934649  0.01015717
  0.00801047  0.01157146  0.01223301  0.          0.          0.
  0.          0.          0.          0.          0.          0.
  0.          0.          0.        ]

Diff = 
[0.01341947 0.05026317 0.02444094 0.01772436 0.06815097 0.03043606
 0.01350272 0.05298986 0.02481324 0.01692685 0.05986822 0.02896343
 0.09643545 0.04793245 0.06015539 0.0533572  0.06177486 0.1278852
 0.06345061 0.0808612  0.10583347 0.02807508 0.045345   0.01982954
 0.01618472 0.19128049 0.02279122 0.04110065 0.04106464 0.03412281
 0.16241821 0.0107495  0.11952231 0.03040067 0.05195824 0.18168425
 0.01369105 0.17893762 0.015833   0.04294905 0.05944874 0.08665404
 0.04823693 0.02632822 0.05700689 0.03209189 0.0344509  0.16537966
 0.07419884 0.08392148 0.08041729 0.08691988 0.09531519 0.05115183
 0.02939149 0.03956266 0.03999945]

 