Iteration 0:
############################
Gradient = 
[ 1.72464237e-03  1.73693604e-02 -9.76880345e-03 -2.32097555e-02
 -1.02936430e-01 -3.66639371e-02 -4.03066562e-03 -4.78941872e-02
  3.86794073e-03  6.69747307e-03  2.40446918e-02  8.06124660e-03
  7.65212648e-05 -3.75338860e-03 -1.31263702e-02 -4.39773425e-04
 -6.93548249e-03  4.64044431e-03  3.16747946e-01  1.52641584e-01
  1.13858734e-01  1.45964502e-01  1.74861030e-01  1.09421131e-01
  1.36429531e-01  2.84013208e-01  1.23138875e-01  1.22014072e-01
  1.29497131e-01  1.65849720e-01  1.10167907e-01  1.40619034e-01
  2.89390555e-01  1.33707652e-01  1.17131985e-01  1.60802789e-01
  1.62938406e-01  1.04243492e-01  1.35551084e-01  2.77014723e-01
  1.27781269e-01  1.06577579e-01  1.20472180e-01  1.32590546e-01
  1.14522283e-01  1.40808559e-01  3.01475844e-01  1.35342337e-01
  1.29086279e-01  1.71383747e-01  1.50242656e-01  1.24049713e-01
  1.35335009e-01]

Gradient approximate =
[ 1.72464237e-03  1.82928834e-02  6.49375823e-03 -2.32097555e-02
 -9.27447260e-02 -2.72831303e-02 -4.03066561e-03 -4.09007377e-02
 -7.53163089e-03  6.69747310e-03  2.31689219e-02  7.65983358e-03
  7.65212183e-05  1.05438226e-02  3.37171465e-03 -4.39773409e-04
  2.56702635e-03 -5.48381638e-03  3.16747946e-01  1.39327905e-01
  1.28934058e-01  1.57385267e-01  1.67122818e-01  1.06911699e-01
  1.44411377e-01  2.84013208e-01  1.30146721e-01  1.25855416e-01
  1.43034088e-01  1.49142515e-01  1.10698677e-01  1.33723521e-01
  2.89390555e-01  1.36254786e-01  1.33717791e-01  1.46183628e-01
  1.51526769e-01  1.20617599e-01  1.37666582e-01  2.77014723e-01
  1.27973682e-01  1.19189445e-01  1.35514265e-01  1.45639524e-01
  1.03589864e-01  1.25533520e-01  3.01475844e-01  1.36103780e-01
  1.35445502e-01  1.55936390e-01  1.57943269e-01  1.19554075e-01
  1.46357800e-01]

Diff = 
[4.26720920e-12 9.23523031e-04 1.62625617e-02 5.80152940e-12
 1.01917037e-02 9.38080675e-03 9.01818203e-12 6.99344957e-03
 1.13995716e-02 2.80260034e-11 8.75769913e-04 4.01413019e-04
 4.65160342e-11 1.42972112e-02 1.64980849e-02 1.65942799e-11
 9.50250884e-03 1.01242607e-02 2.31430430e-11 1.33136792e-02
 1.50753249e-02 1.14207648e-02 7.73821139e-03 2.50943248e-03
 7.98184612e-03 1.44692036e-11 7.00784609e-03 3.84134410e-03
 1.35369562e-02 1.67072051e-02 5.30770129e-04 6.89551330e-03
 3.95750099e-12 2.54713489e-03 1.65858055e-02 1.46191603e-02
 1.14116372e-02 1.63741077e-02 2.11549805e-03 3.35520500e-11
 1.92412710e-04 1.26118656e-02 1.50420851e-02 1.30489779e-02
 1.09324187e-02 1.52750391e-02 2.16765494e-12 7.61442772e-04
 6.35922328e-03 1.54473563e-02 7.70061290e-03 4.49563881e-03
 1.10227906e-02]

 Iteration 100:
############################
Gradient = 
[-0.01836021 -0.05590672 -0.03054918 -0.03054264 -0.10988595 -0.03880418
 -0.02276012 -0.09959014 -0.01667182 -0.01847492 -0.06628629 -0.02066052
 -0.01583801 -0.05675599 -0.02799887 -0.02009107 -0.07354493 -0.01690442
  0.17224182  0.08057508  0.0737768   0.08194837  0.09033953  0.05481086
  0.06962756  0.15557929  0.05595505  0.06799679  0.06197601  0.08395438
  0.05409301  0.07131255  0.15807861  0.06090894  0.05493458  0.08179118
  0.07747268  0.0455122   0.06227397  0.15248936  0.0634418   0.06353808
  0.06182738  0.06022704  0.06132918  0.0766422   0.16534875  0.06214371
  0.06699831  0.09015746  0.06571411  0.06202152  0.06146468]

Gradient approximate =
[-0.01836021 -0.06093364 -0.01854376 -0.03054264 -0.12000776 -0.03652518
 -0.02276012 -0.10816804 -0.03011618 -0.01847492 -0.07405871 -0.02317102
 -0.01583801 -0.04960873 -0.01562171 -0.02009107 -0.07360108 -0.028928
  0.17224182  0.08629941  0.10477878  0.11225149  0.10419002  0.06569852
  0.0944304   0.15557929  0.0775634   0.08788716  0.09135642  0.08772172
  0.06812146  0.08186236  0.15807861  0.07940764  0.08601859  0.08734582
  0.0857815   0.07417269  0.08066563  0.15248936  0.07924577  0.09055636
  0.09195303  0.08889663  0.06487091  0.07927197  0.16534875  0.0790805
  0.08991463  0.09649818  0.0910338   0.07288298  0.08866256]

Diff = 
[1.92135891e-12 5.02691649e-03 1.20054184e-02 6.32751837e-12
 1.01218175e-02 2.27900012e-03 9.18349424e-12 8.57789773e-03
 1.34443620e-02 4.02193071e-11 7.77241537e-03 2.51049770e-03
 1.96111252e-11 7.14726061e-03 1.23771588e-02 1.00194887e-11
 5.61472678e-05 1.20235790e-02 1.05909420e-10 5.72433061e-03
 3.10019856e-02 3.03031233e-02 1.38504825e-02 1.08876613e-02
 2.48028381e-02 1.13815818e-10 2.16083564e-02 1.98903699e-02
 2.93804107e-02 3.76734550e-03 1.40284450e-02 1.05498063e-02
 1.18848903e-10 1.84987064e-02 3.10840083e-02 5.55464345e-03
 8.30882140e-03 2.86604805e-02 1.83916597e-02 1.17313215e-10
 1.58039690e-02 2.70182792e-02 3.01256533e-02 2.86695941e-02
 3.54173590e-03 2.62977345e-03 1.05041170e-10 1.69367871e-02
 2.29163199e-02 6.34071870e-03 2.53196856e-02 1.08614572e-02
 2.71978768e-02]

 Iteration 200:
############################
Gradient = 
[-0.01485188 -0.03529593 -0.02224558 -0.01948743 -0.05205157 -0.02060501
 -0.01548916 -0.05296968 -0.00559098 -0.01477381 -0.04157755 -0.0130996
 -0.01312993 -0.03766614 -0.02056493 -0.01555672 -0.04572661 -0.00856824
  0.09007855  0.04122889  0.03468994  0.03748389  0.04435546  0.02491948
  0.03117601  0.08655782  0.0190992   0.02611523  0.0187886   0.03833138
  0.02203913  0.03067796  0.08997847  0.02033432  0.0114899   0.03294224
  0.03034958  0.01188136  0.02009395  0.08344065  0.02797456  0.02627283
  0.02263018  0.02128816  0.03084755  0.03875272  0.09309624  0.02150569
  0.02156472  0.03823492  0.01955177  0.02589007  0.0184539 ]

Gradient approximate =
[-0.01485188 -0.04837273 -0.01481956 -0.01948743 -0.07580098 -0.02334102
 -0.01548916 -0.07460883 -0.02097342 -0.01477381 -0.05885872 -0.0185901
 -0.01312993 -0.03879335 -0.01239104 -0.01555672 -0.05618062 -0.02284183
  0.09007855  0.05703197  0.07479134  0.0777143   0.06933698  0.04236567
  0.06429882  0.08655782  0.04678567  0.05374803  0.05471827  0.05213499
  0.04228929  0.04959223  0.08997847  0.04538669  0.04786652  0.04784459
  0.04740923  0.0451383   0.0451246   0.08344065  0.05128513  0.06075446
  0.05969443  0.05658617  0.04200528  0.05093592  0.09309624  0.04520275
  0.05167628  0.05508768  0.05171151  0.04393436  0.05208916]

Diff = 
[1.02628860e-11 1.30768042e-02 7.42601760e-03 9.47776579e-13
 2.37494076e-02 2.73600508e-03 1.19456181e-12 2.16391413e-02
 1.53824391e-02 6.94928490e-12 1.72811715e-02 5.49050533e-03
 4.31517756e-11 1.12721361e-03 8.17389176e-03 6.14439055e-13
 1.04540158e-02 1.42735914e-02 1.52498569e-10 1.58030840e-02
 4.01013954e-02 4.02304014e-02 2.49815247e-02 1.74461877e-02
 3.31228149e-02 1.50228260e-10 2.76864691e-02 2.76328012e-02
 3.59296669e-02 1.38036135e-02 2.02501557e-02 1.89142747e-02
 1.35523731e-10 2.50523697e-02 3.63766269e-02 1.49023453e-02
 1.70596503e-02 3.32569351e-02 2.50306519e-02 1.43651813e-10
 2.33105694e-02 3.44816366e-02 3.70642542e-02 3.52980076e-02
 1.11577266e-02 1.21831978e-02 1.47543325e-10 2.36970608e-02
 3.01115585e-02 1.68527576e-02 3.21597385e-02 1.80442875e-02
 3.36352542e-02]

 Iteration 300:
############################
Gradient = 
[-0.01050473 -0.01605098 -0.01448585 -0.0122735  -0.0195912  -0.00992135
 -0.00962044 -0.02236209  0.0016134  -0.01009811 -0.01901362 -0.00602289
 -0.00951531 -0.01962659 -0.01358531 -0.01069069 -0.02254664 -0.00156955
  0.05224757  0.02016499  0.01115491  0.01249717  0.01986935  0.00950515
  0.01057091  0.05632247  0.00169366  0.00481503 -0.00184851  0.01580927
  0.0062725   0.0104711   0.06148481  0.0019515  -0.00757037  0.01039945
  0.00891332 -0.00350181  0.00110837  0.05228977  0.00986805  0.00561123
  0.00236668  0.00223721  0.0147914   0.01855708  0.06240762  0.00300252
  0.00026089  0.01334042 -0.00098239  0.00848208 -0.00126872]

Gradient approximate =
[-0.01050473 -0.03333743 -0.01013144 -0.0122735  -0.04908297 -0.01514613
 -0.00962044 -0.0501098  -0.01402667 -0.01009811 -0.04126377 -0.0130833
 -0.00951531 -0.02549119 -0.00827131 -0.01069069 -0.03861342 -0.01664593
  0.05224757  0.04099327  0.05493915  0.05674119  0.05008133  0.02972483
  0.04704469  0.05632247  0.03095012  0.03484312  0.03527964  0.03398038
  0.02876176  0.03267009  0.06148481  0.02867905  0.02888859  0.02872318
  0.02906033  0.03028312  0.02771036  0.05228977  0.03621471  0.04259563
  0.04133927  0.03932811  0.02967775  0.0354207   0.06240762  0.02856308
  0.03197038  0.03430005  0.03250365  0.02925821  0.03359132]

Diff = 
[3.82434969e-11 1.72864493e-02 4.35441188e-03 1.60379036e-11
 2.94917684e-02 5.22477636e-03 1.03742154e-11 2.77477090e-02
 1.56400769e-02 1.42865372e-11 2.22501457e-02 7.06040779e-03
 4.19306777e-11 5.86459975e-03 5.31400466e-03 1.53019854e-11
 1.60667850e-02 1.50763798e-02 1.60071678e-10 2.08282794e-02
 4.37842470e-02 4.42440261e-02 3.02119807e-02 2.02196753e-02
 3.64737830e-02 1.65322679e-10 2.92564597e-02 3.00280853e-02
 3.71281509e-02 1.81711063e-02 2.24892597e-02 2.21989918e-02
 1.40623117e-10 2.67275562e-02 3.64589542e-02 1.83237313e-02
 2.01470060e-02 3.37849280e-02 2.66019854e-02 1.50515600e-10
 2.63466641e-02 3.69843999e-02 3.89725902e-02 3.70908962e-02
 1.48863543e-02 1.68636232e-02 1.45710180e-10 2.55605614e-02
 3.17094905e-02 2.09596327e-02 3.34860417e-02 2.07761268e-02
 3.48600430e-02]

 Iteration 400:
############################
Gradient = 
[-0.00806688 -0.00684503 -0.01007905 -0.00876442 -0.00574155 -0.00500458
 -0.00674436 -0.00839918  0.00427742 -0.00754129 -0.00798286 -0.00252131
 -0.00746578 -0.01048363 -0.00953016 -0.00805029 -0.01121582  0.00169986
  0.03547537  0.00998451  0.00020568  0.00097045  0.00821206  0.0026466
  0.00118361  0.04351233 -0.0051386  -0.00379169 -0.00957048  0.00586322
 -0.00040445  0.00178481  0.04989997 -0.0050192  -0.01373504  0.00141436
  0.00039109 -0.0091329  -0.00589465  0.03873251  0.00174143 -0.00330177
 -0.0059024  -0.00551935  0.00713601  0.00900781  0.04975754 -0.00401766
 -0.00755999  0.00297056 -0.00843563  0.00118781 -0.00859095]

Gradient approximate =
[-0.00806688 -0.02597841 -0.0077785  -0.00876442 -0.03722863 -0.01144821
 -0.00674436 -0.03861359 -0.010822   -0.00754129 -0.03241549 -0.01027289
 -0.00746578 -0.01881694 -0.00615051 -0.00805029 -0.03003854 -0.01332961
  0.03547537  0.03327622  0.04483826  0.04623615  0.04069492  0.02382137
  0.03855423  0.04351233  0.02373453  0.02621365  0.02647716  0.02576812
  0.02250443  0.02492567  0.04989997  0.02135311  0.0208083   0.02063074
  0.02122256  0.02349627  0.02020166  0.03873251  0.02898623  0.03377321
  0.0326637   0.03119383  0.02381048  0.02811871  0.04975754  0.02136089
  0.02341694  0.02519507  0.02414197  0.02269962  0.02532753]

Diff = 
[5.21243118e-12 1.91333820e-02 2.30054836e-03 4.74685742e-12
 3.14870879e-02 6.44362843e-03 3.96254210e-12 3.02144071e-02
 1.50994212e-02 1.27453326e-11 2.44326293e-02 7.75158319e-03
 1.29454659e-11 8.33331099e-03 3.37965345e-03 1.81018013e-11
 1.88227246e-02 1.50294676e-02 1.66581186e-10 2.32917155e-02
 4.46325748e-02 4.52657071e-02 3.24828634e-02 2.11747663e-02
 3.73706153e-02 1.51729768e-10 2.88731325e-02 3.00053377e-02
 3.60476428e-02 1.99048934e-02 2.29088866e-02 2.31408581e-02
 1.58158715e-10 2.63723061e-02 3.45433383e-02 1.92163807e-02
 2.08314756e-02 3.26291694e-02 2.60963078e-02 1.69096653e-10
 2.72448001e-02 3.70749793e-02 3.85660961e-02 3.67131827e-02
 1.66744791e-02 1.91109010e-02 1.59371689e-10 2.53785506e-02
 3.09769225e-02 2.22245099e-02 3.25775997e-02 2.15118091e-02
 3.39184805e-02]

 Iteration 500:
############################
Gradient = 
[-0.00672798 -0.00281762 -0.00752912 -0.00695322  0.00014508 -0.00264128
 -0.00532987 -0.0020682   0.00494759 -0.0061774  -0.00287145 -0.00087971
 -0.00634891 -0.00615938 -0.00715155 -0.00662838 -0.00585351  0.00306356
  0.02774022  0.00511758 -0.00446318 -0.00399812  0.00274577 -0.00011077
 -0.00276397  0.0376896  -0.00739552 -0.00684237 -0.01178648  0.00147133
 -0.0030215  -0.00178865  0.04471268 -0.00732101 -0.01485898 -0.00207334
 -0.00287226 -0.01069386 -0.00804668  0.03250301 -0.00173549 -0.0067079
 -0.00872363 -0.00819487  0.00348814  0.00449553  0.04405725 -0.00630582
 -0.00986493 -0.00130767 -0.01057823 -0.00175122 -0.01077808]

Gradient approximate =
[-0.00672798 -0.02272899 -0.00670872 -0.00695322 -0.03175358 -0.00971375
 -0.00532987 -0.03310932 -0.00935211 -0.0061774  -0.02817672 -0.00890462
 -0.00634891 -0.01586598 -0.0051747  -0.00662838 -0.02607682 -0.01154516
  0.02774022  0.02964662  0.03975372  0.04095427  0.03610663  0.02124431
  0.03442578  0.0376896   0.02037567  0.02221451  0.02240244  0.02195405
  0.01956304  0.02131013  0.04471268  0.01796629  0.01721642  0.01704421
  0.01770728  0.02021864  0.01682738  0.03250301  0.02547075  0.02947067
  0.0285548   0.02731108  0.02103133  0.02471134  0.04405725  0.01815843
  0.01958837  0.02100972  0.02034232  0.01967782  0.02145424]

Diff = 
[2.59052328e-12 1.99113708e-02 8.20403207e-04 1.29421829e-11
 3.18986590e-02 7.07247238e-03 7.84552631e-12 3.10411190e-02
 1.42996971e-02 1.33671615e-11 2.53052722e-02 8.02490823e-03
 1.76503473e-11 9.70659765e-03 1.97684789e-03 2.21457366e-11
 2.02233181e-02 1.46087220e-02 1.59860295e-10 2.45290399e-02
 4.42168917e-02 4.49523869e-02 3.33608641e-02 2.13550841e-02
 3.71897491e-02 1.63149029e-10 2.77711867e-02 2.90568849e-02
 3.41889242e-02 2.04827173e-02 2.25845467e-02 2.30987850e-02
 1.71371251e-10 2.52873048e-02 3.20753962e-02 1.91175461e-02
 2.05795400e-02 3.09124993e-02 2.48740546e-02 1.49999894e-10
 2.72062387e-02 3.61785707e-02 3.72784359e-02 3.55059572e-02
 1.75431965e-02 2.02158060e-02 1.51126105e-10 2.44642449e-02
 2.94533027e-02 2.23173881e-02 3.09205471e-02 2.14290401e-02
 3.22323237e-02]

 Iteration 600:
############################
Gradient = 
[-5.89338110e-03 -9.86018006e-04 -5.87893921e-03 -5.87787905e-03
  2.75241365e-03 -1.38088176e-03 -4.54782600e-03  9.76679709e-04
  4.86210313e-03 -5.35763098e-03 -3.68557198e-04 -6.46485412e-05
 -5.65717454e-03 -3.97087424e-03 -5.60254683e-03 -5.75825040e-03
 -3.10485135e-03  3.58755265e-03  2.39344248e-02  2.71276074e-03
 -6.29448027e-03 -6.01160593e-03  1.19571796e-04 -1.06526990e-03
 -4.27746837e-03  3.46460528e-02 -7.84273160e-03 -7.67366519e-03
 -1.18822152e-02 -5.80832798e-04 -3.96338885e-03 -3.24108689e-03
  4.18929276e-02 -7.86369113e-03 -1.42468717e-02 -3.45506082e-03
 -4.11464123e-03 -1.07268818e-02 -8.40691654e-03  2.93252614e-02
 -3.17930896e-03 -7.77861501e-03 -9.31186526e-03 -8.77594260e-03
  1.64706457e-03  2.22681441e-03  4.09978785e-02 -6.81234125e-03
 -1.01259723e-02 -3.14776939e-03 -1.07512305e-02 -2.94412907e-03
 -1.10272174e-02]

Gradient approximate =
[-0.00589338 -0.02120293 -0.00619008 -0.00587788 -0.02887345 -0.00878598
 -0.00454783 -0.03013004 -0.00859828 -0.00535763 -0.02592759 -0.00816296
 -0.00565717 -0.01452063 -0.00470221 -0.00575825 -0.02406783 -0.01044909
  0.02393442  0.02788613  0.03698452  0.03806544  0.03369982  0.02017488
  0.03229361  0.03464605  0.01861958  0.0201324   0.0202793   0.01995866
  0.01801434  0.01941337  0.04189293  0.01612014  0.01534308  0.01517667
  0.01585579  0.01835407  0.01505575  0.02932526  0.02359255  0.02715011
  0.02641633  0.02527126  0.01961151  0.02299518  0.04099788  0.01652386
  0.01761343  0.01877189  0.01834222  0.01807235  0.01933769]

Diff = 
[3.43445029e-11 2.02169084e-02 3.11143627e-04 1.19175746e-11
 3.16258681e-02 7.40509372e-03 7.91059059e-13 3.11067224e-02
 1.34603878e-02 8.53349249e-12 2.55590327e-02 8.09831211e-03
 1.58793621e-11 1.05497553e-02 9.00332518e-04 8.38011084e-12
 2.09629770e-02 1.40366380e-02 1.54673007e-10 2.51733674e-02
 4.32789991e-02 4.40770488e-02 3.35802493e-02 2.12401525e-02
 3.65710760e-02 1.51142411e-10 2.64623124e-02 2.78060632e-02
 3.21615111e-02 2.05394899e-02 2.19777332e-02 2.26544543e-02
 1.47590017e-10 2.39838270e-02 2.95899531e-02 1.86317315e-02
 1.99704272e-02 2.90809559e-02 2.34626687e-02 1.61973105e-10
 2.67718548e-02 3.49287268e-02 3.57281903e-02 3.40472010e-02
 1.79644442e-02 2.07683681e-02 1.50877248e-10 2.33362003e-02
 2.77393999e-02 2.19196576e-02 2.90934502e-02 2.10164779e-02
 3.03649039e-02]

 Iteration 700:
############################
Gradient = 
[-5.29109035e-03 -6.96071124e-05 -4.69480074e-03 -5.14004588e-03
  3.94963601e-03 -6.31770979e-04 -4.04280427e-03  2.54415988e-03
  4.52035731e-03 -4.78682200e-03  9.65010840e-04  3.77122966e-04
 -5.15542693e-03 -2.72768772e-03 -4.49013890e-03 -5.14135804e-03
 -1.53099434e-03  3.73801424e-03  2.18902154e-02  1.44384833e-03
 -6.88043536e-03 -6.71918487e-03 -1.20365037e-03 -1.27927041e-03
 -4.74179387e-03  3.27231121e-02 -7.62512750e-03 -7.66264669e-03
 -1.12374302e-02 -1.63596993e-03 -4.24012306e-03 -3.82655571e-03
  3.99454901e-02 -7.78051323e-03 -1.31422545e-02 -4.03468606e-03
 -4.58993861e-03 -1.02412585e-02 -8.15728336e-03  2.74462475e-02
 -3.74754829e-03 -7.90064485e-03 -9.04916053e-03 -8.54946806e-03
  6.22304550e-04  9.62208038e-04  3.89493682e-02 -6.69881656e-03
 -9.69595901e-03 -3.99884644e-03 -1.02591636e-02 -3.45071236e-03
 -1.06025737e-02]

Gradient approximate =
[-0.00529109 -0.02036883 -0.00590024 -0.00514005 -0.02709505 -0.0082035
 -0.0040428  -0.0282509  -0.00814099 -0.00478682 -0.02453352 -0.0076915
 -0.00515543 -0.01383869 -0.00444345 -0.00514136 -0.02287799 -0.00967304
  0.02189022  0.02696077  0.03526883  0.03626533  0.0322735   0.01975575
  0.03105436  0.03272311  0.01751802  0.01883396  0.01895434  0.01870714
  0.01703546  0.01822056  0.03994549  0.0148696   0.01411761  0.01395465
  0.01463516  0.01705452  0.01389375  0.02744625  0.02242861  0.02568836
  0.02511247  0.02401944  0.0187728   0.02199325  0.03894937  0.01548503
  0.01635443  0.01730583  0.01704448  0.01701722  0.01791974]

Diff = 
[1.38648199e-11 2.02992209e-02 1.20543914e-03 1.52118379e-11
 3.10446844e-02 7.57172455e-03 1.98538920e-11 3.07950636e-02
 1.26613448e-02 5.06881342e-12 2.54985293e-02 8.06862704e-03
 2.06555884e-11 1.11110026e-02 4.66857960e-05 1.21979397e-11
 2.13469909e-02 1.34110555e-02 1.53106566e-10 2.55169216e-02
 4.21492695e-02 4.29845107e-02 3.34771532e-02 2.10350222e-02
 3.57961537e-02 1.67956281e-10 2.51431452e-02 2.64966029e-02
 3.01917735e-02 2.03431073e-02 2.12755867e-02 2.20471177e-02
 1.49254664e-10 2.26501149e-02 2.72598638e-02 1.79893396e-02
 1.92250960e-02 2.72957800e-02 2.20510325e-02 1.54883724e-10
 2.61761622e-02 3.35890007e-02 3.41616328e-02 3.25689130e-02
 1.81505003e-02 2.10310388e-02 1.60089712e-10 2.21838510e-02
 2.60503855e-02 2.13046728e-02 2.73036437e-02 2.04679282e-02
 2.85223147e-02]

 Iteration 800:
############################
Gradient = 
[-4.80610057e-03  4.45344496e-04 -3.78533396e-03 -4.57430476e-03
  4.49534768e-03 -1.46517393e-04 -3.66657287e-03  3.39333418e-03
  4.11561080e-03 -4.33916648e-03  1.73336149e-03  6.37050388e-04
 -4.74534087e-03 -1.93613342e-03 -3.63792944e-03 -4.65175914e-03
 -5.34522193e-04  3.71307471e-03  2.06629886e-02  7.06063615e-04
 -6.93260703e-03 -6.85711137e-03 -1.91767749e-03 -1.22243612e-03
 -4.77376868e-03  3.12646940e-02 -7.19709622e-03 -7.35695323e-03
 -1.03905928e-02 -2.24509819e-03 -4.26270161e-03 -4.05547369e-03
  3.83225748e-02 -7.49528915e-03 -1.19846010e-02 -4.29992726e-03
 -4.77007947e-03 -9.61737286e-03 -7.73369780e-03  2.61380974e-02
 -3.93919231e-03 -7.65772517e-03 -8.50473714e-03 -8.04928222e-03
 -1.96219180e-05  1.65871442e-04  3.72975684e-02 -6.40143866e-03
 -9.07849113e-03 -4.42685026e-03 -9.58982911e-03 -3.68562371e-03
 -9.98290824e-03]

Gradient approximate =
[-0.0048061  -0.01981864 -0.00570877 -0.0045743  -0.02582621 -0.00778202
 -0.00366657 -0.02689097 -0.00781164 -0.00433917 -0.023531   -0.00734384
 -0.00474534 -0.01343948 -0.00427944 -0.00465176 -0.02205198 -0.00906336
  0.02066299  0.02640121  0.03403873  0.03496925  0.03128918  0.01959806
  0.0302105   0.03126469  0.01668534  0.01786145  0.01796242  0.01776466
  0.0162886   0.01731921  0.03832258  0.01385565  0.01314064  0.01297896
  0.01365761  0.01599042  0.0129662   0.0261381   0.02158085  0.0246066
  0.02416353  0.02310743  0.01817893  0.02128891  0.03729757  0.01466832
  0.01537573  0.0161586   0.01602642  0.016174    0.01678924]

Diff = 
[9.69031539e-12 2.02639860e-02 1.92343779e-03 1.75359640e-11
 3.03215530e-02 7.63550612e-03 1.39394932e-11 3.02843087e-02
 1.19272509e-02 1.69677336e-11 2.52643634e-02 7.98088746e-03
 1.90225422e-11 1.15033487e-02 6.41511067e-04 5.45307029e-12
 2.15174579e-02 1.27764382e-02 1.57869211e-10 2.56951425e-02
 4.09713370e-02 4.18263611e-02 3.32068549e-02 2.08204953e-02
 3.49842724e-02 1.50615596e-10 2.38824393e-02 2.52184004e-02
 2.83530113e-02 2.00097600e-02 2.05513042e-02 2.13746815e-02
 1.56910450e-10 2.13509440e-02 2.51252398e-02 1.72788856e-02
 1.84276925e-02 2.56077973e-02 2.06999018e-02 1.64537883e-10
 2.55200429e-02 3.22643282e-02 3.26682686e-02 3.11567128e-02
 1.81985534e-02 2.11230359e-02 1.46504142e-10 2.10697562e-02
 2.44542167e-02 2.05854493e-02 2.56162537e-02 1.98596227e-02
 2.67721483e-02]

 Iteration 900:
############################
Gradient = 
[-0.00438942  0.00076549 -0.00305996 -0.00410869  0.00471355  0.00018571
 -0.00335637  0.00385928  0.00371993 -0.0039605   0.00219886  0.00079869
 -0.00438627 -0.0013873  -0.00296091 -0.00423549  0.00014232  0.00360057
  0.01982998  0.00022423 -0.00676569 -0.00675266 -0.0023365  -0.00109345
 -0.00464258  0.03001004 -0.00673197 -0.00696884 -0.00954225 -0.00263607
 -0.00419422 -0.00413377  0.03682749 -0.00716101 -0.01091408 -0.00443112
 -0.00483022 -0.00899148 -0.0072889   0.02509374 -0.00396834 -0.00729129
 -0.00790483 -0.00748982 -0.00046813 -0.00039426  0.03581265 -0.00607554
 -0.00845143 -0.00465504 -0.00891637 -0.00380809 -0.00934174]

Gradient approximate =
[-0.00438942 -0.01939396 -0.00556326 -0.00410869 -0.02482266 -0.00744506
 -0.00335637 -0.02580536 -0.00754179 -0.0039605  -0.02272869 -0.00705934
 -0.00438627 -0.01317082 -0.00416142 -0.00423549 -0.02140557 -0.00855368
  0.01982998  0.02599632  0.03304011  0.03391548  0.03050647  0.01952995
  0.02954049  0.03001004  0.01596699  0.01703197  0.01711758  0.0169572
  0.01563799  0.01654402  0.03682749  0.01294454  0.01226681  0.01210498
  0.01278098  0.01503554  0.01213477  0.02509374  0.0208786   0.0237021
  0.02336911  0.02234645  0.0176874   0.02070744  0.03581265  0.01393423
  0.01451368  0.01515719  0.01512787  0.01541409  0.01578867]

Diff = 
[1.27038579e-11 2.01594461e-02 2.50330853e-03 1.80564903e-11
 2.95362143e-02 7.63077007e-03 1.62037801e-11 2.96646412e-02
 1.12617252e-02 2.10107027e-11 2.49275507e-02 7.85802703e-03
 6.84980718e-12 1.17835245e-02 1.20051265e-03 2.64235335e-11
 2.15478909e-02 1.21542424e-02 1.56844655e-10 2.57720864e-02
 3.98058055e-02 4.06681334e-02 3.28429731e-02 2.06233966e-02
 3.41830737e-02 1.55087991e-10 2.26989666e-02 2.40008101e-02
 2.66598215e-02 1.95932783e-02 1.98322113e-02 2.06777856e-02
 1.55054226e-10 2.01055515e-02 2.31808967e-02 1.65361072e-02
 1.76111985e-02 2.40270195e-02 1.94236726e-02 1.70869856e-10
 2.48469364e-02 3.09933942e-02 3.12739373e-02 2.98362671e-02
 1.81555303e-02 2.11017003e-02 1.49703375e-10 2.00097666e-02
 2.29651035e-02 1.98122285e-02 2.40442385e-02 1.92221816e-02
 2.51304120e-02]

 