Iteration 0:
############################
Gradient = 
[-1.16973868e-02 -3.20795008e-02 -7.82308044e-03 -5.18432241e-05
 -1.27820114e-02 -6.21773399e-03  3.67630803e-03  8.98147252e-03
  1.01548710e-02 -4.16500826e-03 -3.37870403e-02 -5.10770163e-03
 -6.20753380e-05  3.91793208e-03 -2.83155884e-03  1.71975026e-03
  1.11368099e-02  1.32918341e-02  3.17025839e-01  1.91644305e-01
  1.17420932e-01  1.64099605e-01  1.70447380e-01  2.02004969e-01
  1.30109174e-01  3.03188054e-01  1.71962746e-01  1.23843038e-01
  1.57962096e-01  1.58855392e-01  1.80894320e-01  1.33505479e-01
  2.84656583e-01  1.54840835e-01  1.23716467e-01  1.48286748e-01
  1.47880467e-01  1.64322800e-01  1.29150426e-01  2.78708860e-01
  1.63541936e-01  1.11986686e-01  1.46991195e-01  1.48091388e-01
  1.70799443e-01  1.15985926e-01  3.19252149e-01  1.74646942e-01
  1.32388706e-01  1.62728440e-01  1.66447041e-01  1.88341267e-01
  1.45947816e-01]

Gradient approximate =
[-1.16973868e-02 -3.29975406e-02 -7.65542158e-03 -5.18431920e-05
 -1.22193328e-02 -5.40206214e-03  3.67630801e-03  8.69257428e-03
  1.10149123e-02 -4.16500826e-03 -3.41257282e-02 -5.03851996e-03
 -6.20753271e-05  3.25201334e-03 -3.48079639e-03  1.71975030e-03
  1.19195732e-02  1.31931627e-02  3.17025839e-01  1.91208094e-01
  1.18068074e-01  1.63840280e-01  1.70903513e-01  2.02016870e-01
  1.29228288e-01  3.03188054e-01  1.71554808e-01  1.24427901e-01
  1.57282037e-01  1.59269069e-01  1.81236300e-01  1.33470886e-01
  2.84656583e-01  1.55791388e-01  1.23076207e-01  1.48816890e-01
  1.47561485e-01  1.63890633e-01  1.29985055e-01  2.78708860e-01
  1.64473807e-01  1.11648557e-01  1.47950432e-01  1.48954947e-01
  1.70284488e-01  1.16958764e-01  3.19252149e-01  1.75284589e-01
  1.32088808e-01  1.61866062e-01  1.65656850e-01  1.88848554e-01
  1.45041506e-01]

Diff = 
[2.37967163e-11 9.18039863e-04 1.67658855e-04 3.20945706e-11
 5.62678647e-04 8.15671847e-04 1.67759769e-11 2.88898240e-04
 8.60041334e-04 4.19598384e-13 3.38687965e-04 6.91816672e-05
 1.08813590e-11 6.65918743e-04 6.49237548e-04 4.14331505e-11
 7.82763295e-04 9.86713175e-05 5.05306907e-12 4.36211293e-04
 6.47141580e-04 2.59324913e-04 4.56132837e-04 1.19016466e-05
 8.80886412e-04 1.35056966e-11 4.07938134e-04 5.84863024e-04
 6.80058835e-04 4.13676856e-04 3.41979734e-04 3.45935838e-05
 3.38514217e-11 9.50553306e-04 6.40260545e-04 5.30142272e-04
 3.18981255e-04 4.32166847e-04 8.34629033e-04 3.16427995e-11
 9.31870685e-04 3.38129016e-04 9.59236900e-04 8.63559274e-04
 5.14955695e-04 9.72837865e-04 1.83303372e-11 6.37646592e-04
 2.99897315e-04 8.62377770e-04 7.90191388e-04 5.07287714e-04
 9.06310519e-04]

 Iteration 100:
############################
Gradient = 
[-0.02722851 -0.09065242 -0.02724386 -0.01718376 -0.07605892 -0.02659804
 -0.01905812 -0.07707371 -0.01777816 -0.02239123 -0.10067941 -0.02743171
 -0.02214453 -0.07968167 -0.02946379 -0.01711543 -0.05810684 -0.00933148
  0.1526627   0.11825357  0.06732768  0.0928686   0.1071319   0.11749872
  0.06849616  0.14983825  0.09363855  0.06911407  0.08454773  0.08856071
  0.0948234   0.07111781  0.14274474  0.07817144  0.06906283  0.0767935
  0.07743597  0.08167439  0.06901297  0.13399276  0.09345205  0.06368393
  0.08087     0.08655438  0.09231534  0.05960134  0.16066777  0.09156189
  0.07343634  0.08467407  0.09055614  0.09758388  0.07959887]

Gradient approximate =
[-0.02722851 -0.0923812  -0.02731329 -0.01718376 -0.07607256 -0.02598752
 -0.01905812 -0.07789433 -0.01701591 -0.02239123 -0.10188684 -0.02758625
 -0.02214453 -0.08094155 -0.03034213 -0.01711543 -0.05770838 -0.00945798
  0.1526627   0.11933225  0.06886438  0.09384421  0.10894173  0.11905793
  0.06856532  0.14983825  0.09452828  0.07063626  0.08503994  0.09018317
  0.09650168  0.07207089  0.14274474  0.08025888  0.06936363  0.07841526
  0.07821848  0.08243431  0.07080829  0.13399276  0.09564121  0.06419695
  0.08292891  0.08856441  0.09307567  0.06141767  0.16066777  0.09349766
  0.07413796  0.08500779  0.09102096  0.09947677  0.07978414]

Diff = 
[4.14262132e-11 1.72878085e-03 6.94358862e-05 2.65110017e-11
 1.36435584e-05 6.10526506e-04 7.94629640e-12 8.20620318e-04
 7.62247345e-04 1.18870400e-11 1.20742210e-03 1.54546763e-04
 1.96557909e-11 1.25988245e-03 8.78333184e-04 1.60587169e-12
 3.98464799e-04 1.26495512e-04 1.11857412e-10 1.07868050e-03
 1.53669391e-03 9.75614374e-04 1.80982865e-03 1.55921777e-03
 6.91543414e-05 1.06317177e-10 8.89726908e-04 1.52219628e-03
 4.92214849e-04 1.62245701e-03 1.67827489e-03 9.53081646e-04
 1.21913674e-10 2.08743281e-03 3.00796732e-04 1.62176680e-03
 7.82515882e-04 7.59917288e-04 1.79531513e-03 1.19401766e-10
 2.18916098e-03 5.13016184e-04 2.05890565e-03 2.01002823e-03
 7.60337989e-04 1.81633591e-03 1.01402664e-10 1.93577573e-03
 7.01618904e-04 3.33717537e-04 4.64828205e-04 1.89288995e-03
 1.85272080e-04]

 Iteration 200:
############################
Gradient = 
[-0.01583192 -0.04726527 -0.01414463 -0.01163376 -0.05129229 -0.01929625
 -0.01222539 -0.04817303 -0.00976355 -0.01205943 -0.05711164 -0.01500177
 -0.01321221 -0.04459183 -0.01843158 -0.01198305 -0.0344973  -0.00283741
  0.06076316  0.06649134  0.03685733  0.05034074  0.06147922  0.06441016
  0.03337478  0.06853084  0.04186355  0.03389506  0.03988831  0.04044423
  0.04221854  0.03441446  0.06938721  0.02986804  0.03266481  0.03300225
  0.03121116  0.03263993  0.03284504  0.05605068  0.04580442  0.03356957
  0.04117481  0.04350326  0.04389337  0.02735325  0.07764837  0.03824793
  0.03503889  0.03740685  0.03996374  0.04287916  0.03995893]

Gradient approximate =
[-0.01583192 -0.04968132 -0.01442097 -0.01163376 -0.05195926 -0.01892052
 -0.01222539 -0.04963474 -0.00914445 -0.01205943 -0.05911074 -0.01537025
 -0.01321221 -0.04647992 -0.01955156 -0.01198305 -0.03457832 -0.00303039
  0.06076316  0.06847151  0.03890251  0.05201385  0.06411483  0.06685431
  0.03393755  0.06853084  0.04340488  0.03591666  0.04098079  0.04268962
  0.04455464  0.0358766   0.06938721  0.03246939  0.0334577   0.03515022
  0.03251319  0.03394397  0.0351306   0.05605068  0.04866695  0.03455531
  0.04382472  0.04614484  0.04531027  0.0295882   0.07764837  0.04080534
  0.03626574  0.03832736  0.04105682  0.04544516  0.04072185]

Diff = 
[1.18022224e-11 2.41605068e-03 2.76340264e-04 1.33482982e-12
 6.66967181e-04 3.75732126e-04 1.56167041e-11 1.46170887e-03
 6.19105787e-04 1.18438748e-11 1.99910681e-03 3.68478807e-04
 1.03477244e-11 1.88809299e-03 1.11997851e-03 6.48066670e-12
 8.10209827e-05 1.92987509e-04 1.67257021e-10 1.98017006e-03
 2.04518848e-03 1.67311168e-03 2.63561113e-03 2.44414812e-03
 5.62771125e-04 1.47285767e-10 1.54133198e-03 2.02159579e-03
 1.09247408e-03 2.24538769e-03 2.33609406e-03 1.46213711e-03
 1.52430346e-10 2.60135754e-03 7.92892559e-04 2.14797256e-03
 1.30202497e-03 1.30404503e-03 2.28556306e-03 1.37565806e-10
 2.86252933e-03 9.85736092e-04 2.64990991e-03 2.64157957e-03
 1.41689986e-03 2.23495667e-03 1.54114665e-10 2.55741347e-03
 1.22685315e-03 9.20507867e-04 1.09308453e-03 2.56599357e-03
 7.62924905e-04]

 Iteration 300:
############################
Gradient = 
[-0.00805242 -0.02060366 -0.00582119 -0.00585026 -0.02748189 -0.01191572
 -0.00589863 -0.02386525 -0.00257817 -0.00445188 -0.028381   -0.00647339
 -0.00628302 -0.0199684  -0.01055322 -0.00665646 -0.01160868  0.00366299
  0.01835501  0.03792506  0.01913091  0.02654865  0.03511804  0.03580408
  0.01361648  0.03341742  0.01628675  0.01491081  0.01717973  0.01574583
  0.01651466  0.01586243  0.03862861  0.00734619  0.01356131  0.011792
  0.00900815  0.00990279  0.01537215  0.0220421   0.02153419  0.01710093
  0.02055244  0.02062769  0.01958527  0.0107842   0.04175529  0.01226267
  0.01449165  0.01365678  0.01447427  0.01645688  0.01991063]

Gradient approximate =
[-0.00805242 -0.02334153 -0.00619205 -0.00585026 -0.02853065 -0.01169231
 -0.00589863 -0.0256733  -0.00201711 -0.00445188 -0.03078899 -0.00694395
 -0.00628302 -0.02216403 -0.01181308 -0.00665646 -0.01191008  0.00347666
  0.01835501  0.04040943  0.02144601  0.02859207  0.03822064  0.03873128
  0.01440355  0.03341742  0.01810158  0.0171647   0.01854262  0.01825601
  0.01912704  0.01756361  0.03862861  0.01011786  0.01457311  0.01414938
  0.010496    0.01140354  0.01788618  0.0220421   0.02471725  0.01832989
  0.02349753  0.02357515  0.02130348  0.01319943  0.04175529  0.01505522
  0.01595344  0.01481714  0.01582279  0.01930157  0.02095936]

Diff = 
[2.52847292e-11 2.73787481e-03 3.70866267e-04 1.16018601e-11
 1.04876338e-03 2.23407628e-04 2.84780394e-11 1.80804753e-03
 5.61063722e-04 1.24901626e-11 2.40798662e-03 4.70556931e-04
 4.19063048e-12 2.19563008e-03 1.25985220e-03 2.20762636e-11
 3.01394800e-04 1.86331947e-04 1.65499198e-10 2.48436385e-03
 2.31509554e-03 2.04341782e-03 3.10260056e-03 2.92720267e-03
 7.87076272e-04 1.58243814e-10 1.81482663e-03 2.25388967e-03
 1.36289014e-03 2.51017505e-03 2.61237996e-03 1.70117348e-03
 1.54287395e-10 2.77167136e-03 1.01179993e-03 2.35737882e-03
 1.48784344e-03 1.50074544e-03 2.51403365e-03 1.63024792e-10
 3.18306585e-03 1.22895855e-03 2.94508781e-03 2.94746001e-03
 1.71820368e-03 2.41523706e-03 1.56409441e-10 2.79255284e-03
 1.46178451e-03 1.16035877e-03 1.34851624e-03 2.84469109e-03
 1.04872892e-03]

 Iteration 400:
############################
Gradient = 
[-0.00415734 -0.00890817 -0.00210617 -0.00275354 -0.01541517 -0.00803234
 -0.00262014 -0.01232987  0.00093297 -0.00061795 -0.01544424 -0.00260088
 -0.00276252 -0.0087794  -0.00694377 -0.00386506  0.0006947   0.00709207
 -0.00101095  0.02387504  0.01012561  0.01464153  0.02199217  0.02185107
  0.00311359  0.01876524  0.00510604  0.00603646  0.00700064  0.0047231
  0.00527082  0.00765808  0.02631225 -0.00194903  0.00488941  0.00278306
 -0.00032787  0.0004713   0.00838612  0.0075704   0.01059656  0.00923625
  0.01111457  0.01013788  0.0085968   0.00310364  0.02673024  0.00095173
  0.00493157  0.00302069  0.00315291  0.004972    0.01110424]

Gradient approximate =
[-0.00415734 -0.01178508 -0.00251406 -0.00275354 -0.01667017 -0.00790599
 -0.00262014 -0.0143107   0.00148793 -0.00061795 -0.01806192 -0.00311411
 -0.00276252 -0.01111085 -0.00828833 -0.00386506  0.00034526  0.00696103
 -0.00101095  0.0266591   0.01258134  0.01688343  0.02537166  0.02505733
  0.00397904  0.01876524  0.00702005  0.00838919  0.00847738  0.00732812
  0.00798432  0.00947087  0.02631225  0.00084303  0.00598759  0.00520684
  0.0011968   0.00201715  0.01101289  0.0075704   0.01393264  0.01059157
  0.01421133  0.01323192  0.01044842  0.00558337  0.02673024  0.00380269
  0.00648418  0.00425735  0.00458195  0.00791582  0.01230136]

Diff = 
[7.55461492e-12 2.87691139e-03 4.07888759e-04 7.92103666e-12
 1.25500184e-03 1.26350517e-04 1.61954651e-13 1.98083357e-03
 5.54967015e-04 1.12649623e-11 2.61768653e-03 5.13227512e-04
 1.64928431e-11 2.33144347e-03 1.34456187e-03 4.65831627e-12
 3.49436085e-04 1.31044341e-04 1.52746999e-10 2.78406798e-03
 2.45573486e-03 2.24189452e-03 3.37949028e-03 3.20626022e-03
 8.65444143e-04 1.57822221e-10 1.91400838e-03 2.35272423e-03
 1.47673854e-03 2.60502152e-03 2.71349584e-03 1.81279010e-03
 1.60709890e-10 2.79205846e-03 1.09817755e-03 2.42378429e-03
 1.52466736e-03 1.54584655e-03 2.62677226e-03 1.46085690e-10
 3.33607601e-03 1.35531678e-03 3.09675326e-03 3.09404080e-03
 1.85161673e-03 2.47972520e-03 1.68634322e-10 2.85096554e-03
 1.55261763e-03 1.23665862e-03 1.42903833e-03 2.94381919e-03
 1.19711860e-03]

 Iteration 500:
############################
Gradient = 
[-2.16782898e-03 -4.08227362e-03 -5.36004647e-04 -1.24744736e-03
 -9.99168051e-03 -6.17022544e-03 -1.01219889e-03 -7.37487124e-03
  2.51652120e-03  1.33792402e-03 -9.83680492e-03 -9.25735003e-04
 -9.86945105e-04 -4.01513684e-03 -5.39811877e-03 -2.58368823e-03
  7.10179257e-03  8.80195422e-03 -1.02243859e-02  1.69129155e-02
  5.78478992e-03  8.73435590e-03  1.55393836e-02  1.50085704e-02
 -2.79047205e-03  1.25751517e-02  3.20764163e-04  2.03337076e-03
  2.55598238e-03 -8.56688536e-05  4.41050301e-04  4.24663204e-03
  2.13934826e-02 -5.63528040e-03  1.02644774e-03 -9.05051504e-04
 -4.12315372e-03 -3.32123707e-03  6.15141959e-03  1.28688904e-03
  5.73945131e-03  5.63482522e-03  6.94232270e-03  5.45339497e-03
  3.66102700e-03 -4.32763858e-04  2.03532628e-02 -3.87505545e-03
  6.14233760e-04 -1.67092779e-03 -1.79402098e-03  8.07702605e-05
  7.54275003e-03]

Gradient approximate =
[-0.00216783 -0.00702039 -0.00095598 -0.00124745 -0.01136958 -0.00611345
 -0.0010122  -0.00945036  0.0030896   0.00133792 -0.0125766  -0.00145542
 -0.00098695 -0.00640701 -0.00680302 -0.00258369  0.006794    0.00875078
 -0.01022439  0.01989617  0.00831715  0.01108938  0.01910204  0.01839447
 -0.00192568  0.01257515  0.00225864  0.00442379  0.00407742  0.00253937
  0.00317983  0.00611623  0.02139348 -0.00288359  0.00215171  0.00152553
 -0.00262325 -0.00179223  0.00884808  0.00128689  0.00915375  0.00706191
  0.01012622  0.00862207  0.00557061  0.00205821  0.02035326 -0.00104177
  0.00219182 -0.00043046 -0.00036133  0.00304651  0.00882995]

Diff = 
[8.85175874e-12 2.93811635e-03 4.19970701e-04 2.48884741e-11
 1.37789855e-03 5.67779409e-05 2.44816090e-11 2.07549160e-03
 5.73079455e-04 8.89248722e-12 2.73979872e-03 5.29684900e-04
 1.17618461e-11 2.39187375e-03 1.40489644e-03 3.02676243e-12
 3.07788650e-04 5.11780754e-05 1.62801718e-10 2.98325027e-03
 2.53236154e-03 2.35502104e-03 3.56265353e-03 3.38589936e-03
 8.64796730e-04 1.47329192e-10 1.93788050e-03 2.39041710e-03
 1.52143877e-03 2.62503992e-03 2.73877588e-03 1.86960122e-03
 1.69027889e-10 2.75168997e-03 1.12526169e-03 2.43057691e-03
 1.49989960e-03 1.52900302e-03 2.69666403e-03 1.57384516e-10
 3.41429983e-03 1.42708757e-03 3.18389763e-03 3.16867246e-03
 1.90958503e-03 2.49097778e-03 1.65591110e-10 2.83328663e-03
 1.57759017e-03 1.24047116e-03 1.43268992e-03 2.96573727e-03
 1.28719527e-03]

 Iteration 600:
############################
Gradient = 
[-1.05196299e-03 -2.25933984e-03  9.50658456e-05 -5.03793375e-04
 -7.68260971e-03 -5.26455507e-03 -1.88171028e-04 -5.38327072e-03
  3.23052987e-03  2.43712884e-03 -7.41666300e-03 -2.09734413e-04
 -2.20567494e-05 -2.09518204e-03 -4.76815948e-03 -2.04089730e-03
  1.08733289e-02  9.74242594e-03 -1.47625470e-02  1.33671183e-02
  3.81462820e-03  5.77709042e-03  1.23440850e-02  1.15869561e-02
 -6.52315702e-03  9.94689450e-03 -1.70178582e-03  2.27881027e-04
  6.26009929e-04 -2.17782332e-03 -1.61433713e-03  2.94627737e-03
  1.94449852e-02 -7.02495379e-03 -7.72238820e-04 -2.38389421e-03
 -5.62853206e-03 -4.80157214e-03  5.98166145e-03 -1.47625527e-03
  3.58357132e-03  4.01801158e-03  5.15034950e-03  3.38074091e-03
  1.41521182e-03 -2.15063946e-03  1.76188250e-02 -5.90728511e-03
 -1.35396393e-03 -3.76910113e-03 -3.96567644e-03 -1.96582087e-03
  6.33243253e-03]

Gradient approximate =
[-1.05196300e-03 -5.22749076e-03 -3.26634115e-04 -5.03793374e-04
 -9.14680920e-03 -5.26415101e-03 -1.88171057e-04 -7.52071807e-03
  3.83260435e-03  2.43712882e-03 -1.02406842e-02 -7.44596891e-04
 -2.20567697e-05 -4.51602268e-03 -6.22314383e-03 -2.04089730e-03
  1.06560609e-02  9.78378727e-03 -1.47625469e-02  1.64991566e-02
  6.39344859e-03  8.20272746e-03  1.60436786e-02  1.51033196e-02
 -5.70565715e-03  9.94689466e-03  2.27885757e-04  2.62846044e-03
  2.16204181e-03  4.34639520e-04  1.11725609e-03  4.85059076e-03
  1.94449853e-02 -4.33729000e-03  3.53312415e-04  2.92872193e-05
 -4.17819660e-03 -3.31404308e-03  8.73756295e-03 -1.47625511e-03
  7.04288877e-03  5.49209075e-03  8.39317770e-03  6.59203731e-03
  3.34871114e-03  3.26636242e-04  1.76188251e-02 -3.12398872e-03
  2.18801173e-04 -2.55693062e-03 -2.56296963e-03  9.89160265e-04
  7.68740609e-03]

Diff = 
[9.23300997e-12 2.96815092e-03 4.21699961e-04 1.37083899e-12
 1.46419949e-03 4.04068628e-07 2.84629596e-11 2.13744735e-03
 6.02074479e-04 1.59915666e-11 2.82402122e-03 5.34862478e-04
 2.03615874e-11 2.42084064e-03 1.45498434e-03 2.95321883e-12
 2.17267995e-04 4.13613313e-05 1.59652926e-10 3.13203836e-03
 2.57882040e-03 2.42563704e-03 3.69959362e-03 3.51636352e-03
 8.17499869e-04 1.61238236e-10 1.92967157e-03 2.40057941e-03
 1.53603188e-03 2.61246284e-03 2.73159323e-03 1.90431339e-03
 1.56437634e-10 2.68766379e-03 1.12555124e-03 2.41318143e-03
 1.45033546e-03 1.48752906e-03 2.75590150e-03 1.58217226e-10
 3.45931745e-03 1.47407917e-03 3.24282820e-03 3.21129640e-03
 1.93349932e-03 2.47727571e-03 1.50884007e-10 2.78329639e-03
 1.57276510e-03 1.21217050e-03 1.40270681e-03 2.95498114e-03
 1.35497355e-03]

 Iteration 700:
############################
Gradient = 
[-3.38238891e-04 -1.75251800e-03  3.16010788e-04 -1.08070708e-04
 -6.79146999e-03 -4.79803869e-03  2.78055254e-04 -4.69620844e-03
  3.56386309e-03  3.14725069e-03 -6.38237744e-03  9.01073331e-05
  5.67750762e-04 -1.43037447e-03 -4.54147638e-03 -1.85377733e-03
  1.35850189e-02  1.03697629e-02 -1.70547444e-02  1.15081716e-02
  3.04992148e-03  4.29318066e-03  1.07612387e-02  9.85042862e-03
 -9.27314155e-03  8.84665753e-03 -2.53035685e-03 -6.01253670e-04
 -2.07308882e-04 -3.08343397e-03 -2.46734281e-03  2.57125297e-03
  1.86917839e-02 -7.48613734e-03 -1.70193392e-03 -2.96180185e-03
 -6.19773721e-03 -5.34370661e-03  6.73548114e-03 -2.68801449e-03
  2.63460439e-03  3.31453260e-03  4.43365605e-03  2.48319869e-03
  3.73403256e-04 -3.10426556e-03  1.64469159e-02 -6.73342582e-03
 -2.28448192e-03 -4.74005439e-03 -4.92705640e-03 -2.78288002e-03
  6.19772938e-03]

Gradient approximate =
[-0.00033824 -0.00473995 -0.00010344 -0.00010807 -0.00832691 -0.00484744
  0.00027806 -0.00688311  0.0041999   0.00314725 -0.00927432 -0.00044515
  0.00056775 -0.00386811 -0.00604254 -0.00185378  0.01348971  0.01051123
 -0.01705474  0.014763    0.00566221  0.00676811  0.01457486  0.01347249
 -0.00853455  0.00884666 -0.00062231  0.00179699  0.00133027 -0.00049771
  0.00024337  0.00450252  0.01869178 -0.00487106 -0.00058908 -0.00057562
 -0.00480664 -0.00390706  0.00955406 -0.00268801  0.00612424  0.0048246
  0.00772359  0.00572306  0.0023152  -0.00065345  0.01644692 -0.00401356
 -0.00073031 -0.00357073 -0.00356915  0.00014789  0.00761441]

Diff = 
[1.11770668e-12 2.98742738e-03 4.19451850e-04 1.52617492e-11
 1.53543557e-03 4.94059731e-05 1.28114823e-11 2.18690425e-03
 6.36034995e-04 2.30176650e-11 2.89194665e-03 5.35254419e-04
 4.23374205e-12 2.43773644e-03 1.50106478e-03 8.70353095e-12
 9.53079824e-05 1.41468401e-04 1.57659805e-10 3.25483271e-03
 2.61228939e-03 2.47492909e-03 3.81361964e-03 3.62206364e-03
 7.38596156e-04 1.53263667e-10 1.90804778e-03 2.39824596e-03
 1.53757793e-03 2.58572598e-03 2.71071271e-03 1.93127139e-03
 1.62027468e-10 2.61508126e-03 1.11285021e-03 2.38618173e-03
 1.39109732e-03 1.43664822e-03 2.81857751e-03 1.58990080e-10
 3.48963153e-03 1.51007125e-03 3.28993098e-03 3.23986226e-03
 1.94179734e-03 2.45081678e-03 1.61550613e-10 2.71986376e-03
 1.55417394e-03 1.16932390e-03 1.35790645e-03 2.93076979e-03
 1.41667776e-03]

 Iteration 800:
############################
Gradient = 
[ 0.00018789 -0.00181794  0.00035944  0.00013357 -0.00654829 -0.00453529
  0.00058277 -0.00457605  0.00373365  0.00368023 -0.00594714  0.00021115
  0.00098243 -0.00131669 -0.00449126 -0.00185195  0.01592931  0.01087967
 -0.01823882  0.01050222  0.00290204  0.00355827  0.00998732  0.00896165
 -0.01162665  0.00841176 -0.00284106 -0.0009966  -0.00056098 -0.00346681
 -0.00279612  0.00260999  0.0184209  -0.00757449 -0.00226363 -0.00317566
 -0.00638335 -0.00550584  0.00794324 -0.0032042   0.00223024  0.00303294
  0.00420685  0.00211768 -0.00012342 -0.00376378  0.0159556  -0.00703629
 -0.00275664 -0.0052186  -0.00535475 -0.00306577  0.00659087]

Gradient approximate =
[ 1.87891165e-04 -4.82281463e-03 -5.65622682e-05  1.33568723e-04
 -8.14970815e-03 -4.63099254e-03  5.82770376e-04 -6.80876243e-03
  4.40603975e-03  3.68023124e-03 -8.90009386e-03 -3.22523186e-04
  9.82428852e-04 -3.76780400e-03 -6.03714573e-03 -1.85194596e-03
  1.59807665e-02  1.11268070e-02 -1.82388149e-02  1.38660351e-02
  5.54356807e-03  6.07183936e-03  1.39036687e-02  1.26767922e-02
 -1.09920169e-02  8.41175642e-03 -9.59970428e-04  1.39349133e-03
  9.72538703e-04 -9.13906706e-04 -1.11835516e-04  4.56679027e-03
  1.84208999e-02 -5.03446143e-03 -1.17065970e-03 -8.20158963e-04
 -5.05498833e-03 -4.12331770e-03  1.08344630e-02 -3.20419857e-03
  5.74378036e-03  4.57435490e-03  7.53948661e-03  5.38014692e-03
  1.81935002e-03 -1.34721129e-03  1.59555963e-02 -4.38514307e-03
 -1.22774673e-03 -4.09902402e-03 -4.04822488e-03 -1.64341298e-04
  8.07079460e-03]

Diff = 
[1.35563591e-11 3.00487812e-03 4.16004291e-04 9.07736527e-12
 1.60141382e-03 9.57068020e-05 1.19204212e-12 2.23271230e-03
 6.72389698e-04 5.97483217e-12 2.95295354e-03 5.33670748e-04
 3.29929625e-11 2.45111060e-03 1.54588074e-03 4.12638717e-12
 5.14549362e-05 2.47138887e-04 1.52205224e-10 3.36381304e-03
 2.64153029e-03 2.51356568e-03 3.91634547e-03 3.71514329e-03
 6.34633866e-04 1.66183798e-10 1.88108769e-03 2.39009067e-03
 1.53352261e-03 2.55290335e-03 2.68428554e-03 1.95680290e-03
 1.66409105e-10 2.54002597e-03 1.09297086e-03 2.35549742e-03
 1.32836454e-03 1.38252631e-03 2.89122098e-03 1.52891511e-10
 3.51354350e-03 1.54141101e-03 3.33263243e-03 3.26246666e-03
 1.94277047e-03 2.41657327e-03 1.51331340e-10 2.65114835e-03
 1.52889219e-03 1.11957850e-03 1.30652763e-03 2.90142653e-03
 1.47992467e-03]

 Iteration 900:
############################
Gradient = 
[ 0.00062553 -0.00211988  0.00032949  0.00031118 -0.0066029  -0.00436932
  0.00081635 -0.00469332  0.00383635  0.0041331  -0.00576149  0.00025856
  0.00131468 -0.00143697 -0.00451586 -0.00196957  0.01816948  0.01134052
 -0.01887089  0.00993427  0.0030682   0.00320721  0.00961901  0.00850367
 -0.0138733   0.00827161 -0.00292593 -0.00119724 -0.00070297 -0.00361649
 -0.00289401  0.00284384  0.0183489  -0.00751121 -0.00266176 -0.00324082
 -0.00640646 -0.00551033  0.00940784 -0.00340509  0.00207355  0.00294765
  0.00420541  0.00199398 -0.000371   -0.00433637  0.01576708 -0.00710938
 -0.00302372 -0.00547845 -0.00554105 -0.00311405  0.00727718]

Gradient approximate =
[ 6.25531442e-04 -5.14420692e-03 -8.30491764e-05  3.11183479e-04
 -8.26953537e-03 -4.50924797e-03  8.16350134e-04 -6.97198923e-03
  4.54639844e-03  4.13310050e-03 -8.77254314e-03 -2.72743881e-04
  1.31467860e-03 -3.90164321e-03 -6.10648077e-03 -1.96957410e-03
  1.83903838e-02  1.16981349e-02 -1.88708865e-02  1.33994510e-02
  5.73922114e-03  5.75420611e-03  1.36326136e-02  1.23054197e-02
 -1.33653442e-02  8.27160778e-03 -1.07362265e-03  1.18185070e-03
  8.24162516e-04 -1.09891759e-03 -2.38131161e-04  4.82763227e-03
  1.83488994e-02 -5.04626225e-03 -1.59334337e-03 -9.17294185e-04
 -5.14176786e-03 -4.18264847e-03  1.23850836e-02 -3.40508970e-03
  5.60836784e-03  4.51869347e-03  7.57974079e-03  5.27676439e-03
  1.56918535e-03 -1.96006116e-03  1.57670812e-02 -4.52867451e-03
 -1.52366515e-03 -4.41215256e-03 -4.28881222e-03 -2.43468095e-04
  8.82582447e-03]

Diff = 
[2.80599469e-12 3.02432579e-03 4.12542255e-04 1.29446291e-12
 1.66663059e-03 1.39929704e-04 4.92365350e-12 2.27867120e-03
 7.10050737e-04 9.54061483e-13 3.01104849e-03 5.31302149e-04
 2.17811316e-11 2.46467760e-03 1.59062040e-03 7.20914170e-12
 2.20907613e-04 3.57614317e-04 1.59225650e-10 3.46518597e-03
 2.67102359e-03 2.54699594e-03 4.01360560e-03 3.80174627e-03
 5.07958400e-04 1.55476418e-10 1.85230274e-03 2.37908923e-03
 1.52713328e-03 2.51757056e-03 2.65587952e-03 1.98379336e-03
 1.75730756e-10 2.46494739e-03 1.06841371e-03 2.32352503e-03
 1.26469529e-03 1.32767779e-03 2.97724335e-03 1.61217641e-10
 3.53481384e-03 1.57104012e-03 3.37433104e-03 3.28278368e-03
 1.94018983e-03 2.37630818e-03 1.50085631e-10 2.58070533e-03
 1.50005802e-03 1.06629397e-03 1.25223712e-03 2.87058151e-03
 1.54864704e-03]

 