Iteration 0:
############################
Gradient = 
[ 3.79182035e-06  2.61028689e-03 -4.88727258e-03  2.43924848e-06
 -2.77347963e-03  3.76440534e-03 -2.12385489e-04 -6.32915076e-04
  9.94837663e-04 -1.72999191e-04 -3.89608335e-03 -4.30847279e-03
 -1.15189540e-02 -5.93365694e-03 -7.16618029e-03 -1.89461676e-02
 -7.65035809e-03 -6.18659686e-03  2.89839713e-01  1.41594475e-01
  1.52816210e-01  2.73497111e-01  1.27920680e-01  1.45670337e-01
  2.97232915e-01  1.38462730e-01  1.56678658e-01  3.02587157e-01
  1.40880026e-01  1.58698078e-01  2.84035575e-01  1.36472455e-01
  1.50170617e-01]

Gradient approximate =
[-2.65919509e-06  1.09163256e-05 -3.08750092e-05 -2.11263895e-06
 -1.91816785e-05  1.91609084e-05  3.23477920e-01  1.68732625e-01
  1.54308761e-01  2.71448385e-01  1.41533402e-01  1.29396300e-01
  2.79057669e-01  1.45573051e-01  1.33092812e-01  3.37042759e-01
  1.75834064e-01  1.60776024e-01  2.91260622e-01  1.51954112e-01
  1.38905473e-01  0.00000000e+00  0.00000000e+00  0.00000000e+00
  0.00000000e+00  0.00000000e+00  0.00000000e+00  0.00000000e+00
  0.00000000e+00  0.00000000e+00  0.00000000e+00  0.00000000e+00
  0.00000000e+00]

Diff = 
[6.45101543e-06 2.59937057e-03 4.85639757e-03 4.55188743e-06
 2.75429795e-03 3.74524443e-03 3.23690306e-01 1.69365540e-01
 1.53313923e-01 2.71621384e-01 1.45429486e-01 1.33704773e-01
 2.90576623e-01 1.51506708e-01 1.40258992e-01 3.55988926e-01
 1.83484423e-01 1.66962620e-01 1.42090902e-03 1.03596371e-02
 1.39107370e-02 2.73497111e-01 1.27920680e-01 1.45670337e-01
 2.97232915e-01 1.38462730e-01 1.56678658e-01 3.02587157e-01
 1.40880026e-01 1.58698078e-01 2.84035575e-01 1.36472455e-01
 1.50170617e-01]

 Iteration 100:
############################
Gradient = 
[-3.40407962e-06  2.46200444e-03 -4.65592466e-03 -2.30014241e-06
 -2.64962916e-03  3.57155676e-03  1.88904255e-04 -4.10402949e-04
  1.12322559e-03  1.63438278e-04 -3.54444202e-03 -3.94688494e-03
 -5.94532979e-03 -3.60212942e-03 -1.81366168e-03 -9.75812934e-03
 -8.71316540e-03 -8.69576949e-03  3.21540579e-01  1.67197268e-01
  1.54686625e-01  2.77884209e-01  1.41306522e-01  1.28766815e-01
  2.80133787e-01  1.46281325e-01  1.32225783e-01  3.41211735e-01
  1.80598808e-01  1.66334058e-01  1.73493339e-01  8.47776343e-02
  7.22384316e-02]

Gradient approximate =
[-1.39326550e-06  7.45709050e-06 -2.73580314e-05 -4.46060966e-07
 -1.76763737e-05  2.04917683e-05  3.09376158e-01  1.61348549e-01
  1.47844775e-01  2.71818316e-01  1.41706269e-01  1.29817725e-01
  3.21540579e-01  1.67694758e-01  1.53661607e-01  2.77884209e-01
  1.44908413e-01  1.32770719e-01  3.21540579e-01  1.67694766e-01
  1.53660714e-01  0.00000000e+00  0.00000000e+00  0.00000000e+00
  0.00000000e+00  0.00000000e+00  0.00000000e+00  0.00000000e+00
  0.00000000e+00  0.00000000e+00  0.00000000e+00  0.00000000e+00
  0.00000000e+00]

Diff = 
[2.01081412e-06 2.45454735e-03 4.62856663e-03 1.85408145e-06
 2.63195279e-03 3.55106499e-03 3.09187253e-01 1.61758952e-01
 1.46721550e-01 2.71654878e-01 1.45250711e-01 1.33764610e-01
 3.27485909e-01 1.71296887e-01 1.55475269e-01 2.87642338e-01
 1.53621579e-01 1.41466489e-01 1.29821154e-11 4.97497509e-04
 1.02591097e-03 2.77884209e-01 1.41306522e-01 1.28766815e-01
 2.80133787e-01 1.46281325e-01 1.32225783e-01 3.41211735e-01
 1.80598808e-01 1.66334058e-01 1.73493339e-01 8.47776343e-02
 7.22384316e-02]

 Iteration 200:
############################
Gradient = 
[-1.80248900e-06  2.34877046e-03 -4.42495270e-03 -1.18494400e-06
 -2.51335699e-03  3.39603833e-03  1.11082502e-04 -4.32880863e-04
  1.03679601e-03  8.90420487e-05 -3.40925588e-03 -3.78246397e-03
 -4.62910882e-03 -2.89570655e-03 -1.24228269e-03 -5.89491429e-03
 -6.52361468e-03 -6.65612814e-03  3.21429701e-01  1.67124723e-01
  1.54857024e-01  2.78748969e-01  1.41902366e-01  1.29616870e-01
  2.82291601e-01  1.47556676e-01  1.33594138e-01  3.45274092e-01
  1.83079669e-01  1.68976506e-01  6.89082703e-02  2.17617813e-02
  1.44846213e-02]

Gradient approximate =
[-1.22562627e-06  7.58014540e-06 -2.59660271e-05 -4.03796996e-07
 -1.66550462e-05  1.94527372e-05  3.09806431e-01  1.61538203e-01
  1.48319147e-01  2.72917914e-01  1.42251935e-01  1.30583543e-01
  3.21429701e-01  1.67601304e-01  1.53886528e-01  2.78748969e-01
  1.45329399e-01  1.33426324e-01  3.21429701e-01  1.67601310e-01
  1.53885760e-01  0.00000000e+00  0.00000000e+00  0.00000000e+00
  0.00000000e+00  0.00000000e+00  0.00000000e+00  0.00000000e+00
  0.00000000e+00  0.00000000e+00  0.00000000e+00  0.00000000e+00
  0.00000000e+00]

Diff = 
[5.76862733e-07 2.34119031e-03 4.39898667e-03 7.81147001e-07
 2.49670195e-03 3.37658559e-03 3.09695349e-01 1.61971084e-01
 1.47282351e-01 2.72828872e-01 1.45661191e-01 1.34366007e-01
 3.26058810e-01 1.70497011e-01 1.55128811e-01 2.84643884e-01
 1.51853014e-01 1.40082452e-01 1.05948583e-11 4.76587345e-04
 9.71264183e-04 2.78748969e-01 1.41902366e-01 1.29616870e-01
 2.82291601e-01 1.47556676e-01 1.33594138e-01 3.45274092e-01
 1.83079669e-01 1.68976506e-01 6.89082703e-02 2.17617813e-02
 1.44846213e-02]

 Iteration 300:
############################
Gradient = 
[ 7.42351949e-07  2.24412926e-03 -4.20408281e-03  4.26200820e-07
 -2.38225445e-03  3.22988087e-03 -5.29739598e-05 -4.96424234e-04
  9.16017443e-04 -4.04795381e-05 -3.30762147e-03 -3.65093193e-03
  2.60406076e-03  8.97149018e-04  2.17833955e-03  2.91628672e-03
 -1.76140181e-03 -2.24112293e-03  3.21368589e-01  1.67096501e-01
  1.55054775e-01  2.79608502e-01  1.42503340e-01  1.30457038e-01
  2.82758459e-01  1.47843665e-01  1.34046747e-01  3.46843566e-01
  1.84095045e-01  1.70259440e-01 -1.50703739e-02 -3.04862850e-02
 -3.35764910e-02]

Gradient approximate =
[-1.06706421e-06  7.67905961e-06 -2.46351028e-05 -3.57986973e-07
 -1.56716840e-05  1.84773485e-05  3.10284674e-01  1.61768365e-01
  1.48815581e-01  2.74021874e-01  1.42813248e-01  1.31351722e-01
  3.21368589e-01  1.67549839e-01  1.54133457e-01  2.79608502e-01
  1.45761364e-01  1.34079403e-01  3.21368589e-01  1.67549844e-01
  1.54132798e-01  0.00000000e+00  0.00000000e+00  0.00000000e+00
  0.00000000e+00  0.00000000e+00  0.00000000e+00  0.00000000e+00
  0.00000000e+00  0.00000000e+00  0.00000000e+00  0.00000000e+00
  0.00000000e+00]

Diff = 
[1.80941616e-06 2.23645020e-03 4.17944771e-03 7.84187793e-07
 2.36658277e-03 3.21140352e-03 3.10337648e-01 1.62264789e-01
 1.47899563e-01 2.74062354e-01 1.46120870e-01 1.35002654e-01
 3.18764528e-01 1.66652690e-01 1.51955117e-01 2.76692215e-01
 1.47522766e-01 1.36320526e-01 2.84820501e-11 4.53343286e-04
 9.21977024e-04 2.79608502e-01 1.42503340e-01 1.30457038e-01
 2.82758459e-01 1.47843665e-01 1.34046747e-01 3.46843566e-01
 1.84095045e-01 1.70259440e-01 1.50703739e-02 3.04862850e-02
 3.35764910e-02]

 Iteration 400:
############################
Gradient = 
[ 3.23761805e-06  2.14397877e-03 -3.99397594e-03  1.96340662e-06
 -2.25818393e-03  3.07195934e-03 -2.38257897e-04 -5.66376586e-04
  7.90920528e-04 -1.80212327e-04 -3.21534797e-03 -3.53107404e-03
  1.26456861e-02  6.15763765e-03  6.96854997e-03  1.37883764e-02
  4.07037359e-03  3.17384554e-03  3.21375537e-01  1.67129152e-01
  1.55293814e-01  2.80475488e-01  1.43122365e-01  1.31298044e-01
  2.79906328e-01  1.46184583e-01  1.32694546e-01  3.44632660e-01
  1.82889565e-01  1.69477695e-01 -7.72669746e-02 -7.13741590e-02
 -7.13283395e-02]

Gradient approximate =
[-9.14628373e-07  7.76590792e-06 -2.33612596e-05 -3.07824877e-07
 -1.47193857e-05  1.75621584e-05  3.10836750e-01  1.62058277e-01
  1.49350601e-01  2.75149710e-01  1.43405590e-01  1.32135154e-01
  3.21375537e-01  1.67555769e-01  1.54415396e-01  2.80475488e-01
  1.46216186e-01  1.34739586e-01  3.21375537e-01  1.67555773e-01
  1.54414832e-01  0.00000000e+00  0.00000000e+00  0.00000000e+00
  0.00000000e+00  0.00000000e+00  0.00000000e+00  0.00000000e+00
  0.00000000e+00  0.00000000e+00  0.00000000e+00  0.00000000e+00
  0.00000000e+00]

Diff = 
[4.15224642e-06 2.13621286e-03 3.97061468e-03 2.27123149e-06
 2.24346454e-03 3.05439718e-03 3.11075008e-01 1.62624653e-01
 1.48559681e-01 2.75329922e-01 1.46620938e-01 1.35666228e-01
 3.08729851e-01 1.61398131e-01 1.47446846e-01 2.66687112e-01
 1.42145813e-01 1.31565741e-01 1.55184199e-11 4.26621067e-04
 8.78981548e-04 2.80475488e-01 1.43122365e-01 1.31298044e-01
 2.79906328e-01 1.46184583e-01 1.32694546e-01 3.44632660e-01
 1.82889565e-01 1.69477695e-01 7.72669746e-02 7.13741590e-02
 7.13283395e-02]

 Iteration 500:
############################
Gradient = 
[ 5.18895514e-06  2.04628707e-03 -3.79470172e-03  3.14522457e-06
 -2.14183431e-03  2.92152639e-03 -4.05765806e-04 -6.23044067e-04
  6.78920250e-04 -3.03766940e-04 -3.11887358e-03 -3.41066138e-03
  2.32696782e-02  1.17270260e-02  1.20625833e-02  2.47454720e-02
  9.94387671e-03  8.64225385e-03  3.21449334e-01  1.67221424e-01
  1.55573414e-01  2.81349764e-01  1.43759281e-01  1.32140050e-01
  2.73128089e-01  1.42218981e-01  1.29196088e-01  3.38256881e-01
  1.79235737e-01  1.66411474e-01 -1.20622041e-01 -1.02450411e-01
 -1.00133083e-01]

Gradient approximate =
[-7.70563613e-07  7.83297871e-06 -2.21452123e-05 -2.55802046e-07
 -1.38050704e-05  1.67012826e-05  3.11460657e-01  1.62406616e-01
  1.49923409e-01  2.76300479e-01  1.44028360e-01  1.32933438e-01
  3.21449334e-01  1.67618071e-01  1.54731887e-01  2.81349764e-01
  1.46693614e-01  1.35406790e-01  3.21449334e-01  1.67618075e-01
  1.54731406e-01  0.00000000e+00  0.00000000e+00  0.00000000e+00
  0.00000000e+00  0.00000000e+00  0.00000000e+00  0.00000000e+00
  0.00000000e+00  0.00000000e+00  0.00000000e+00  0.00000000e+00
  0.00000000e+00]

Diff = 
[5.95951876e-06 2.03845409e-03 3.77255651e-03 3.40102662e-06
 2.12802924e-03 2.90482511e-03 3.11866422e-01 1.63029660e-01
 1.49244489e-01 2.76604246e-01 1.47147233e-01 1.36344099e-01
 2.98179656e-01 1.55891045e-01 1.42669304e-01 2.56604292e-01
 1.36749737e-01 1.26764536e-01 7.77472531e-12 3.96651922e-04
 8.42007543e-04 2.81349764e-01 1.43759281e-01 1.32140050e-01
 2.73128089e-01 1.42218981e-01 1.29196088e-01 3.38256881e-01
 1.79235737e-01 1.66411474e-01 1.20622041e-01 1.02450411e-01
 1.00133083e-01]

 Iteration 600:
############################
Gradient = 
[ 6.48028693e-06  1.95054791e-03 -3.60589557e-03  3.91144524e-06
 -2.03302436e-03  2.77812227e-03 -5.39955705e-04 -6.59528774e-04
  5.86387422e-04 -4.01204852e-04 -3.01359426e-03 -3.28521392e-03
  3.32988445e-02  1.69923485e-02  1.68927626e-02  3.48137808e-02
  1.53526763e-02  1.36940516e-02  3.21578988e-01  1.67363185e-01
  1.55885496e-01  2.82224805e-01  1.44407400e-01  1.32977941e-01
  2.62465046e-01  1.35965116e-01  1.23559898e-01  3.27864029e-01
  1.73217386e-01  1.61129713e-01 -1.49574408e-01 -1.26035987e-01
 -1.22083606e-01]

Gradient approximate =
[-6.38407105e-07  7.86764209e-06 -2.09889595e-05 -2.05360173e-07
 -1.29383215e-05  1.58879554e-05  3.12140564e-01  1.62801809e-01
  1.50524532e-01  2.77463124e-01  1.44672960e-01  1.33739515e-01
  3.21578988e-01  1.67727500e-01  1.55075707e-01  2.82224805e-01
  1.47187315e-01  1.36076065e-01  3.21578988e-01  1.67727506e-01
  1.55075297e-01  0.00000000e+00  0.00000000e+00  0.00000000e+00
  0.00000000e+00  0.00000000e+00  0.00000000e+00  0.00000000e+00
  0.00000000e+00  0.00000000e+00  0.00000000e+00  0.00000000e+00
  0.00000000e+00]

Diff = 
[7.11869404e-06 1.94268027e-03 3.58490661e-03 4.11680541e-06
 2.02008604e-03 2.76223432e-03 3.12680520e-01 1.63461338e-01
 1.49938145e-01 2.77864329e-01 1.47686555e-01 1.37024729e-01
 2.88280144e-01 1.50735152e-01 1.38182944e-01 2.47411024e-01
 1.31834639e-01 1.22382014e-01 2.99343883e-12 3.64320424e-04
 8.10199173e-04 2.82224805e-01 1.44407400e-01 1.32977941e-01
 2.62465046e-01 1.35965116e-01 1.23559898e-01 3.27864029e-01
 1.73217386e-01 1.61129713e-01 1.49574408e-01 1.26035987e-01
 1.22083606e-01]

 Iteration 700:
############################
Gradient = 
[ 7.19493261e-06  1.85703328e-03 -3.42697895e-03  4.31875171e-06
 -1.93113782e-03  2.64144498e-03 -6.39958730e-04 -6.76602216e-04
  5.12940524e-04 -4.72726985e-04 -2.90019566e-03 -3.15492453e-03
  4.23457022e-02  2.17512378e-02  2.12688630e-02  4.37418191e-02
  2.01658049e-02  1.82047591e-02  3.21750950e-01  1.67542023e-01
  1.56220070e-01  2.83092530e-01  1.45058369e-01  1.33805269e-01
  2.48265420e-01  1.27619827e-01  1.15961334e-01  3.13824236e-01
  1.65048088e-01  1.53823433e-01 -1.68352851e-01 -1.44336497e-01
 -1.39185060e-01]

Gradient approximate =
[-5.20496979e-07  7.86081422e-06 -1.98934580e-05 -1.58915103e-07
 -1.21263710e-05  1.51168300e-05  3.12857181e-01  1.63229657e-01
  1.51142262e-01  2.78624118e-01  1.45328743e-01  1.34544631e-01
  3.21750950e-01  1.67872662e-01  1.55437851e-01  2.83092530e-01
  1.47689381e-01  1.36741225e-01  3.21750950e-01  1.67872668e-01
  1.55437503e-01  0.00000000e+00  0.00000000e+00  0.00000000e+00
  0.00000000e+00  0.00000000e+00  0.00000000e+00  0.00000000e+00
  0.00000000e+00  0.00000000e+00  0.00000000e+00  0.00000000e+00
  0.00000000e+00]

Diff = 
[7.71542959e-06 1.84917247e-03 3.40708549e-03 4.47766681e-06
 1.91901145e-03 2.62632815e-03 3.13497139e-01 1.63906259e-01
 1.50629321e-01 2.79096845e-01 1.48228939e-01 1.37699555e-01
 2.79405248e-01 1.46121424e-01 1.34168988e-01 2.39350711e-01
 1.27523576e-01 1.18536466e-01 1.56202828e-11 3.30645326e-04
 7.82566509e-04 2.83092530e-01 1.45058369e-01 1.33805269e-01
 2.48265420e-01 1.27619827e-01 1.15961334e-01 3.13824236e-01
 1.65048088e-01 1.53823433e-01 1.68352851e-01 1.44336497e-01
 1.39185060e-01]

 Iteration 800:
############################
Gradient = 
[ 7.48092226e-06  1.76624548e-03 -3.25732173e-03  4.46081730e-06
 -1.83544778e-03  2.51125291e-03 -7.11568387e-04 -6.78282502e-04
  4.55249624e-04 -5.23006992e-04 -2.78153191e-03 -3.02197201e-03
  5.04787185e-02  2.60384950e-02  2.52201243e-02  5.16766475e-02
  2.44595148e-02  2.22419802e-02  3.21952990e-01  1.67746770e-01
  1.56568158e-01  2.83945867e-01  1.45704787e-01  1.34616370e-01
  2.30962021e-01  1.17428027e-01  1.06622211e-01  2.96541387e-01
  1.54960190e-01  1.44703039e-01 -1.80298919e-01 -1.59092643e-01
 -1.53027288e-01]

Gradient approximate =
[-4.18027835e-07  7.80931320e-06 -1.88579419e-05 -1.17996724e-07
 -1.13724763e-05  1.43835566e-05  3.13593292e-01  1.63677423e-01
  1.51766120e-01  2.79771550e-01  1.45986203e-01  1.35341007e-01
  3.21952990e-01  1.68043274e-01  1.55810227e-01  2.83945867e-01
  1.48192748e-01  1.37396798e-01  3.21952990e-01  1.68043281e-01
  1.55809933e-01  0.00000000e+00  0.00000000e+00  0.00000000e+00
  0.00000000e+00  0.00000000e+00  0.00000000e+00  0.00000000e+00
  0.00000000e+00  0.00000000e+00  0.00000000e+00  0.00000000e+00
  0.00000000e+00]

Diff = 
[7.89895009e-06 1.75843617e-03 3.23846379e-03 4.57881403e-06
 1.82407530e-03 2.49686936e-03 3.14304860e-01 1.64355706e-01
 1.51310870e-01 2.80294557e-01 1.48767735e-01 1.38362979e-01
 2.71474272e-01 1.42004779e-01 1.30590103e-01 2.32269219e-01
 1.23733233e-01 1.15154818e-01 2.14621654e-11 2.96510774e-04
 7.58225067e-04 2.83945867e-01 1.45704787e-01 1.34616370e-01
 2.30962021e-01 1.17428027e-01 1.06622211e-01 2.96541387e-01
 1.54960190e-01 1.44703039e-01 1.80298919e-01 1.59092643e-01
 1.53027288e-01]

 Iteration 900:
############################
Gradient = 
[ 7.48047447e-06  1.67863730e-03 -3.09632526e-03  4.42621752e-06
 -1.74528319e-03  2.38731410e-03 -7.62290617e-04 -6.69196267e-04
  4.09348814e-04 -5.57728322e-04 -2.66078558e-03 -2.88890622e-03
  5.79752119e-02  2.99978266e-02  2.88775013e-02  5.89346845e-02
  2.83983311e-02  2.59560771e-02  3.22175630e-01  1.67968795e-01
  1.56922876e-01  2.84779663e-01  1.46341144e-01  1.35407136e-01
  2.10960244e-01  1.05616506e-01  9.57492425e-02  2.76365154e-01
  1.43152512e-01  1.33949454e-01 -1.87802491e-01 -1.71548634e-01
 -1.64750366e-01]

Gradient approximate =
[-3.30531158e-07  7.71430697e-06 -1.78806614e-05 -8.31534841e-08
 -1.06760711e-05  1.36849554e-05  3.14335769e-01  1.64135330e-01
  1.52388132e-01  2.80896595e-01  1.46638153e-01  1.36122835e-01
  3.22175630e-01  1.68231363e-01  1.56186644e-01  2.84779663e-01
  1.48692093e-01  1.38038746e-01  3.22175630e-01  1.68231371e-01
  1.56186395e-01  0.00000000e+00  0.00000000e+00  0.00000000e+00
  0.00000000e+00  0.00000000e+00  0.00000000e+00  0.00000000e+00
  0.00000000e+00  0.00000000e+00  0.00000000e+00  0.00000000e+00
  0.00000000e+00]

Diff = 
[7.81100563e-06 1.67092299e-03 3.07844460e-03 4.50937101e-06
 1.73460712e-03 2.37362914e-03 3.15098059e-01 1.64804526e-01
 1.51978783e-01 2.81454324e-01 1.49298939e-01 1.39011741e-01
 2.64200418e-01 1.38233536e-01 1.27309143e-01 2.25844978e-01
 1.20293762e-01 1.12082668e-01 3.42074147e-11 2.62575900e-04
 7.36480578e-04 2.84779663e-01 1.46341144e-01 1.35407136e-01
 2.10960244e-01 1.05616506e-01 9.57492425e-02 2.76365154e-01
 1.43152512e-01 1.33949454e-01 1.87802491e-01 1.71548634e-01
 1.64750366e-01]

 