Iteration 0:
############################
Gradient = 
[-2.99000703e-04  1.83515024e-03 -1.67910775e-03 -1.03612784e-04
  7.11858527e-04  6.75998391e-04  1.70793793e-04 -1.83502881e-03
  3.20304636e-03 -9.66365073e-05 -3.08663248e-04 -7.68931450e-04
  2.45870351e-04  1.27281745e-04  4.74205290e-04 -4.13667049e-05
  7.91919739e-04 -2.49464253e-03  2.67463368e-03  1.10357314e-03
  3.92954617e-03  1.20645638e-03 -1.90215577e-03 -5.49299000e-04
 -1.84104827e-03 -1.13489649e-02 -8.85701939e-03 -9.53068615e-03
 -5.17721834e-03 -3.49163726e-03 -6.75601674e-03 -8.54579131e-03
  6.24694001e-03  7.52529235e-04  8.51584840e-04  5.52164309e-03
  6.41652905e-03  1.34752075e-03  2.62997522e-03 -1.54632620e-02
 -7.97288550e-03 -6.63115941e-03 -6.35513433e-03 -6.91883117e-03
 -1.06754091e-02 -9.25432696e-03 -1.58318126e-02 -9.07077974e-03
 -8.86826596e-03 -7.68558407e-03 -9.58179640e-03 -5.47946356e-03
 -6.81624009e-03 -1.31913658e-02 -4.78076767e-03 -6.31508951e-03
 -6.24249545e-03 -5.28926926e-03 -9.30387535e-03 -4.58363125e-03
  2.71947020e-01  1.27750102e-01  1.33311762e-01  1.25439300e-01
  1.37640644e-01  1.33727238e-01  1.44783524e-01  2.70807960e-01
  1.32816023e-01  1.32372521e-01  1.27108022e-01  1.37379525e-01
  1.33154888e-01  1.44764079e-01  2.78895531e-01  1.32379094e-01
  1.34368275e-01  1.30409320e-01  1.41696926e-01  1.37760369e-01
  1.44978760e-01  2.83273990e-01  1.35583051e-01  1.35894407e-01
  1.34066590e-01  1.47513332e-01  1.39784120e-01  1.49579936e-01
  2.95052101e-01  1.42701413e-01  1.42905542e-01  1.40734218e-01
  1.52868318e-01  1.51473369e-01  1.54518378e-01]

Gradient approximate =
[ 2.71124792e-04  1.33335770e-03  3.95308255e-04  2.00204291e-04
  8.97771320e-04  3.66436843e-04  1.27631019e-04  6.88023993e-05
  9.19636300e-05  1.02366762e-04 -2.44517344e-04 -3.27705241e-05
  2.01210593e-04  1.51416464e-03  3.33983148e-04  6.07869666e-04
  2.80047526e-03  7.14906003e-04 -1.22312761e-02 -6.95496823e-03
 -6.76045366e-03 -5.52699132e-03 -6.08159564e-03 -6.21453922e-03
 -6.18911420e-03 -1.82405292e-02 -1.04798650e-02 -1.01874942e-02
 -8.18103198e-03 -9.00321305e-03 -9.23340387e-03 -9.22003431e-03
  5.81959404e-03  3.08357051e-03  3.05748972e-03  2.76820826e-03
  2.96798381e-03  2.99432677e-03  2.94470119e-03  6.73541654e-03
  3.48108192e-03  3.58458189e-03  2.94457018e-01  1.42927989e-01
  1.45412938e-01  1.39041008e-01  1.56273828e-01  1.49741749e-01
  1.58216832e-01  3.23935911e-01  1.56550822e-01  1.59996081e-01
  1.53377931e-01  1.65776807e-01  1.61409523e-01  1.70735274e-01
  2.97731930e-01  1.42156266e-01  1.45493474e-01  1.39430301e-01
  1.54251370e-01  1.49881687e-01  1.58529417e-01  2.66839239e-01
  1.27674718e-01  1.30202566e-01  1.24576707e-01  1.38154248e-01
  1.34236571e-01  1.42153379e-01  2.84397042e-01  1.36077632e-01
  1.39223178e-01  1.33368126e-01  1.47206161e-01  1.42911345e-01
  1.51078943e-01  0.00000000e+00  0.00000000e+00  0.00000000e+00
  0.00000000e+00  0.00000000e+00  0.00000000e+00  0.00000000e+00
  0.00000000e+00  0.00000000e+00  0.00000000e+00  0.00000000e+00
  0.00000000e+00  0.00000000e+00  0.00000000e+00  0.00000000e+00
  0.00000000e+00  0.00000000e+00  0.00000000e+00]

Diff = 
[5.70125495e-04 5.01792547e-04 2.07441601e-03 3.03817075e-04
 1.85912792e-04 3.09561548e-04 4.31627741e-05 1.90383121e-03
 3.11108273e-03 1.99003269e-04 6.41459036e-05 7.36160926e-04
 4.46597583e-05 1.38688289e-03 1.40222142e-04 6.49236371e-04
 2.00855552e-03 3.20954853e-03 1.49059098e-02 8.05854138e-03
 1.06899998e-02 6.73344770e-03 4.17943987e-03 5.66524022e-03
 4.34806593e-03 6.89156435e-03 1.62284566e-03 6.56808050e-04
 3.00381364e-03 5.51157579e-03 2.47738713e-03 6.74243000e-04
 4.27345968e-04 2.33104127e-03 2.20590488e-03 2.75343483e-03
 3.44854524e-03 1.64680602e-03 3.14725963e-04 2.21986786e-02
 1.14539674e-02 1.02157413e-02 3.00812152e-01 1.49846820e-01
 1.56088348e-01 1.48295335e-01 1.72105640e-01 1.58812529e-01
 1.67085098e-01 3.31621495e-01 1.66132619e-01 1.65475544e-01
 1.60194171e-01 1.78968173e-01 1.66190291e-01 1.77050364e-01
 3.03974425e-01 1.47445535e-01 1.54797349e-01 1.44013932e-01
 1.17695650e-01 2.21315856e-02 2.52176553e-02 1.41399939e-01
 9.96592588e-03 3.52467251e-03 2.02068164e-02 1.32653712e-01
 1.42054780e-03 9.78085769e-03 1.57289020e-01 1.30189230e-03
 6.06828968e-03 1.13959530e-02 1.31689370e-01 1.05322512e-02
 1.67106678e-02 1.30409320e-01 1.41696926e-01 1.37760369e-01
 1.44978760e-01 2.83273990e-01 1.35583051e-01 1.35894407e-01
 1.34066590e-01 1.47513332e-01 1.39784120e-01 1.49579936e-01
 2.95052101e-01 1.42701413e-01 1.42905542e-01 1.40734218e-01
 1.52868318e-01 1.51473369e-01 1.54518378e-01]

 Iteration 100:
############################
Gradient = 
[-1.86138432e-04  2.57218487e-03 -1.19248784e-03 -3.66317075e-04
  4.52183223e-04  8.34258237e-04 -2.05862549e-04 -3.37094840e-03
  2.67373748e-03 -3.08482506e-04 -1.98087960e-03 -1.12689101e-03
  8.09475297e-04  2.48633359e-03  9.14722807e-04  4.84901555e-04
  2.81484635e-03 -1.81938336e-03 -1.38180249e-02 -7.63581183e-03
 -4.81705635e-03 -6.27853560e-03 -9.81226543e-03 -8.63728063e-03
 -9.72122280e-03 -1.74358124e-02 -1.19006863e-02 -1.25067265e-02
 -7.66092806e-03 -6.23397793e-03 -9.40361530e-03 -1.10785664e-02
 -4.49571395e-03 -5.22772295e-03 -5.01146229e-03  5.63093074e-04
  1.01688001e-03 -3.99006933e-03 -2.68587856e-03 -2.54668551e-02
 -1.32684771e-02 -1.17156564e-02 -1.05712918e-02 -1.18247109e-02
 -1.53841060e-02 -1.41686091e-02 -1.15069155e-02 -5.71130623e-03
 -5.91922502e-03 -6.24942990e-03 -7.45863292e-03 -3.44645367e-03
 -4.42865068e-03 -1.40961840e-02 -5.08153476e-03 -6.59153839e-03
 -6.56820398e-03 -5.65868014e-03 -9.50181152e-03 -4.91053371e-03
  2.96763271e-01  1.46268194e-01  1.46385451e-01  1.37769823e-01
  1.56342444e-01  1.50564251e-01  1.59932187e-01  3.26069159e-01
  1.57768583e-01  1.66421123e-01  1.54451677e-01  1.74263291e-01
  1.67663490e-01  1.76353586e-01  2.25847209e-01  1.11659344e-01
  1.11366971e-01  1.08405391e-01  1.10105409e-01  1.06846789e-01
  1.17258750e-01  1.03975757e-01  4.23922086e-02  4.40772236e-02
  4.31804753e-02  4.08750560e-02  5.07044486e-02  5.05785475e-02
  1.24001979e-01  5.20637159e-02  5.39788441e-02  5.33597481e-02
  5.95425330e-02  5.74575173e-02  6.00252983e-02]

Gradient approximate =
[-1.84510569e-04 -9.43029321e-05 -1.56541371e-04  2.47727172e-06
  3.63413482e-04  8.94625196e-05  1.45969170e-04  3.07413575e-04
  1.06744169e-04 -3.78417075e-06 -1.55968072e-04 -1.47276495e-04
 -7.72155939e-05 -3.51406420e-04 -2.52622567e-05 -2.12981184e-04
 -2.91283280e-04 -2.64681252e-04  6.60180856e-03  3.63606593e-03
  3.63098847e-03  3.10383493e-03  3.27288256e-03  3.34548040e-03
  3.24722059e-03  2.59742468e-03  1.26534612e-03  1.32405528e-03
  1.34841224e-03  1.33460569e-03  1.35846196e-03  1.24206076e-03
  8.35417045e-03  4.52175849e-03  4.46472484e-03  3.91886590e-03
  4.22888537e-03  4.26228190e-03  4.20450336e-03  5.28719379e-03
  2.91298243e-03  2.87853480e-03  2.99224463e-01  1.47990029e-01
  1.51561099e-01  1.41570731e-01  1.65864290e-01  1.55286310e-01
  1.64839267e-01  3.30413168e-01  1.63996139e-01  1.68673629e-01
  1.57708229e-01  1.68863197e-01  1.63623660e-01  1.73821537e-01
  2.98795718e-01  1.45173425e-01  1.49544913e-01  1.39810474e-01
  1.58224904e-01  1.52016448e-01  1.61422598e-01  2.93225021e-01
  1.43365099e-01  1.47218809e-01  1.37396074e-01  1.54595809e-01
  1.48425980e-01  1.57877700e-01  3.28203125e-01  1.60454390e-01
  1.65192135e-01  1.54341041e-01  1.72940992e-01  1.66031052e-01
  1.76272335e-01  0.00000000e+00  0.00000000e+00  0.00000000e+00
  0.00000000e+00  0.00000000e+00  0.00000000e+00  0.00000000e+00
  0.00000000e+00  0.00000000e+00  0.00000000e+00  0.00000000e+00
  0.00000000e+00  0.00000000e+00  0.00000000e+00  0.00000000e+00
  0.00000000e+00  0.00000000e+00  0.00000000e+00]

Diff = 
[1.62786314e-06 2.66648780e-03 1.03594647e-03 3.68794347e-04
 8.87697419e-05 7.44795717e-04 3.51831719e-04 3.67836198e-03
 2.56699331e-03 3.04698336e-04 1.82491152e-03 9.79614516e-04
 8.86690891e-04 2.83774001e-03 9.39985064e-04 6.97882738e-04
 3.10612963e-03 1.55470211e-03 2.04198335e-02 1.12718778e-02
 8.44804483e-03 9.38237053e-03 1.30851480e-02 1.19827610e-02
 1.29684434e-02 2.00332370e-02 1.31660324e-02 1.38307818e-02
 9.00934030e-03 7.56858362e-03 1.07620773e-02 1.23206271e-02
 1.28498844e-02 9.74948143e-03 9.47618713e-03 3.35577282e-03
 3.21200536e-03 8.25235123e-03 6.89038192e-03 3.07540488e-02
 1.61814595e-02 1.45941912e-02 3.09795755e-01 1.59814740e-01
 1.66945205e-01 1.55739340e-01 1.77371205e-01 1.60997616e-01
 1.70758492e-01 3.36662598e-01 1.71454772e-01 1.72120083e-01
 1.62136880e-01 1.82959381e-01 1.68705195e-01 1.80413076e-01
 3.05363922e-01 1.50832105e-01 1.59046725e-01 1.44721008e-01
 1.38538367e-01 5.74825384e-03 1.50371474e-02 1.55455198e-01
 1.29773453e-02 3.34544254e-03 2.25361126e-02 1.71473351e-01
 9.34260305e-03 8.54342298e-03 1.73751448e-01 1.38089009e-02
 2.47135527e-03 2.20125446e-02 5.29062174e-02 5.43717083e-02
 6.49053637e-02 1.08405391e-01 1.10105409e-01 1.06846789e-01
 1.17258750e-01 1.03975757e-01 4.23922086e-02 4.40772236e-02
 4.31804753e-02 4.08750560e-02 5.07044486e-02 5.05785475e-02
 1.24001979e-01 5.20637159e-02 5.39788441e-02 5.33597481e-02
 5.95425330e-02 5.74575173e-02 6.00252983e-02]

 Iteration 200:
############################
Gradient = 
[-3.47028950e-04  2.27306125e-03 -9.55471807e-04 -2.95841409e-04
  1.19263397e-03  1.29085751e-03  6.04471135e-05 -1.92142903e-03
  3.05371546e-03  8.77130797e-06 -2.97724781e-04 -4.97976480e-04
  7.15171143e-06 -9.83726949e-04 -2.27906646e-04 -1.86721568e-04
  2.20220269e-04 -2.38369265e-03  3.44095897e-03  2.35138765e-03
  4.80282914e-03  1.56007924e-03 -1.03859370e-03  1.87519044e-04
 -8.52873195e-04  1.48819491e-03 -8.39519356e-04 -1.72397607e-03
  9.59039499e-04  3.22863198e-03  2.74222831e-04 -1.34303576e-03
  6.23334165e-03  1.04464002e-03  1.06847256e-03  5.26925928e-03
  6.23935644e-03  1.44637232e-03  2.72890574e-03 -9.61281420e-03
 -3.64730664e-03 -2.34061704e-03 -3.16926784e-03 -3.77751842e-03
 -7.07000343e-03 -5.99860432e-03 -4.80623308e-03 -1.62203607e-03
 -1.89798949e-03 -3.05115767e-03 -3.97551027e-03 -4.34787614e-05
 -1.04252067e-03 -4.67283469e-03  4.96565480e-04 -1.07026290e-03
 -2.14200162e-03 -9.09393385e-04 -4.54421901e-03 -1.69390995e-04
  3.05303269e-01  1.52106623e-01  1.53120130e-01  1.42391780e-01
  1.65073333e-01  1.56792808e-01  1.66547359e-01  3.31811059e-01
  1.62272304e-01  1.71549233e-01  1.57473689e-01  1.81886453e-01
  1.72584876e-01  1.81624977e-01  1.51321057e-01  7.60361922e-02
  7.51374722e-02  7.36143828e-02  6.25716498e-02  6.49544797e-02
  7.30325397e-02 -2.71313458e-02 -2.72677651e-02 -2.71812327e-02
 -2.38790593e-02 -3.96859093e-02 -2.12184560e-02 -2.58215402e-02
  4.32494525e-03 -1.24604317e-02 -1.19181857e-02 -8.88327582e-03
 -9.87792808e-03 -6.25870365e-03 -7.46662782e-03]

Gradient approximate =
[-1.21920010e-04  5.83912119e-05 -9.97249616e-05  1.00558388e-04
  6.78880274e-04  1.95302701e-04  2.36670696e-04  6.70488245e-04
  2.26701948e-04  8.71102457e-05  2.04356296e-04 -2.53010679e-05
 -1.60878366e-04 -7.02302687e-04 -1.39751191e-04 -2.36390045e-04
 -4.62887775e-04 -3.10424035e-04  9.90925676e-03  5.50485219e-03
  5.46041954e-03  4.61495227e-03  4.93107290e-03  5.00127784e-03
  4.89909675e-03  4.89766965e-03  2.58329972e-03  2.60659778e-03
  2.38376406e-03  2.47969893e-03  2.51089155e-03  2.39632695e-03
  1.06353669e-02  5.81922198e-03  5.73469086e-03  4.95784884e-03
  5.37044471e-03  5.39858814e-03  5.33979883e-03  8.40049110e-03
  4.67351713e-03  4.60100225e-03  3.09186040e-01  1.55080077e-01
  1.59434241e-01  1.47365854e-01  1.76539676e-01  1.62635149e-01
  1.72541561e-01  3.37196774e-01  1.69430421e-01  1.74852024e-01
  1.61749342e-01  1.78604926e-01  1.69825646e-01  1.80299939e-01
  3.06966725e-01  1.51227418e-01  1.56318834e-01  1.44528362e-01
  1.65850117e-01  1.57348302e-01  1.67084566e-01  3.00257371e-01
  1.48146668e-01  1.52726791e-01  1.40909043e-01  1.62145662e-01
  1.53713575e-01  1.63490295e-01  3.33680533e-01  1.64617579e-01
  1.70101405e-01  1.57107677e-01  1.80077016e-01  1.70730660e-01
  1.81266320e-01  0.00000000e+00  0.00000000e+00  0.00000000e+00
  0.00000000e+00  0.00000000e+00  0.00000000e+00  0.00000000e+00
  0.00000000e+00  0.00000000e+00  0.00000000e+00  0.00000000e+00
  0.00000000e+00  0.00000000e+00  0.00000000e+00  0.00000000e+00
  0.00000000e+00  0.00000000e+00  0.00000000e+00]

Diff = 
[2.25108940e-04 2.21467004e-03 8.55746846e-04 3.96399797e-04
 5.13753700e-04 1.09555480e-03 1.76223583e-04 2.59191727e-03
 2.82701351e-03 7.83389377e-05 5.02081078e-04 4.72675412e-04
 1.68030078e-04 2.81424262e-04 8.81554553e-05 4.96684770e-05
 6.83108044e-04 2.07326862e-03 6.46829778e-03 3.15346454e-03
 6.57590404e-04 3.05487304e-03 5.96966659e-03 4.81375880e-03
 5.75196995e-03 3.40947474e-03 3.42281908e-03 4.33057385e-03
 1.42472456e-03 7.48933046e-04 2.23666872e-03 3.73936272e-03
 4.40202521e-03 4.77458197e-03 4.66621831e-03 3.11410446e-04
 8.68911723e-04 3.95221582e-03 2.61089310e-03 1.80133053e-02
 8.32082377e-03 6.94161929e-03 3.12355308e-01 1.58857595e-01
 1.66504244e-01 1.53364458e-01 1.81345909e-01 1.64257185e-01
 1.74439551e-01 3.40247932e-01 1.73405931e-01 1.74895502e-01
 1.62791863e-01 1.83277761e-01 1.69329081e-01 1.81370202e-01
 3.09108727e-01 1.52136811e-01 1.60863053e-01 1.44697753e-01
 1.39453152e-01 5.24167867e-03 1.39644361e-02 1.57865591e-01
 1.69266654e-02 4.06601640e-03 2.56383162e-02 1.69665396e-01
 8.55872860e-03 8.05893779e-03 1.76206843e-01 1.72688744e-02
 2.48347098e-03 2.45173003e-02 2.87559596e-02 9.46944675e-02
 1.06128847e-01 7.36143828e-02 6.25716498e-02 6.49544797e-02
 7.30325397e-02 2.71313458e-02 2.72677651e-02 2.71812327e-02
 2.38790593e-02 3.96859093e-02 2.12184560e-02 2.58215402e-02
 4.32494525e-03 1.24604317e-02 1.19181857e-02 8.88327582e-03
 9.87792808e-03 6.25870365e-03 7.46662782e-03]

 Iteration 300:
############################
Gradient = 
[-3.22995781e-04  2.30587559e-03 -6.30130636e-04  4.15927082e-05
  2.51662452e-03  1.92445170e-03  5.34052308e-04  7.13290654e-07
  3.56032694e-03  5.77259807e-04  1.97330709e-03  2.97859332e-04
 -1.16850268e-03 -5.82222755e-03 -1.87172023e-03 -8.90811713e-04
 -2.62668034e-03 -3.05870811e-03  2.56784404e-02  1.46621169e-02
  1.67018439e-02  1.13735049e-02  9.86239346e-03  1.12567735e-02
  1.02009872e-02  2.46806754e-02  1.21108912e-02  1.09151139e-02
  1.12208492e-02  1.44578949e-02  1.18049794e-02  1.01918427e-02
  2.43497111e-02  1.11219904e-02  1.08690708e-02  1.31212728e-02
  1.48832232e-02  1.04216658e-02  1.16261497e-02  2.52840629e-02
  1.59657467e-02  1.68661288e-02  1.26065729e-02  1.33159993e-02
  1.04971476e-02  1.12625754e-02  1.19654748e-02  7.79359776e-03
  7.35276645e-03  4.58309496e-03  4.30490884e-03  8.30452717e-03
  7.19802244e-03  1.35794266e-02  1.06554109e-02  8.95587102e-03
  6.13499191e-03  7.99580183e-03  4.68225674e-03  8.76209846e-03
  3.02148825e-01  1.47642827e-01  1.49103676e-01  1.38004771e-01
  1.61664026e-01  1.54360057e-01  1.63651388e-01  3.28736146e-01
  1.57795080e-01  1.67277555e-01  1.52852851e-01  1.78384331e-01
  1.70037191e-01  1.78660568e-01  8.15815130e-02  4.07996657e-02
  3.89940075e-02  3.99323515e-02  1.42249920e-02  2.39674165e-02
  2.96894801e-02 -1.06959643e-01 -7.12555805e-02 -7.22698322e-02
 -6.59994842e-02 -9.34160986e-02 -6.72510001e-02 -7.46229266e-02
 -6.77765329e-02 -5.35284671e-02 -5.39079166e-02 -4.82496125e-02
 -5.23484125e-02 -4.49600522e-02 -4.83421862e-02]

Gradient approximate =
[-1.72956622e-04 -1.15162306e-04 -1.56965803e-04  2.84544543e-05
  4.31210345e-04  1.10400011e-04  1.53514828e-04  4.01625355e-04
  1.33408067e-04  5.55209212e-06 -5.76996495e-05 -1.12979979e-04
 -1.65244085e-04 -6.65651556e-04 -1.42621819e-04 -2.53196344e-04
 -5.01753987e-04 -3.22159008e-04  8.62372908e-03  4.75973874e-03
  4.72670807e-03  4.02439163e-03  4.28187294e-03  4.38131796e-03
  4.27193287e-03  3.76806373e-03  1.94434320e-03  1.97735852e-03
  1.86174326e-03  1.91291393e-03  1.94701669e-03  1.83705329e-03
  9.28396066e-03  5.04540369e-03  4.97408367e-03  4.33613834e-03
  4.68622001e-03  4.73936717e-03  4.67443378e-03  7.21908453e-03
  3.99483418e-03  3.93371456e-03  3.05489334e-01  1.50169148e-01
  1.54889501e-01  1.42476078e-01  1.71834167e-01  1.59496704e-01
  1.68937925e-01  3.33472603e-01  1.64243588e-01  1.70033365e-01
  1.56541597e-01  1.74368825e-01  1.66953880e-01  1.76973698e-01
  3.03730774e-01  1.46659562e-01  1.52053667e-01  1.39897829e-01
  1.62751383e-01  1.55153567e-01  1.64468070e-01  2.97947467e-01
  1.44310030e-01  1.49219107e-01  1.37037417e-01  1.59341976e-01
  1.51813860e-01  1.61161530e-01  3.30264877e-01  1.59966391e-01
  1.65775170e-01  1.52405594e-01  1.76531672e-01  1.68190199e-01
  1.78254349e-01  0.00000000e+00  0.00000000e+00  0.00000000e+00
  0.00000000e+00  0.00000000e+00  0.00000000e+00  0.00000000e+00
  0.00000000e+00  0.00000000e+00  0.00000000e+00  0.00000000e+00
  0.00000000e+00  0.00000000e+00  0.00000000e+00  0.00000000e+00
  0.00000000e+00  0.00000000e+00  0.00000000e+00]

Diff = 
[1.50039159e-04 2.42103790e-03 4.73164833e-04 1.31382538e-05
 2.08541418e-03 1.81405169e-03 3.80537481e-04 4.00912065e-04
 3.42691888e-03 5.71707715e-04 2.03100674e-03 4.10839311e-04
 1.00325859e-03 5.15657600e-03 1.72909841e-03 6.37615369e-04
 2.12492635e-03 2.73654911e-03 1.70547113e-02 9.90237816e-03
 1.19751358e-02 7.34911331e-03 5.58052052e-03 6.87545553e-03
 5.92905436e-03 2.09126116e-02 1.01665480e-02 8.93775537e-03
 9.35910591e-03 1.25449809e-02 9.85796266e-03 8.35478940e-03
 1.50657504e-02 6.07658671e-03 5.89498711e-03 8.78513447e-03
 1.01970032e-02 5.68229860e-03 6.95171593e-03 1.80649784e-02
 1.19709125e-02 1.29324142e-02 2.92882761e-01 1.36853149e-01
 1.44392354e-01 1.31213502e-01 1.59868692e-01 1.51703106e-01
 1.61585159e-01 3.28889508e-01 1.59938680e-01 1.61728838e-01
 1.49343574e-01 1.60789398e-01 1.56298469e-01 1.68017827e-01
 2.97595782e-01 1.38663760e-01 1.47371410e-01 1.31135731e-01
 1.39397442e-01 7.51073929e-03 1.53643932e-02 1.59942696e-01
 1.73539956e-02 5.14095004e-03 2.66139714e-02 1.69394170e-01
 5.98122083e-03 6.11602523e-03 1.77412027e-01 1.84179400e-02
 4.26202080e-03 2.62549749e-02 9.49501591e-02 1.27390533e-01
 1.39260341e-01 3.99323515e-02 1.42249920e-02 2.39674165e-02
 2.96894801e-02 1.06959643e-01 7.12555805e-02 7.22698322e-02
 6.59994842e-02 9.34160986e-02 6.72510001e-02 7.46229266e-02
 6.77765329e-02 5.35284671e-02 5.39079166e-02 4.82496125e-02
 5.23484125e-02 4.49600522e-02 4.83421862e-02]

 Iteration 400:
############################
Gradient = 
[-1.35423380e-03 -2.38781180e-03 -2.07398138e-03 -7.21796785e-04
 -1.13535629e-03  7.33427369e-04  4.33806386e-05 -2.36983705e-03
  2.49923847e-03  8.65628837e-05 -5.03945385e-04 -6.26454268e-04
 -3.17796191e-03 -1.41044781e-02 -4.86705311e-03 -2.41260485e-03
 -9.04419898e-03 -5.11071009e-03  4.40860045e-02  2.44229684e-02
  2.60477716e-02  1.91434562e-02  1.84680150e-02  2.05351475e-02
  1.92950356e-02  4.37338332e-02  2.23140574e-02  2.08050866e-02
  1.92851254e-02  2.32287590e-02  2.13708334e-02  1.95950188e-02
  4.05256254e-02  1.97698699e-02  1.92180025e-02  1.98399419e-02
  2.22388556e-02  1.85472464e-02  1.95253521e-02  5.96378840e-02
  3.44921643e-02  3.49322150e-02  2.76581992e-02  2.94769722e-02
  2.80328936e-02  2.81561462e-02  2.83756815e-02  1.66347382e-02
  1.59957656e-02  1.18198751e-02  1.20866514e-02  1.66244112e-02
  1.52407748e-02  3.08559426e-02  1.98716267e-02  1.80131321e-02
  1.37192881e-02  1.60789663e-02  1.35501853e-02  1.71706061e-02
  2.84642312e-01  1.32018636e-01  1.33466343e-01  1.23388440e-01
  1.43548018e-01  1.41275822e-01  1.49439664e-01  3.15144859e-01
  1.43916889e-01  1.53217852e-01  1.39742738e-01  1.61519061e-01
  1.58427257e-01  1.66081048e-01  2.80410884e-02  1.38802873e-02
  1.12619676e-02  1.42776360e-02 -2.50811805e-02 -8.43515165e-03
 -4.44191381e-03 -1.46133620e-01 -9.21888128e-02 -9.37766992e-02
 -8.63692546e-02 -1.21182608e-01 -9.03933494e-02 -9.90287832e-02
 -1.05171169e-01 -7.50306984e-02 -7.59187695e-02 -6.91394754e-02
 -7.11487468e-02 -6.35137870e-02 -6.77460474e-02]

Gradient approximate =
[-1.67761816e-04  5.45087508e-05 -1.13022403e-04 -5.15473597e-05
  2.58417330e-04  3.91581989e-05  2.43725795e-05 -1.38904444e-07
 -1.32394451e-05 -1.06226199e-04 -3.85120231e-04 -2.32239168e-04
  7.41723793e-05  4.15586714e-04  1.74024697e-04 -1.07097224e-04
  2.18105014e-04 -9.99758742e-05  1.90446181e-03  9.57707047e-04
  1.01141768e-03  9.70880014e-04  9.38968139e-04  9.87157474e-04
  9.01884651e-04 -1.41013771e-03 -9.88074589e-04 -8.81335718e-04
 -4.90575107e-04 -6.57906474e-04 -7.13373756e-04 -7.87229755e-04
  3.73244397e-03  1.90470740e-03  1.90669038e-03  1.81454608e-03
  1.92166348e-03  1.93709580e-03  1.88888873e-03  8.72924311e-04
  4.11833803e-04  4.35184353e-04  2.85096666e-01  1.32108124e-01
  1.36681546e-01  1.25329686e-01  1.48758220e-01  1.43660734e-01
  1.52019757e-01  3.17302151e-01  1.47825402e-01  1.53561007e-01
  1.40992086e-01  1.53378718e-01  1.53112239e-01  1.62176412e-01
  2.86975364e-01  1.30767417e-01  1.35996806e-01  1.24781754e-01
  1.46874608e-01  1.43898206e-01  1.52229056e-01  2.84017490e-01
  1.31200658e-01  1.36061102e-01  1.24771577e-01  1.43882843e-01
  1.40960237e-01  1.49301673e-01  3.16603884e-01  1.46325121e-01
  1.52086846e-01  1.39625414e-01  1.60375431e-01  1.57046507e-01
  1.66095653e-01  0.00000000e+00  0.00000000e+00  0.00000000e+00
  0.00000000e+00  0.00000000e+00  0.00000000e+00  0.00000000e+00
  0.00000000e+00  0.00000000e+00  0.00000000e+00  0.00000000e+00
  0.00000000e+00  0.00000000e+00  0.00000000e+00  0.00000000e+00
  0.00000000e+00  0.00000000e+00  0.00000000e+00]

Diff = 
[1.18647198e-03 2.44232055e-03 1.96095898e-03 6.70249426e-04
 1.39377362e-03 6.94269171e-04 1.90080591e-05 2.36969814e-03
 2.51247792e-03 1.92789083e-04 1.18825154e-04 3.94215100e-04
 3.25213429e-03 1.45200648e-02 5.04107781e-03 2.30550762e-03
 9.26230400e-03 5.01073421e-03 4.21815427e-02 2.34652614e-02
 2.50363539e-02 1.81725762e-02 1.75290468e-02 1.95479900e-02
 1.83931509e-02 4.51439709e-02 2.33021320e-02 2.16864223e-02
 1.97757005e-02 2.38866655e-02 2.20842072e-02 2.03822486e-02
 3.67931814e-02 1.78651625e-02 1.73113121e-02 1.80253958e-02
 2.03171921e-02 1.66101506e-02 1.76364634e-02 5.87649597e-02
 3.40803305e-02 3.44970306e-02 2.57438467e-01 1.02631152e-01
 1.08648653e-01 9.71735396e-02 1.20382538e-01 1.27025996e-01
 1.36023991e-01 3.05482276e-01 1.35738751e-01 1.36936596e-01
 1.25751311e-01 1.22522776e-01 1.33240613e-01 1.44163280e-01
 2.73256076e-01 1.14688451e-01 1.22446621e-01 1.07611148e-01
 1.37767705e-01 1.18795703e-02 1.87627139e-02 1.60629050e-01
 1.23473606e-02 5.21471930e-03 2.46680871e-02 1.71262016e-01
 2.95665226e-03 3.91617978e-03 1.76861146e-01 1.51939398e-02
 6.34041039e-03 2.64556338e-02 1.32334343e-01 1.43166219e-01
 1.54833685e-01 1.42776360e-02 2.50811805e-02 8.43515165e-03
 4.44191381e-03 1.46133620e-01 9.21888128e-02 9.37766992e-02
 8.63692546e-02 1.21182608e-01 9.03933494e-02 9.90287832e-02
 1.05171169e-01 7.50306984e-02 7.59187695e-02 6.91394754e-02
 7.11487468e-02 6.35137870e-02 6.77460474e-02]

 Iteration 500:
############################
Gradient = 
[-0.00397249 -0.01349129 -0.00607178 -0.00315681 -0.0116097  -0.00310752
 -0.0018904  -0.01061533 -0.00080149 -0.00198207 -0.00942738 -0.00399881
 -0.0063293  -0.02680487 -0.00969895 -0.00518597 -0.02044615 -0.00920238
  0.05616414  0.03083898  0.0320701   0.0241925   0.02404759  0.0273235
  0.02571195  0.05652246  0.02918894  0.02738082  0.02464082  0.02899331
  0.02847559  0.02634645  0.05178114  0.02583065  0.02498522  0.02445633
  0.02725353  0.02482082  0.02540215  0.08495088  0.04818098  0.04814065
  0.03880924  0.04129288  0.04229101  0.04141294  0.03995871  0.022918
  0.02207519  0.0169887   0.01757384  0.02316625  0.02133462  0.04327054
  0.0265035   0.02447632  0.01921042  0.02183994  0.02062509  0.02361371
  0.25743972  0.10963805  0.11064336  0.10244331  0.11597673  0.12129119
  0.12799536  0.29460229  0.12433466  0.13309975  0.1213611   0.13566608
  0.14082776  0.14721789 -0.00514488 -0.00178895 -0.00494612 -0.00076306
 -0.05067403 -0.02886269 -0.02582701 -0.16320937 -0.099229   -0.10115426
 -0.09379428 -0.13234814 -0.09975613 -0.10880184 -0.12257163 -0.08400161
 -0.08523413 -0.07838532 -0.07427205 -0.06954444 -0.07384724]

Gradient approximate =
[ 3.78294771e-04  2.42317016e-03  6.24424505e-04  3.75790790e-04
  2.14865228e-03  6.12922086e-04  2.94302644e-04  1.19358528e-03
  3.36573507e-04  2.25064596e-04  1.06457945e-03  2.01858152e-04
  9.11685121e-04  3.91024811e-03  1.24492023e-03  5.84579261e-04
  3.16890706e-03  8.24978856e-04 -7.80130223e-03 -4.61787383e-03
 -4.39669204e-03 -3.48477591e-03 -3.92134609e-03 -4.24520751e-03
 -4.19840306e-03 -8.91884951e-03 -5.34874802e-03 -5.09943286e-03
 -3.95861627e-03 -4.43889018e-03 -4.85942990e-03 -4.80587837e-03
 -4.09349835e-03 -2.59375085e-03 -2.45326426e-03 -1.77259447e-03
 -1.99756458e-03 -2.27701622e-03 -2.22363438e-03 -8.47453239e-03
 -4.95305279e-03 -4.76593105e-03  2.53592652e-01  1.06231358e-01
  1.09987393e-01  1.00628555e-01  1.14305504e-01  1.19794498e-01
  1.26791202e-01  2.93064413e-01  1.24720470e-01  1.29844687e-01
  1.19051209e-01  1.21432012e-01  1.32074214e-01  1.39945829e-01
  2.61199461e-01  1.08118877e-01  1.12611911e-01  1.03166259e-01
  1.22759643e-01  1.26787992e-01  1.33831047e-01  2.61882821e-01
  1.12343494e-01  1.16824204e-01  1.07200593e-01  1.19949225e-01
  1.24069153e-01  1.31089420e-01  2.96122774e-01  1.27295170e-01
  1.32686887e-01  1.21897442e-01  1.35824452e-01  1.40247880e-01
  1.47986236e-01  0.00000000e+00  0.00000000e+00  0.00000000e+00
  0.00000000e+00  0.00000000e+00  0.00000000e+00  0.00000000e+00
  0.00000000e+00  0.00000000e+00  0.00000000e+00  0.00000000e+00
  0.00000000e+00  0.00000000e+00  0.00000000e+00  0.00000000e+00
  0.00000000e+00  0.00000000e+00  0.00000000e+00]

Diff = 
[4.35078162e-03 1.59144624e-02 6.69619959e-03 3.53260327e-03
 1.37583510e-02 3.72043794e-03 2.18470093e-03 1.18089144e-02
 1.13806665e-03 2.20713595e-03 1.04919642e-02 4.20066427e-03
 7.24098794e-03 3.07151214e-02 1.09438730e-02 5.77055158e-03
 2.36150597e-02 1.00273608e-02 6.39654471e-02 3.54568526e-02
 3.64667914e-02 2.76772753e-02 2.79689387e-02 3.15687085e-02
 2.99103529e-02 6.54413138e-02 3.45376844e-02 3.24802490e-02
 2.85994323e-02 3.34321964e-02 3.33350157e-02 3.11523282e-02
 5.58746363e-02 2.84243985e-02 2.74384803e-02 2.62289275e-02
 2.92510959e-02 2.70978390e-02 2.76257878e-02 9.34254111e-02
 5.31340316e-02 5.29065792e-02 2.14783413e-01 6.49384804e-02
 6.76963846e-02 5.92156158e-02 7.43467913e-02 9.68765013e-02
 1.04716012e-01 2.76075711e-01 1.07146626e-01 1.06678435e-01
 9.77165877e-02 7.81614729e-02 1.05570719e-01 1.15469511e-01
 2.41989038e-01 8.62789388e-02 9.19868196e-02 7.95525515e-02
 1.34680081e-01 1.71499431e-02 2.31876877e-02 1.59439509e-01
 3.63323821e-03 4.46698547e-03 2.07947676e-02 1.74653063e-01
 2.65508026e-04 2.01032765e-03 1.74761674e-01 8.37091092e-03
 8.14087225e-03 2.53204474e-02 1.40969329e-01 1.42036825e-01
 1.52932356e-01 7.63062458e-04 5.06740276e-02 2.88626937e-02
 2.58270116e-02 1.63209373e-01 9.92290011e-02 1.01154261e-01
 9.37942815e-02 1.32348136e-01 9.97561307e-02 1.08801839e-01
 1.22571634e-01 8.40016119e-02 8.52341323e-02 7.83853242e-02
 7.42720516e-02 6.95444396e-02 7.38472352e-02]

 Iteration 600:
############################
Gradient = 
[-0.00750262 -0.02762104 -0.01162202 -0.00663859 -0.02575529 -0.00866397
 -0.00483022 -0.02254869 -0.00565764 -0.00511116 -0.0221956  -0.00902303
 -0.00995277 -0.04068639 -0.01534549 -0.00864932 -0.03401372 -0.01450337
  0.06173107  0.03440422  0.03534029  0.02701073  0.02714481  0.03179514
  0.02974397  0.06301115  0.03333415  0.03131356  0.02785997  0.03238442
  0.03340407  0.03084277  0.05768628  0.02961553  0.02854937  0.0272964
  0.03028993  0.02930622  0.02941649  0.09705254  0.05584039  0.05544234
  0.04517789  0.047889    0.05161695  0.04969624  0.04555545  0.02655968
  0.02557456  0.0200747   0.02077957  0.0275771   0.02526807  0.04975483
  0.03055027  0.02840699  0.02265565  0.02536084  0.025639    0.02796011
  0.22737935  0.08546748  0.08568119  0.07972683  0.08575905  0.09923972
  0.10442524  0.27196654  0.10303357  0.1109549   0.10131451  0.10661506
  0.12109109  0.12610769 -0.01977499 -0.00769874 -0.01109365 -0.00661201
 -0.06389042 -0.03835205 -0.03563427 -0.16926811 -0.09857429 -0.10077179
 -0.09411256 -0.13421685 -0.10152384 -0.11050108 -0.12864018 -0.08523076
 -0.08679439 -0.08053534 -0.06814854 -0.06829879 -0.07222267]

Gradient approximate =
[ 0.00169508  0.00780149  0.0023247   0.00159136  0.00714222  0.00216888
  0.00124487  0.00507781  0.00153174  0.00127956  0.00537249  0.00153641
  0.00246814  0.01021913  0.00320675  0.00198848  0.00892935  0.00264698
 -0.01739418 -0.01057913 -0.01014353 -0.00823149 -0.00907468 -0.01016616
 -0.00985568 -0.01655927 -0.01021219 -0.00977691 -0.00780975 -0.00861939
 -0.00974451 -0.00945097 -0.01188599 -0.00744027 -0.00712049 -0.00561931
 -0.00618187 -0.00708106 -0.00681934 -0.0176063  -0.01062167 -0.01022962
  0.21899902  0.07864643  0.08096515  0.07405165  0.07724553  0.09357972
  0.0991895   0.26638094  0.09967644  0.10361378  0.09504456  0.08607545
  0.10840373  0.1150136   0.23246942  0.08373074  0.08692886  0.07962748
  0.09646623  0.10796938  0.11362444  0.2364988   0.09167173  0.09550957
  0.08790291  0.09314387  0.10493107  0.11051953  0.27335232  0.10670549
  0.11145799  0.10267591  0.10842317  0.12145427  0.12776     0.
  0.          0.          0.          0.          0.          0.
  0.          0.          0.          0.          0.          0.
  0.          0.          0.          0.          0.        ]

Diff = 
[9.19770055e-03 3.54225261e-02 1.39467178e-02 8.22994475e-03
 3.28975121e-02 1.08328468e-02 6.07508626e-03 2.76265044e-02
 7.18938254e-03 6.39072088e-03 2.75680970e-02 1.05594378e-02
 1.24209122e-02 5.09055255e-02 1.85522324e-02 1.06378019e-02
 4.29430708e-02 1.71503530e-02 7.91252513e-02 4.49833462e-02
 4.54838256e-02 3.52422184e-02 3.62194874e-02 4.19612969e-02
 3.95996498e-02 7.95704228e-02 4.35463362e-02 4.10904691e-02
 3.56697197e-02 4.10038166e-02 4.31485772e-02 4.02937459e-02
 6.95722741e-02 3.70558008e-02 3.56698597e-02 3.29157041e-02
 3.64718009e-02 3.63872855e-02 3.62358312e-02 1.14658837e-01
 6.64620550e-02 6.56719607e-02 1.73821134e-01 3.07574260e-02
 2.93482049e-02 2.43554150e-02 3.16900734e-02 6.70200347e-02
 7.36149436e-02 2.46306242e-01 7.88968701e-02 7.60366722e-02
 6.97764894e-02 3.63206179e-02 7.78534641e-02 8.66066084e-02
 2.09813767e-01 5.83698950e-02 6.12898588e-02 5.16673692e-02
 1.30913112e-01 2.25018943e-02 2.79432439e-02 1.56771971e-01
 5.91268054e-03 3.73015348e-03 1.65223339e-02 1.78822672e-01
 1.89749990e-03 4.35363236e-04 1.72037810e-01 9.04295203e-05
 9.63310188e-03 2.34317732e-02 1.28198161e-01 1.29153002e-01
 1.38853653e-01 6.61201161e-03 6.38904202e-02 3.83520525e-02
 3.56342696e-02 1.69268112e-01 9.85742911e-02 1.00771788e-01
 9.41125575e-02 1.34216852e-01 1.01523838e-01 1.10501082e-01
 1.28640184e-01 8.52307642e-02 8.67943901e-02 8.05353430e-02
 6.81485387e-02 6.82987879e-02 7.22226725e-02]

 Iteration 700:
############################
Gradient = 
[-0.01042295 -0.03812444 -0.01637096 -0.00969419 -0.03710084 -0.01366168
 -0.00769215 -0.03344426 -0.01035823 -0.00807275 -0.03341746 -0.01377897
 -0.01252288 -0.04910358 -0.01941343 -0.01140684 -0.0436188  -0.01885727
  0.06115574  0.03513355  0.035987    0.02781583  0.02796729  0.03350375
  0.03117431  0.06344873  0.03473544  0.03270661  0.02914377  0.03358892
  0.03568981  0.03284651  0.05834886  0.03107028  0.02996098  0.02850284
  0.03147475  0.03155861  0.0313245   0.09448903  0.05617179  0.0557583
  0.04600761  0.04848247  0.0537136   0.05130026  0.04533712  0.02747407
  0.02650743  0.02118218  0.02181102  0.02930465  0.02674071  0.05029428
  0.03185589  0.02975094  0.02410141  0.02668799  0.02797072  0.02984556
  0.20083771  0.06332871  0.06255212  0.05880988  0.05845159  0.07892873
  0.08271262  0.25148861  0.08303334  0.08989439  0.0823681   0.07943039
  0.10224112  0.10589521 -0.01965691 -0.00696077 -0.01034783 -0.00616368
 -0.0688626  -0.03971892 -0.03688584 -0.16907673 -0.09354321 -0.09599309
 -0.09037167 -0.13155221 -0.09887248 -0.10746608 -0.12771028 -0.08170556
 -0.08364174 -0.07835199 -0.05756991 -0.062874   -0.06614325]

Gradient approximate =
[ 0.00345624  0.01472403  0.00454976  0.00332553  0.01403561  0.00434809
  0.00274948  0.01112869  0.00341174  0.00287842  0.01177429  0.00354383
  0.00434558  0.01758285  0.00553214  0.00378066  0.01604162  0.00493055
 -0.02472002 -0.01593408 -0.01531915 -0.01258161 -0.01375057 -0.01574748
 -0.01513758 -0.02267009 -0.01483991 -0.01424484 -0.0115563  -0.01264486
 -0.01460579 -0.01403676 -0.01805351 -0.01193316 -0.01145742 -0.00925479
 -0.01009942 -0.01174909 -0.01124422 -0.02388656 -0.01525772 -0.01471112
  0.18866779  0.0540685   0.05476087  0.05024578  0.04435656  0.06930382
  0.07363165  0.24189868  0.07608577  0.07848521  0.0721935   0.05362508
  0.08561811  0.09096983  0.20624899  0.06134024  0.06294128  0.05772423
  0.07309953  0.09081371  0.09513273  0.21257563  0.07233093  0.07536837
  0.06977276  0.06841545  0.08667064  0.09086511  0.25236244  0.08749549
  0.09142358  0.08463688  0.08306303  0.10360016  0.10847644  0.
  0.          0.          0.          0.          0.          0.
  0.          0.          0.          0.          0.          0.
  0.          0.          0.          0.          0.        ]

Diff = 
[0.01387919 0.05284846 0.02092072 0.01301972 0.05113645 0.01800977
 0.01044163 0.04457295 0.01376997 0.01095118 0.04519175 0.0173228
 0.01686846 0.06668643 0.02494556 0.0151875  0.05966042 0.02378782
 0.08587576 0.05106763 0.05130615 0.04039744 0.04171786 0.04925123
 0.0463119  0.08611883 0.04957535 0.04695146 0.04070007 0.04623378
 0.0502956  0.04688327 0.07640237 0.04300344 0.0414184  0.03775763
 0.04157417 0.0433077  0.04256872 0.11837559 0.0714295  0.07046943
 0.14266018 0.00558604 0.00104727 0.00105449 0.00098056 0.04182975
 0.04712422 0.2207165  0.05427475 0.04918056 0.04545279 0.0033308
 0.05376222 0.0612189  0.18214758 0.03465225 0.03497055 0.02787867
 0.12773818 0.027485   0.03258061 0.15376575 0.01387935 0.00356036
 0.01293985 0.18307316 0.0036373  0.00097072 0.16999434 0.0080651
 0.01081754 0.02125833 0.10271994 0.11056094 0.11882427 0.00616368
 0.0688626  0.03971892 0.03688584 0.16907673 0.09354321 0.09599309
 0.09037167 0.13155221 0.09887248 0.10746608 0.12771028 0.08170556
 0.08364174 0.07835199 0.05756991 0.062874   0.06614325]

 Iteration 800:
############################
Gradient = 
[-0.01149731 -0.04021706 -0.01831083 -0.01101138 -0.04040245 -0.01600186
 -0.00932931 -0.03855698 -0.01307255 -0.00964685 -0.03808638 -0.01632072
 -0.01294455 -0.04794099 -0.0201316  -0.01227485 -0.04463352 -0.0203476
  0.0558081   0.03286173  0.03386545  0.02655107  0.02643545  0.0318977
  0.02961008  0.05892907  0.03307211  0.03127107  0.02832575  0.03240172
  0.03461786  0.03181263  0.0546648   0.02987969  0.02893691  0.02791181
  0.03060641  0.03091387  0.03061805  0.08111764  0.04944175  0.0493622
  0.0415133   0.04334193  0.047996    0.04591245  0.04065915  0.02552832
  0.02475896  0.02025608  0.02060579  0.02783311  0.02538378  0.04603052
  0.03014821  0.02826259  0.02338662  0.02564576  0.02695057  0.02876451
  0.18172041  0.04552501  0.04375652  0.04187092  0.03741521  0.06255795
  0.06513319  0.23578165  0.06629628  0.07202508  0.06633278  0.0575984
  0.08623123  0.08861479 -0.00991774 -0.00323327 -0.00649001 -0.00282144
 -0.07055505 -0.03658605 -0.03344277 -0.16481116 -0.08649037 -0.08919605
 -0.08467961 -0.12808998 -0.09387595 -0.10189134 -0.12260627 -0.07603954
 -0.07842491 -0.07418354 -0.04674369 -0.05565747 -0.05813741]

Gradient approximate =
[ 0.00502941  0.02053504  0.00647509  0.0049556   0.02020286  0.0063437
  0.00435641  0.01747297  0.00539978  0.00450695  0.01811576  0.00556446
  0.00588532  0.02322638  0.00736974  0.00534469  0.02187779  0.00686337
 -0.02909535 -0.01997538 -0.01929077 -0.01611026 -0.01745621 -0.02006701
 -0.01927064 -0.02648262 -0.01850805 -0.01785079 -0.01475867 -0.01600362
 -0.01854486 -0.01779837 -0.02198429 -0.0154809  -0.01493673 -0.01233062
 -0.01334255 -0.01552188 -0.01485985 -0.02655174 -0.01802984 -0.0174487
  0.16706721  0.03522966  0.03466393  0.03206023  0.01938508  0.04950775
  0.0526863   0.2224748   0.05612971  0.05704277  0.0526953   0.02814359
  0.06614877  0.0702721   0.18615209  0.04310528  0.04323285  0.03968904
  0.05545266  0.07725182  0.08038197  0.1935286   0.05649528  0.05871241
  0.05481482  0.04917696  0.07144184  0.07438505  0.23589956  0.07156563
  0.07460484  0.06952157  0.06302128  0.08861387  0.09215977  0.
  0.          0.          0.          0.          0.          0.
  0.          0.          0.          0.          0.          0.
  0.          0.          0.          0.          0.        ]

Diff = 
[0.01652672 0.0607521  0.02478592 0.01596698 0.06060531 0.02234556
 0.01368572 0.05602996 0.01847232 0.01415381 0.05620215 0.02188518
 0.01882987 0.07116737 0.02750134 0.01761953 0.06651131 0.02721097
 0.08490346 0.05283711 0.05315623 0.04266133 0.04389166 0.05196471
 0.04888071 0.08541169 0.05158015 0.04912186 0.04308442 0.04840534
 0.05316272 0.04961099 0.07664909 0.0453606  0.04387364 0.04024243
 0.04394896 0.04643575 0.0454779  0.10766938 0.06747159 0.0668109
 0.12555391 0.00811227 0.01333207 0.01385221 0.02127407 0.02397943
 0.02792734 0.20221872 0.03552393 0.02920967 0.02731152 0.01788693
 0.03600056 0.04200952 0.16276547 0.01745952 0.01628227 0.01092453
 0.12626776 0.03172681 0.03662545 0.15165768 0.01908007 0.00384554
 0.01031837 0.18660469 0.00514556 0.00235997 0.16956677 0.01396723
 0.01162639 0.01909322 0.07293901 0.09184713 0.09864978 0.00282144
 0.07055505 0.03658605 0.03344277 0.16481116 0.08649037 0.08919605
 0.08467961 0.12808998 0.09387595 0.10189134 0.12260627 0.07603954
 0.07842491 0.07418354 0.04674369 0.05565747 0.05813741]

 Iteration 900:
############################
Gradient = 
[-0.01090763 -0.0355643  -0.01762552 -0.0106237  -0.03660109 -0.01566178
 -0.00947712 -0.03720028 -0.01338585 -0.00965294 -0.03600867 -0.01634792
 -0.01172513 -0.04034775 -0.01825946 -0.0114791  -0.03890633 -0.01923452
  0.04824882  0.0284384   0.02969003  0.02364671  0.02309089  0.02776371
  0.02574301  0.05186005  0.02906201  0.02759472  0.02573193  0.02924873
  0.03082691  0.02829385  0.04864668  0.02658042  0.02590468  0.02574465
  0.02798602  0.02783087  0.02769054  0.06474036  0.03931555  0.03964462
  0.03414364  0.03521222  0.03812667  0.03677771  0.03393913  0.0215411
  0.02103142  0.01769715  0.01766116  0.02394877  0.02184331  0.03934249
  0.02616209  0.02456529  0.02084747  0.02266349  0.02326414  0.02527314
  0.17019396  0.03255293  0.02994187  0.02939347  0.0231311   0.05056489
  0.05212488  0.2252253   0.05351215  0.05817987  0.05386978  0.04204999
  0.07381654  0.07507181  0.00359346  0.00049116 -0.00264519  0.00059144
 -0.07250526 -0.0323641  -0.02892219 -0.15824803 -0.07937805 -0.08239384
 -0.0788177  -0.12628866 -0.08833679 -0.09571861 -0.11589585 -0.07047565
 -0.07343016 -0.07004694 -0.03843427 -0.04869025 -0.0503864 ]

Gradient approximate =
[ 0.00604998  0.02386725  0.0076448   0.00606189  0.02399671  0.00762716
  0.00563552  0.02232336  0.00694599  0.00573294  0.02262632  0.00704448
  0.00678474  0.02605515  0.00835445  0.00632881  0.02509585  0.00799956
 -0.03105003 -0.02246425 -0.02181009 -0.01859779 -0.01996223 -0.02273691
 -0.02190403 -0.02815875 -0.02078429 -0.02016028 -0.01704933 -0.01830327
 -0.02099808 -0.02021543 -0.02391272 -0.0177567  -0.01723014 -0.01456857
 -0.01561373 -0.01794823 -0.01725262 -0.02669808 -0.01907707 -0.01855166
  0.15431261  0.02239819  0.02110667  0.0197743   0.00263281  0.03486349
  0.03702193  0.20872953  0.04069664  0.04045667  0.03751071  0.01054833
  0.0511393   0.05410442  0.17286693  0.02948972  0.02854044  0.02614381
  0.04350694  0.06750524  0.06962196  0.18038466  0.04489055  0.0463809
  0.04370523  0.03618697  0.0600636   0.06194939  0.22463008  0.05951095
  0.06171197  0.05789781  0.04901303  0.07718614  0.07956042  0.
  0.          0.          0.          0.          0.          0.
  0.          0.          0.          0.          0.          0.
  0.          0.          0.          0.          0.        ]

Diff = 
[0.01695762 0.05943155 0.02527031 0.01668559 0.0605978  0.02328895
 0.01511264 0.05952364 0.02033185 0.01538588 0.05863499 0.02339241
 0.01850987 0.06640291 0.02661391 0.01780791 0.06400217 0.02723409
 0.07929885 0.05090266 0.05150012 0.04224451 0.04305312 0.05050062
 0.04764703 0.0800188  0.0498463  0.047755   0.04278126 0.04755199
 0.05182499 0.04850929 0.07255941 0.04433712 0.04313482 0.04031322
 0.04359976 0.0457791  0.04494316 0.09143844 0.05839262 0.05819628
 0.12016897 0.01281404 0.01702    0.01700341 0.03130633 0.0133224
 0.01599051 0.19103239 0.02303549 0.0165079  0.0156674  0.02879417
 0.02497722 0.02953913 0.15201946 0.00682624 0.00527631 0.00087066
 0.12668702 0.03495232 0.0396801  0.1509912  0.02175945 0.00418399
 0.00841964 0.18903833 0.00655145 0.00376952 0.1707603  0.01746096
 0.01210457 0.017174   0.04541957 0.07669498 0.08220561 0.00059144
 0.07250526 0.0323641  0.02892219 0.15824803 0.07937805 0.08239384
 0.0788177  0.12628866 0.08833679 0.09571861 0.11589585 0.07047565
 0.07343016 0.07004694 0.03843427 0.04869025 0.0503864 ]

 