Iteration 0:
############################
Gradient = 
[-0.01729833 -0.07216831 -0.02611609 -0.00194844 -0.01810857 -0.00209247
 -0.0148662  -0.03388846 -0.00904576  0.00901854  0.04320525  0.01640526
  0.01107683  0.04532196  0.01634477 -0.00884633 -0.01397944 -0.01607676
  0.29655196  0.14680455  0.12102263  0.1689639   0.18592966  0.17953884
  0.18354221  0.26386476  0.1250116   0.1204641   0.13425822  0.15352325
  0.15607469  0.14235789  0.32631355  0.16790804  0.14946071  0.16002684
  0.18295992  0.18923736  0.18462734  0.29629562  0.1424821   0.11451314
  0.15407487  0.17169785  0.17037117  0.18343897  0.27926017  0.13257899
  0.12519862  0.13633716  0.16347047  0.15408993  0.14900733]

Gradient approximate =
[-1.72983253e-02 -7.56541341e-02 -2.38488018e-02 -1.94844302e-03
 -8.59960781e-03  1.77115327e-04 -1.48661950e-02 -3.68410555e-02
 -1.20182684e-02  9.01853837e-03  3.63559200e-02  1.50735862e-02
  1.10768251e-02  4.04825791e-02  1.07507205e-02 -8.84633262e-03
 -2.48164741e-02 -1.14659742e-02  2.96551963e-01  1.53411405e-01
  1.17551009e-01  1.61948611e-01  1.78638780e-01  1.76208988e-01
  1.83401194e-01  2.63864758e-01  1.33580142e-01  1.16047405e-01
  1.39483091e-01  1.50860087e-01  1.49122385e-01  1.53237132e-01
  3.26313550e-01  1.64127673e-01  1.48919678e-01  1.70068009e-01
  1.82721105e-01  1.80362380e-01  1.85499046e-01  2.96295617e-01
  1.52627060e-01  1.24151486e-01  1.58272431e-01  1.73759401e-01
  1.69965328e-01  1.79871148e-01  2.79260167e-01  1.39208626e-01
  1.26734850e-01  1.46831778e-01  1.56779434e-01  1.56699027e-01
  1.56280136e-01]

Diff = 
[1.20242705e-12 3.48581978e-03 2.26729161e-03 6.60288903e-12
 9.50896441e-03 2.26958624e-03 6.81310910e-13 2.95259617e-03
 2.97250667e-03 1.46436405e-11 6.84932652e-03 1.33167704e-03
 2.98913221e-11 4.83938179e-03 5.59404673e-03 1.40131969e-11
 1.08370337e-02 4.61078732e-03 1.07174825e-11 6.60685186e-03
 3.47161667e-03 7.01528785e-03 7.29087946e-03 3.32985026e-03
 1.41013109e-04 3.25962035e-11 8.56853798e-03 4.41669632e-03
 5.22486868e-03 2.66316017e-03 6.95230123e-03 1.08792455e-02
 1.46188062e-11 3.78037026e-03 5.41031175e-04 1.00411688e-02
 2.38811608e-04 8.87497709e-03 8.71705288e-04 1.14079857e-11
 1.01449593e-02 9.63834340e-03 4.19756106e-03 2.06154804e-03
 4.05845720e-04 3.56782571e-03 1.80450099e-11 6.62963804e-03
 1.53623456e-03 1.04946137e-02 6.69103552e-03 2.60909225e-03
 7.27280376e-03]

 Iteration 100:
############################
Gradient = 
[-0.0256442  -0.08969133 -0.03084618 -0.01737203 -0.06777831 -0.0181316
 -0.02596028 -0.07006403 -0.02015209 -0.01606016 -0.05029518 -0.01319647
 -0.01496662 -0.0514958  -0.01356065 -0.02370465 -0.06450309 -0.02969654
  0.14243232  0.08317989  0.06067596  0.09197936  0.08879896  0.08411867
  0.09395495  0.1323673   0.0596706   0.06062077  0.06198403  0.06850559
  0.0716434   0.06093864  0.16320683  0.07967252  0.07167104  0.06709538
  0.07694824  0.08360489  0.07962873  0.14478719  0.07278133  0.05163644
  0.07477452  0.07570698  0.07553519  0.09020285  0.14101671  0.06025732
  0.06004333  0.05816163  0.07286491  0.06535087  0.06212387]

Gradient approximate =
[-0.0256442  -0.10416421 -0.03236762 -0.01737203 -0.06473412 -0.01750572
 -0.02596028 -0.08077958 -0.02535858 -0.01606016 -0.05993608 -0.01508528
 -0.01496662 -0.05909039 -0.01974381 -0.02370465 -0.08193092 -0.02834365
  0.14243232  0.10257     0.06705573  0.09931896  0.09626618  0.09491298
  0.10899043  0.1323673   0.07846218  0.06611416  0.07795986  0.07780099
  0.07697012  0.08287729  0.16320683  0.08960904  0.0832589   0.08955995
  0.0907189   0.08947182  0.09491617  0.14478719  0.09488212  0.07028628
  0.09153516  0.09105582  0.08832629  0.10162738  0.14101671  0.07755179
  0.07172784  0.07929704  0.07894313  0.07977527  0.08088371]

Diff = 
[8.14322221e-12 1.44728821e-02 1.52143830e-03 7.97124172e-12
 3.04418998e-03 6.25876726e-04 4.08345510e-11 1.07155428e-02
 5.20648871e-03 4.42139381e-12 9.64090225e-03 1.88880949e-03
 1.32591455e-11 7.59459032e-03 6.18316662e-03 7.78778084e-12
 1.74278361e-02 1.35288669e-03 1.11210069e-10 1.93901115e-02
 6.37976721e-03 7.33960119e-03 7.46722711e-03 1.07943102e-02
 1.50354796e-02 1.09685649e-10 1.87915824e-02 5.49338719e-03
 1.59758334e-02 9.29540413e-03 5.32672175e-03 2.19386500e-02
 1.05946224e-10 9.93651352e-03 1.15878575e-02 2.24645627e-02
 1.37706646e-02 5.86692727e-03 1.52874325e-02 1.30616906e-10
 2.21007865e-02 1.86498414e-02 1.67606390e-02 1.53488402e-02
 1.27911033e-02 1.14245223e-02 1.23918847e-10 1.72944688e-02
 1.16845091e-02 2.11354063e-02 6.07822018e-03 1.44243941e-02
 1.87598465e-02]

 Iteration 200:
############################
Gradient = 
[-0.01525939 -0.04051376 -0.01499932 -0.01272206 -0.04093398 -0.01037659
 -0.01700175 -0.03179197 -0.00825763 -0.01221439 -0.03022161 -0.00760208
 -0.01159711 -0.03250185 -0.00761891 -0.01537652 -0.02845219 -0.01672548
  0.06560109  0.03979779  0.02881733  0.04636521  0.04258781  0.03935163
  0.04386043  0.07036032  0.0199163   0.02805273  0.02208373  0.02780498
  0.03114466  0.01821892  0.08780131  0.02838135  0.02892309  0.01753697
  0.02632268  0.03281357  0.02562963  0.07205354  0.02842634  0.0187352
  0.03005006  0.03046668  0.03112961  0.03952955  0.0770694   0.01815173
  0.02447849  0.01621993  0.02941164  0.02304268  0.01770525]

Gradient approximate =
[-0.01525939 -0.06222869 -0.01907597 -0.01272206 -0.04414274 -0.01139528
 -0.01700175 -0.04822649 -0.01505752 -0.01221439 -0.04458753 -0.01072128
 -0.01159711 -0.04503711 -0.01505755 -0.01537652 -0.05111831 -0.01799093
  0.06560109  0.06596991  0.04010533  0.0613208   0.05722917  0.05687831
  0.06643759  0.07036032  0.04298816  0.03838623  0.04257828  0.04229198
  0.04203521  0.04436545  0.08780131  0.04411189  0.04595303  0.04445929
  0.04559117  0.04492922  0.04650581  0.07205354  0.05602314  0.04117767
  0.05248706  0.0515351   0.04967452  0.05799662  0.0770694   0.03962041
  0.0407389   0.04128917  0.0409883   0.0421855   0.04067914]

Diff = 
[1.33521232e-11 2.17149272e-02 4.07664950e-03 3.33114127e-11
 3.20875626e-03 1.01868659e-03 6.92256322e-12 1.64345205e-02
 6.79988921e-03 9.32505809e-13 1.43659241e-02 3.11919921e-03
 8.81548827e-12 1.25352596e-02 7.43864250e-03 3.73086631e-12
 2.26661153e-02 1.26544897e-03 1.54615015e-10 2.61721260e-02
 1.12879940e-02 1.49555907e-02 1.46413600e-02 1.75266739e-02
 2.25771565e-02 1.56000046e-10 2.30718678e-02 1.03335030e-02
 2.04945517e-02 1.44870030e-02 1.08905560e-02 2.61465270e-02
 1.42436271e-10 1.57305450e-02 1.70299370e-02 2.69223206e-02
 1.92684848e-02 1.21156468e-02 2.08761821e-02 1.63211125e-10
 2.75968002e-02 2.24424704e-02 2.24370010e-02 2.10684195e-02
 1.85449146e-02 1.84670725e-02 1.48473067e-10 2.14686809e-02
 1.62604066e-02 2.50692362e-02 1.15766609e-02 1.91428206e-02
 2.29738832e-02]

 Iteration 300:
############################
Gradient = 
[-0.00907452 -0.01485683 -0.00656494 -0.00864022 -0.02085396 -0.00462752
 -0.01120513 -0.01048816 -0.00166967 -0.00819847 -0.01321963 -0.00278114
 -0.00775063 -0.01543362 -0.00236779 -0.00982404 -0.00788892 -0.00895416
  0.03196046  0.01682733  0.01250535  0.0227351   0.02008595  0.01765769
  0.01896694  0.04486302  0.00186685  0.01238701  0.00425958  0.00970911
  0.01285779 -0.00018969  0.05795615  0.00627515  0.00940399 -0.0028759
  0.00516143  0.01108772  0.00330103  0.0421889   0.00748196  0.00356405
  0.00947026  0.01037155  0.01132289  0.01628377  0.0516996   0.00018708
  0.00816268 -0.00128136  0.01075624  0.00507835 -0.000473  ]

Gradient approximate =
[-0.00907452 -0.03951829 -0.01180297 -0.00864022 -0.02744987 -0.00646192
 -0.01120513 -0.02916115 -0.00898284 -0.00819847 -0.02994813 -0.00645927
 -0.00775063 -0.03059031 -0.01034232 -0.00982404 -0.03246431 -0.01162491
  0.03196046  0.04606074  0.02602953  0.04145685  0.0381297   0.03826979
  0.04493876  0.04486302  0.02603229  0.02490263  0.02610813  0.02618502
  0.02610673  0.02682945  0.05795615  0.02379032  0.02845919  0.02470213
  0.02604079  0.02551928  0.02562979  0.0421889   0.03695772  0.02715622
  0.03399285  0.03360228  0.0321246   0.03774288  0.0516996   0.02254529
  0.02615083  0.02448626  0.02446229  0.02567021  0.02332162]

Diff = 
[3.94818553e-12 2.46614581e-02 5.23803134e-03 1.56668255e-11
 6.59591756e-03 1.83439347e-03 1.61918014e-11 1.86729927e-02
 7.31317143e-03 3.00689629e-11 1.67284971e-02 3.67813178e-03
 2.12148849e-11 1.51566877e-02 7.97452908e-03 1.30721840e-11
 2.45753862e-02 2.67075698e-03 1.61101361e-10 2.92334072e-02
 1.35241874e-02 1.87217507e-02 1.80437522e-02 2.06120969e-02
 2.59718200e-02 1.54155598e-10 2.41654359e-02 1.25156226e-02
 2.18485458e-02 1.64759169e-02 1.32489394e-02 2.70191399e-02
 1.47674532e-10 1.75151719e-02 1.90551992e-02 2.75780300e-02
 2.08793579e-02 1.44315626e-02 2.23287615e-02 1.52676614e-10
 2.94757566e-02 2.35921694e-02 2.45225896e-02 2.32307358e-02
 2.08017146e-02 2.14591175e-02 1.59103453e-10 2.23582119e-02
 1.79881549e-02 2.57676228e-02 1.37060472e-02 2.05918617e-02
 2.37946264e-02]

 Iteration 400:
############################
Gradient = 
[-6.16389425e-03 -4.25326463e-03 -2.92899219e-03 -6.58230032e-03
 -1.11016896e-02 -1.98938679e-03 -8.33804007e-03 -1.90442592e-03
  9.23619576e-04 -6.10175578e-03 -5.31904939e-03 -6.69275804e-04
 -5.73235902e-03 -7.25319338e-03  6.68139189e-05 -7.08515575e-03
  4.58309046e-04 -5.28455832e-03  1.73098823e-02  6.10796039e-03
  4.97929528e-03  1.13825741e-02  9.60666454e-03  7.67556181e-03
  7.46767270e-03  3.43611518e-02 -5.19445293e-03  5.43356526e-03
 -2.80890463e-03  2.18482651e-03  5.03782366e-03 -7.15044808e-03
  4.60349650e-02 -2.26148285e-03  1.28495601e-03 -1.01122069e-02
 -2.94965517e-03  2.35297763e-03 -5.03399419e-03  2.99375476e-02
 -1.16719178e-03 -2.55855711e-03  9.12151331e-04  2.02573731e-03
  3.05300204e-03  6.27559295e-03  4.15820729e-02 -6.42081780e-03
  1.34870118e-03 -7.59607200e-03  3.19864002e-03 -1.93564299e-03
 -6.97772026e-03]

Gradient approximate =
[-0.00616389 -0.02991353 -0.008678   -0.0065823  -0.0194433  -0.0041792
 -0.00833804 -0.02120683 -0.00640898 -0.00610176 -0.0230403  -0.00452571
 -0.00573236 -0.0236382  -0.00802009 -0.00708516 -0.02446789 -0.00873816
  0.01730988  0.03656806  0.01944132  0.03196499  0.02926284  0.02965484
  0.03485949  0.03436115  0.01872167  0.01890929  0.01906264  0.0192764
  0.01924274  0.01939049  0.04603497  0.01540838  0.02088281  0.01665997
  0.01798537  0.01747627  0.01712246  0.02993755  0.02859735  0.02103926
  0.02595605  0.02589389  0.02460521  0.02893957  0.04158207  0.01552339
  0.01982318  0.01760899  0.01763573  0.01877551  0.01633299]

Diff = 
[5.72716874e-12 2.56602689e-02 5.74900926e-03 8.59778915e-12
 8.34160566e-03 2.18981738e-03 1.64463408e-11 1.93024010e-02
 7.33260082e-03 5.69224529e-12 1.77212526e-02 3.85643236e-03
 3.92905534e-11 1.63850061e-02 8.08690591e-03 1.24104095e-11
 2.49262023e-02 3.45360398e-03 1.57746986e-10 3.04600961e-02
 1.44620252e-02 2.05824168e-02 1.96561750e-02 2.19792732e-02
 2.73918139e-02 1.53833765e-10 2.39161182e-02 1.34757238e-02
 2.18715426e-02 1.70915701e-02 1.42049157e-02 2.65409415e-02
 1.49517496e-10 1.76698650e-02 1.95978557e-02 2.67721788e-02
 2.09350204e-02 1.51232956e-02 2.21564543e-02 1.64960875e-10
 2.97645383e-02 2.35978202e-02 2.50438946e-02 2.38681533e-02
 2.15522060e-02 2.26639734e-02 1.59382806e-10 2.19442090e-02
 1.84744785e-02 2.52050656e-02 1.44370949e-02 2.07111525e-02
 2.33107073e-02]

 Iteration 500:
############################
Gradient = 
[-4.72397274e-03  2.85280047e-05 -1.33560442e-03 -5.57032247e-03
 -6.46767252e-03 -8.66816742e-04 -6.83954734e-03  1.22222798e-03
  1.80201500e-03 -5.03389091e-03 -1.92725395e-03  1.14192239e-04
 -4.71262011e-03 -3.57629309e-03  1.08002954e-03 -5.67509776e-03
  3.49756806e-03 -3.46854315e-03  1.07552351e-02  1.21718892e-03
  1.68675888e-03  5.84846453e-03  4.69680075e-03  3.11550132e-03
  2.15401628e-03  2.97397497e-02 -7.67118718e-03  2.30100853e-03
 -5.41770302e-03 -9.27064167e-04  1.62707480e-03 -9.44393330e-03
  4.08507634e-02 -5.41534145e-03 -2.07296119e-03 -1.22174550e-02
 -5.90531942e-03 -1.18535086e-03 -7.91285616e-03  2.46527846e-02
 -4.54508737e-03 -4.75742142e-03 -2.53943885e-03 -1.37155016e-03
 -3.39052946e-04  1.87210636e-03  3.71885533e-02 -8.55432039e-03
 -1.49247973e-03 -9.53975579e-03  7.09602853e-05 -4.58651173e-03
 -8.96825885e-03]

Gradient approximate =
[-0.00472397 -0.02583722 -0.0073152  -0.00557032 -0.01577593 -0.00321004
 -0.00683955 -0.01808961 -0.00536703 -0.00503389 -0.02003392 -0.00376634
 -0.00471262 -0.02054953 -0.00693399 -0.0056751  -0.02117594 -0.00740781
  0.01075524  0.03205882  0.0165019   0.02737352  0.02513136  0.02567506
  0.03005567  0.02973975  0.01549169  0.01619403  0.01596408  0.0162121
  0.0161858   0.01613229  0.04085076  0.01179164  0.01745492  0.01326337
  0.01450126  0.01397685  0.01348196  0.02465278  0.02486728  0.0184046
  0.0223846   0.02250687  0.02134042  0.02496723  0.03718855  0.0125185
  0.01695277  0.01467214  0.01467014  0.01573247  0.013416  ]

Diff = 
[8.04918892e-12 2.58657452e-02 5.97959530e-03 2.54875643e-11
 9.30826217e-03 2.34322553e-03 8.21341953e-12 1.93118392e-02
 7.16904613e-03 1.09231782e-11 1.81066649e-02 3.88053564e-03
 2.26689344e-11 1.69732337e-02 8.01402014e-03 8.87412539e-13
 2.46735099e-02 3.93926651e-03 1.54069535e-10 3.08416349e-02
 1.48151369e-02 2.15250536e-02 2.04345595e-02 2.25595602e-02
 2.79016506e-02 1.44614022e-10 2.31628778e-02 1.38930215e-02
 2.13817800e-02 1.71391672e-02 1.45587215e-02 2.55762232e-02
 1.52846028e-10 1.72069779e-02 1.95278816e-02 2.54808246e-02
 2.04065830e-02 1.51622038e-02 2.13948201e-02 1.54251535e-10
 2.94123683e-02 2.31620179e-02 2.49240416e-02 2.38784173e-02
 2.16794740e-02 2.30951209e-02 1.65780181e-10 2.10728229e-02
 1.84452498e-02 2.42118990e-02 1.45991786e-02 2.03189826e-02
 2.23842619e-02]

 Iteration 600:
############################
Gradient = 
[-3.91373781e-03  1.74867916e-03 -5.86940764e-04 -5.01195792e-03
 -4.08690748e-03 -3.83997682e-04 -5.93972265e-03  2.19745244e-03
  2.00895646e-03 -4.42639509e-03 -4.58940789e-04  3.53296882e-04
 -4.14038199e-03 -1.85905087e-03  1.48116846e-03 -4.84951021e-03
  4.40781638e-03 -2.45947613e-03  7.76186980e-03 -9.92935910e-04
  3.33288243e-04  3.04137270e-03  2.34953330e-03  1.03335544e-03
 -3.29514659e-04  2.74483001e-02 -8.32578729e-03  7.82496827e-04
 -6.24918937e-03 -2.24005590e-03  3.79373153e-05 -9.91142411e-03
  3.82241696e-02 -6.49842645e-03 -3.50674100e-03 -1.24200588e-02
 -6.88029238e-03 -2.68236934e-03 -8.72355739e-03  2.21809604e-02
 -5.74776493e-03 -5.35486975e-03 -3.87699188e-03 -2.72495153e-03
 -1.71249653e-03 -1.76866387e-04  3.49490351e-02 -9.01335212e-03
 -2.73444220e-03 -9.86261163e-03 -1.32389347e-03 -5.55243628e-03
 -9.29609330e-03]

Gradient approximate =
[-0.00391374 -0.02400265 -0.00667088 -0.00501196 -0.01398059 -0.00279462
 -0.00593972 -0.01690935 -0.00494071 -0.0044264  -0.01869033 -0.00349786
 -0.00414038 -0.01912943 -0.00638445 -0.00484951 -0.01980658 -0.0067301
  0.00776187  0.02984608  0.01525177  0.02505424  0.02316853  0.02381376
  0.02765932  0.0274483   0.01392139  0.0148415   0.01446239  0.01471016
  0.01468124  0.01455891  0.03822417  0.01002307  0.01569496  0.01165561
  0.0127919   0.01225016  0.01171835  0.02218096  0.02306988  0.01722582
  0.02067219  0.02091042  0.01983989  0.02300151  0.03494904  0.01105593
  0.01546302  0.01324214  0.01319537  0.01418361  0.01204528]

Diff = 
[4.10334614e-11 2.57513328e-02 6.08393444e-03 4.23177465e-12
 9.89368393e-03 2.41061795e-03 2.47047174e-13 1.91068074e-02
 6.94966521e-03 1.50819296e-11 1.82313931e-02 3.85115540e-03
 1.36784464e-11 1.72703756e-02 7.86562334e-03 8.13318250e-12
 2.42143931e-02 4.27062021e-03 1.68327386e-10 3.08390172e-02
 1.49184817e-02 2.20128700e-02 2.08189921e-02 2.27804022e-02
 2.79888342e-02 1.52832642e-10 2.22471800e-02 1.40590000e-02
 2.07115793e-02 1.69502139e-02 1.46433044e-02 2.44703344e-02
 1.54128384e-10 1.65214989e-02 1.92017059e-02 2.40756698e-02
 1.96721928e-02 1.49325264e-02 2.04419092e-02 1.44426072e-10
 2.88176485e-02 2.25806887e-02 2.45491844e-02 2.36353747e-02
 2.15523857e-02 2.31783758e-02 1.61266132e-10 2.00692803e-02
 1.81974583e-02 2.31047478e-02 1.45192656e-02 1.97360470e-02
 2.13413778e-02]

 Iteration 700:
############################
Gradient = 
[-3.38088441e-03  2.41532245e-03 -1.99378772e-04 -4.64497662e-03
 -2.72171812e-03 -1.66838354e-04 -5.31044773e-03  2.35565193e-03
  1.96613519e-03 -4.02073812e-03  2.02978461e-04  3.84650609e-04
 -3.76313194e-03 -9.89621984e-04  1.62388741e-03 -4.28759268e-03
  4.49011353e-03 -1.82049075e-03  6.38011772e-03 -1.96785101e-03
 -1.58854475e-04  1.54277731e-03  1.19558582e-03  8.72680466e-05
 -1.49778966e-03  2.60963952e-02 -8.27796725e-03 -4.71984610e-05
 -6.38591609e-03 -2.81633904e-03 -7.87190250e-04 -9.69072834e-03
  3.65830494e-02 -6.79320600e-03 -4.15561619e-03 -1.19597273e-02
 -7.10530489e-03 -3.36980111e-03 -8.76711576e-03  2.08689861e-02
 -6.06298421e-03 -5.33264616e-03 -4.33897027e-03 -3.23620312e-03
 -2.25414906e-03 -1.21255537e-03  3.35280408e-02 -8.87320289e-03
 -3.32643519e-03 -9.61626267e-03 -2.03112092e-03 -5.87234853e-03
 -9.04592226e-03]

Gradient approximate =
[-0.00338088 -0.02309443 -0.00632587 -0.00464498 -0.01299534 -0.00260721
 -0.00531045 -0.016489   -0.00475709 -0.00402074 -0.01803853 -0.00342362
 -0.00376313 -0.01841667 -0.00606446 -0.00428759 -0.01921591 -0.00633147
  0.00638012  0.0286964   0.01476466  0.02380769  0.02220851  0.02292465
  0.02637999  0.0260964   0.01302512  0.01404978  0.01360639  0.01384359
  0.01380962  0.01366579  0.03658305  0.00897146  0.01460798  0.01073183
  0.01177095  0.01121577  0.01068026  0.02086899  0.02208095  0.01663949
  0.01974013  0.02005703  0.01906912  0.02188161  0.03352804  0.01018004
  0.01452436  0.01238244  0.0122946   0.01321334  0.01125377]

Diff = 
[5.98889905e-12 2.55097523e-02 6.12649349e-03 7.72703863e-12
 1.02736237e-02 2.44037528e-03 1.02284674e-12 1.88446554e-02
 6.72322553e-03 6.64321202e-12 1.82415102e-02 3.80827360e-03
 2.22459347e-11 1.74270510e-02 7.68834444e-03 7.82633680e-12
 2.37060208e-02 4.51097821e-03 1.69866377e-10 3.06642480e-02
 1.49235098e-02 2.22649098e-02 2.10129270e-02 2.28373835e-02
 2.78777789e-02 1.66908758e-10 2.13030917e-02 1.40969752e-02
 1.99923070e-02 1.66599303e-02 1.45968082e-02 2.33565172e-02
 1.70127169e-10 1.57646620e-02 1.87635971e-02 2.26915577e-02
 1.88762581e-02 1.45855667e-02 1.94473773e-02 1.52231491e-10
 2.81439347e-02 2.19721362e-02 2.40791044e-02 2.32932282e-02
 2.13232644e-02 2.30941640e-02 1.69696979e-10 1.90532450e-02
 1.78507909e-02 2.19987008e-02 1.43257249e-02 1.90856875e-02
 2.02996946e-02]

 Iteration 800:
############################
Gradient = 
[-2.97839354e-03  2.63590313e-03  2.36532041e-05 -4.36063404e-03
 -1.85403077e-03 -6.30939341e-05 -4.81401457e-03  2.22117444e-03
  1.83886411e-03 -3.70648334e-03  5.18067339e-04  3.43517342e-04
 -3.47279143e-03 -5.04292765e-04  1.65513680e-03 -3.85325376e-03
  4.26616665e-03 -1.36903725e-03  5.74104918e-03 -2.37101004e-03
 -2.86276639e-04  6.93838805e-04  6.04891469e-04 -3.37960583e-04
 -2.04326714e-03  2.51329393e-02 -7.97471460e-03 -5.69588539e-04
 -6.25966083e-03 -3.08479737e-03 -1.27820206e-03 -9.23214062e-03
  3.53309928e-02 -6.79151159e-03 -4.47199691e-03 -1.13041222e-02
 -7.05279145e-03 -3.72580489e-03 -8.53903198e-03  2.00440200e-02
 -6.02250758e-03 -5.09476215e-03 -4.43754645e-03 -3.40180504e-03
 -2.45498958e-03 -1.79246323e-03  3.24249976e-02 -8.53783557e-03
 -3.64187589e-03 -9.19385301e-03 -2.45200383e-03 -5.94359709e-03
 -8.62158573e-03]

Gradient approximate =
[-0.00297839 -0.02258527 -0.00611187 -0.00436063 -0.01238392 -0.00251586
 -0.00481401 -0.01636275 -0.00466843 -0.00370648 -0.01768069 -0.00342315
 -0.00347279 -0.01801379 -0.00584687 -0.00385325 -0.01894229 -0.0060596
  0.00574105  0.02804422  0.01461002  0.02308162  0.02171656  0.02248226
  0.02563035  0.02513294  0.01240655  0.01349083  0.01301508  0.01323929
  0.01319987  0.01305142  0.03533099  0.00820227  0.01380121  0.01006895
  0.01102022  0.0104562   0.00992683  0.02004402  0.02143504  0.01628574
  0.01914251  0.01951363  0.01859976  0.02112901  0.032425    0.00952838
  0.01381281  0.01173869  0.01161836  0.01247163  0.0106767 ]

Diff = 
[9.19023711e-12 2.52211723e-02 6.13552311e-03 2.31093677e-11
 1.05298931e-02 2.45276935e-03 2.13681182e-11 1.85839245e-02
 6.50729070e-03 2.63283926e-11 1.81987539e-02 3.76666442e-03
 1.53675484e-11 1.75094961e-02 7.50200403e-03 1.08982493e-11
 2.32084576e-02 4.69056035e-03 1.53326862e-10 3.04152275e-02
 1.48963008e-02 2.23877775e-02 2.11116646e-02 2.28202229e-02
 2.76736199e-02 1.49715292e-10 2.03812685e-02 1.40604206e-02
 1.92747389e-02 1.63240920e-02 1.44780672e-02 2.22835653e-02
 1.53599314e-10 1.49937803e-02 1.82732058e-02 2.13730699e-02
 1.80730100e-02 1.41820037e-02 1.84658665e-02 1.60763059e-10
 2.74575441e-02 2.13805029e-02 2.35800561e-02 2.29154392e-02
 2.10547539e-02 2.29214731e-02 1.54881212e-10 1.80662177e-02
 1.74546841e-02 2.09325480e-02 1.40703661e-02 1.84152287e-02
 1.92982826e-02]

 Iteration 900:
############################
Gradient = 
[-2.64365442e-03  2.66003291e-03  1.64357888e-04 -4.11452528e-03
 -1.26013181e-03 -1.06771524e-05 -4.39141539e-03  1.99674905e-03
  1.69058059e-03 -3.43690548e-03  6.75017764e-04  2.82423849e-04
 -3.22370050e-03 -2.08172404e-04  1.63605731e-03 -3.48774146e-03
  3.94354050e-03 -1.02591357e-03  5.44725190e-03 -2.50950020e-03
 -2.73978681e-04  1.81641081e-04  2.83742482e-04 -5.26355566e-04
 -2.28803347e-03  2.43374074e-02 -7.59285043e-03 -9.42602424e-04
 -6.04186130e-03 -3.21935227e-03 -1.61131323e-03 -8.71192075e-03
  3.42412306e-02 -6.68099238e-03 -4.63701118e-03 -1.06250651e-02
 -6.90276626e-03 -3.93666778e-03 -8.22635260e-03  1.94278392e-02
 -5.84599227e-03 -4.80275279e-03 -4.38621406e-03 -3.42734993e-03
 -2.51814067e-03 -2.15262584e-03  3.14528909e-02 -8.15555876e-03
 -3.82855249e-03 -8.73847325e-03 -2.74115709e-03 -5.91728509e-03
 -8.16902830e-03]

Gradient approximate =
[-0.00264365 -0.02226005 -0.00596004 -0.00411453 -0.01196474 -0.00246733
 -0.00439142 -0.01634784 -0.00461671 -0.00343691 -0.01745526 -0.0034487
 -0.0032237  -0.01775691 -0.00567925 -0.00348774 -0.01879942 -0.00585148
  0.00544725  0.0276278   0.01458988  0.02261701  0.02144419  0.02224359
  0.02513853  0.02433741  0.01190634  0.0130314   0.01253571  0.012747
  0.01270228  0.01255507  0.03424123  0.00754923  0.0131195   0.00950599
  0.0103794   0.00981064  0.0092896   0.01942784  0.02093864  0.01601699
  0.01869328  0.01910059  0.01825425  0.0205442   0.03145289  0.00896503
  0.01320236  0.01117836  0.01103443  0.01182572  0.01017825]

Diff = 
[5.53643026e-12 2.49200831e-02 6.12439724e-03 4.41203237e-12
 1.07046089e-02 2.45665198e-03 6.14440790e-12 1.83445846e-02
 6.30729490e-03 1.07087381e-11 1.81302750e-02 3.73112133e-03
 1.25463151e-11 1.75487389e-02 7.31530519e-03 1.16633985e-11
 2.27429604e-02 4.82557120e-03 1.67163445e-10 3.01372956e-02
 1.48638569e-02 2.24353677e-02 2.11604519e-02 2.27699416e-02
 2.74265587e-02 1.66704522e-10 1.94991901e-02 1.39739994e-02
 1.85775696e-02 1.59663572e-02 1.43135928e-02 2.12669868e-02
 1.59202193e-10 1.42302252e-02 1.77565080e-02 2.01310556e-02
 1.72821652e-02 1.37473050e-02 1.75159497e-02 1.58969365e-10
 2.67846370e-02 2.08197458e-02 2.30794970e-02 2.25279404e-02
 2.07723935e-02 2.26968275e-02 1.56274327e-10 1.71205903e-02
 1.70309135e-02 1.99168368e-02 1.37755894e-02 1.77430022e-02
 1.83472735e-02]

 