Iteration 0:
############################
Gradient = 
[ 4.34080403e-04  1.78484231e-03 -6.96299670e-04 -4.31478256e-04
 -2.14780622e-03  2.50895351e-04  9.89630624e-04  3.34170236e-03
  1.38225364e-03  3.48490165e-04  1.95082740e-03  9.03693711e-04
  1.59007239e-04  1.40956613e-04 -1.19619928e-03 -2.10404506e-04
 -1.82508526e-04 -1.36732638e-03  2.39482355e-02  1.28940259e-02
  1.04550110e-02  1.30934220e-02  1.34040144e-02  1.06640360e-02
  1.09215163e-02 -5.22426686e-03 -1.44556599e-03 -2.01946689e-03
 -2.99593742e-03 -2.00023085e-03 -2.75483544e-03 -2.96070172e-03
  6.46554045e-03  3.81808317e-03  2.97945858e-03  4.58211381e-03
  2.43747860e-03  3.93886195e-03  2.87575688e-03  1.68475428e-03
  1.81230731e-03  1.46737158e-03  1.55971927e-03  1.80786271e-03
  5.32475414e-04  2.19329217e-03  3.46986440e-03  3.02555706e-03
  1.08775637e-03  1.77970697e-03  2.83675855e-03  3.25688004e-04
  1.67024215e-03  9.41274211e-03  5.09171915e-03  3.06234009e-03
  5.86142963e-03  5.24259909e-03  5.19650239e-03  4.61558963e-03
  3.24816530e-01  1.61277445e-01  1.68997325e-01  1.60259434e-01
  1.81104957e-01  1.65329707e-01  1.70443239e-01  3.16543011e-01
  1.55397033e-01  1.62944411e-01  1.58454487e-01  1.74202096e-01
  1.62409846e-01  1.67990142e-01  2.97119214e-01  1.47385893e-01
  1.54154257e-01  1.48767201e-01  1.64651508e-01  1.51784390e-01
  1.55169849e-01  3.09964588e-01  1.53855124e-01  1.59798772e-01
  1.52899647e-01  1.73008905e-01  1.59512539e-01  1.64209805e-01
  3.49466775e-01  1.73413171e-01  1.81860326e-01  1.74322417e-01
  1.93804248e-01  1.78611887e-01  1.85172223e-01]

Gradient approximate =
[ 7.68886466e-04  2.81568148e-03  9.06743713e-04  1.63816138e-04
  7.27394711e-04  1.19904036e-04  5.10482867e-04  2.25494853e-03
  6.62116570e-04  4.46555120e-04  1.66485006e-03  3.82508767e-04
 -4.86585476e-04 -1.86075107e-03 -5.47162029e-04  1.56127564e-04
  5.15072276e-04  7.04844783e-05  9.21730749e-03  4.72104474e-03
  3.96979550e-03  4.44388216e-03  4.82079426e-03  4.14686225e-03
  4.53893800e-03 -2.12311019e-03 -1.07382722e-03 -8.18789592e-04
 -1.00533906e-03 -1.12335418e-03 -9.13394842e-04 -1.05281289e-03
  1.27159250e-02  6.28256630e-03  5.84251118e-03  6.21479494e-03
  6.66463277e-03  5.56999830e-03  6.03291032e-03  1.49625032e-02
  7.64796098e-03  6.76098678e-03  3.46980763e-01  1.75102610e-01
  1.83028041e-01  1.75913239e-01  2.08557058e-01  1.83996740e-01
  1.88168870e-01  3.06330616e-01  1.56539360e-01  1.62837732e-01
  1.56969984e-01  1.52919787e-01  1.45710132e-01  1.50942565e-01
  3.54037955e-01  1.71026392e-01  1.81409437e-01  1.73076476e-01
  1.99630436e-01  1.83767022e-01  1.89407422e-01  2.75873068e-01
  1.35864188e-01  1.43103369e-01  1.37013626e-01  1.53062054e-01
  1.41081641e-01  1.45356894e-01  3.30812001e-01  1.62882753e-01
  1.71584592e-01  1.64266884e-01  1.83520239e-01  1.69075835e-01
  1.74072650e-01  0.00000000e+00  0.00000000e+00  0.00000000e+00
  0.00000000e+00  0.00000000e+00  0.00000000e+00  0.00000000e+00
  0.00000000e+00  0.00000000e+00  0.00000000e+00  0.00000000e+00
  0.00000000e+00  0.00000000e+00  0.00000000e+00  0.00000000e+00
  0.00000000e+00  0.00000000e+00  0.00000000e+00]

Diff = 
[3.34806063e-04 1.03083917e-03 1.60304338e-03 5.95294394e-04
 2.87520094e-03 1.30991315e-04 4.79147757e-04 1.08675383e-03
 7.20137074e-04 9.80649550e-05 2.85977341e-04 5.21184944e-04
 6.45592716e-04 2.00170768e-03 6.49037248e-04 3.66532070e-04
 6.97580802e-04 1.43781086e-03 1.47309280e-02 8.17298114e-03
 6.48521553e-03 8.64953984e-03 8.58322012e-03 6.51717375e-03
 6.38257833e-03 3.10115667e-03 3.71738768e-04 1.20067730e-03
 1.99059836e-03 8.76876676e-04 1.84144060e-03 1.90788883e-03
 6.25038453e-03 2.46448313e-03 2.86305260e-03 1.63268113e-03
 4.22715417e-03 1.63113635e-03 3.15715344e-03 1.32777489e-02
 5.83565367e-03 5.29361520e-03 3.45421044e-01 1.73294747e-01
 1.82495565e-01 1.73719946e-01 2.05087193e-01 1.80971183e-01
 1.87081114e-01 3.04550910e-01 1.53702601e-01 1.62512044e-01
 1.55299741e-01 1.43507045e-01 1.40618413e-01 1.47880225e-01
 3.48176526e-01 1.65783793e-01 1.76212935e-01 1.68460886e-01
 1.25186095e-01 2.24895767e-02 2.04100976e-02 1.15613635e-01
 4.52407690e-02 2.22263378e-02 3.34296128e-02 1.63480958e-01
 1.43153924e-02 1.75875175e-02 1.72357514e-01 1.13193433e-02
 9.17474569e-03 3.72325865e-03 1.13598975e-01 2.16899417e-02
 1.99183929e-02 1.48767201e-01 1.64651508e-01 1.51784390e-01
 1.55169849e-01 3.09964588e-01 1.53855124e-01 1.59798772e-01
 1.52899647e-01 1.73008905e-01 1.59512539e-01 1.64209805e-01
 3.49466775e-01 1.73413171e-01 1.81860326e-01 1.74322417e-01
 1.93804248e-01 1.78611887e-01 1.85172223e-01]

 Iteration 100:
############################
Gradient = 
[-1.11747100e-03 -3.21054900e-03 -2.16695048e-03  3.69460689e-05
 -5.96924390e-04  6.58524989e-04 -1.02505702e-03 -2.89301509e-03
 -6.07281027e-04 -9.47541571e-04 -2.64124477e-03 -5.37606887e-04
 -4.09708606e-04 -1.78749045e-03 -1.87459017e-03 -7.87546004e-04
 -2.13459168e-03 -1.88920111e-03  1.30843546e-04  9.36099254e-04
 -6.35694160e-04  1.41825359e-03  9.77835545e-04 -5.03019586e-05
 -5.19996513e-04 -1.15737489e-02 -4.54812258e-03 -4.78937283e-03
 -6.02232329e-03 -5.30222643e-03 -5.45655735e-03 -5.92495020e-03
  1.08948637e-03  8.93047585e-04  2.51648994e-04  1.87634282e-03
 -2.67859628e-04  1.14622060e-03  1.18705983e-04 -2.90098492e-02
 -1.37117228e-02 -1.26524645e-02 -1.33637596e-02 -1.40511372e-02
 -1.34437411e-02 -1.26819371e-02 -3.77113549e-03 -9.28107921e-04
 -2.31209502e-03 -1.78427621e-03 -8.83454901e-04 -3.30320897e-03
 -2.07774356e-03 -2.99591352e-02 -1.47230445e-02 -1.48010809e-02
 -1.32060254e-02 -1.50805015e-02 -1.25922988e-02 -1.43776292e-02
  3.41644652e-01  1.68765977e-01  1.79038547e-01  1.70118980e-01
  1.92187859e-01  1.74920155e-01  1.84093704e-01  3.01017273e-01
  1.48800802e-01  1.56424000e-01  1.48597823e-01  1.70293112e-01
  1.53512863e-01  1.61620862e-01  2.74147854e-01  1.35083148e-01
  1.44859630e-01  1.35784729e-01  1.50343911e-01  1.37993188e-01
  1.46134877e-01  9.64343360e-02  4.55784014e-02  4.70720770e-02
  4.44030577e-02  5.08059967e-02  4.63653391e-02  4.86779842e-02
  1.51999747e-01  7.06938064e-02  7.79778692e-02  7.40216755e-02
  8.02742219e-02  7.59486686e-02  7.95784813e-02]

Gradient approximate =
[ 1.19554461e-03  4.41618121e-03  1.43114885e-03  1.86113067e-04
  6.69325035e-04  1.35824683e-04  5.13706244e-04  1.83694087e-03
  8.15454471e-04  1.04702802e-03  3.57474164e-03  1.21900331e-03
 -7.76180242e-04 -3.13096238e-03 -8.46946375e-04  1.20308785e-04
  9.53570423e-05  1.17916767e-04  2.09537038e-02  1.05654222e-02
  9.58471553e-03  1.02477628e-02  1.09602630e-02  9.43576810e-03
  1.01293687e-02  9.08683498e-03  4.67211865e-03  4.15259435e-03
  4.43060617e-03  4.72146225e-03  4.20008222e-03  4.46721321e-03
  3.94689350e-04  1.65784830e-04  1.87017246e-05  1.74756258e-04
  2.48893828e-04  7.10295422e-05  1.73011538e-04  1.98029437e-02
  1.00114348e-02  9.18296241e-03  3.51345785e-01  1.78123384e-01
  1.88047737e-01  1.78257503e-01  2.15273346e-01  1.85633540e-01
  1.95211190e-01  3.12412599e-01  1.60012070e-01  1.68338572e-01
  1.60074089e-01  1.59480767e-01  1.47947873e-01  1.58465897e-01
  3.51195372e-01  1.69613516e-01  1.82161502e-01  1.71084932e-01
  2.00198724e-01  1.80772713e-01  1.92447844e-01  3.29019368e-01
  1.61560091e-01  1.72482259e-01  1.62553356e-01  1.84975504e-01
  1.67258331e-01  1.77950922e-01  3.30326374e-01  1.62180368e-01
  1.73137142e-01  1.63153018e-01  1.85697688e-01  1.67818158e-01
  1.78446990e-01  0.00000000e+00  0.00000000e+00  0.00000000e+00
  0.00000000e+00  0.00000000e+00  0.00000000e+00  0.00000000e+00
  0.00000000e+00  0.00000000e+00  0.00000000e+00  0.00000000e+00
  0.00000000e+00  0.00000000e+00  0.00000000e+00  0.00000000e+00
  0.00000000e+00  0.00000000e+00  0.00000000e+00]

Diff = 
[2.31301561e-03 7.62673021e-03 3.59809933e-03 1.49166998e-04
 1.26624942e-03 5.22700306e-04 1.53876327e-03 4.72995596e-03
 1.42273550e-03 1.99456959e-03 6.21598641e-03 1.75661020e-03
 3.66471637e-04 1.34347193e-03 1.02764379e-03 9.07854789e-04
 2.22994872e-03 2.00711787e-03 2.08228602e-02 9.62932292e-03
 1.02204097e-02 8.82950917e-03 9.98242745e-03 9.48607006e-03
 1.06493653e-02 2.06605839e-02 9.22024123e-03 8.94196717e-03
 1.04529295e-02 1.00236887e-02 9.65663958e-03 1.03921634e-02
 6.94797021e-04 7.27262755e-04 2.32947269e-04 1.70158656e-03
 5.16753455e-04 1.07519106e-03 5.43055550e-05 4.88127929e-02
 2.37231576e-02 2.18354270e-02 3.64709545e-01 1.92174521e-01
 2.01491478e-01 1.90939440e-01 2.19044482e-01 1.86561648e-01
 1.97523285e-01 3.14196876e-01 1.60895525e-01 1.71641781e-01
 1.62151832e-01 1.89439902e-01 1.62670917e-01 1.73266978e-01
 3.64401398e-01 1.84694017e-01 1.94753801e-01 1.85462561e-01
 1.41445928e-01 1.20067367e-02 1.34092965e-02 1.58900388e-01
 3.06277674e-02 2.43789547e-03 2.15403478e-02 1.16041769e-01
 1.84575293e-02 2.15269214e-02 1.81728551e-01 8.11274417e-03
 1.96242793e-02 1.53215629e-03 8.84501662e-02 3.27350104e-02
 3.35873599e-02 1.35784729e-01 1.50343911e-01 1.37993188e-01
 1.46134877e-01 9.64343360e-02 4.55784014e-02 4.70720770e-02
 4.44030577e-02 5.08059967e-02 4.63653391e-02 4.86779842e-02
 1.51999747e-01 7.06938064e-02 7.79778692e-02 7.40216755e-02
 8.02742219e-02 7.59486686e-02 7.95784813e-02]

 Iteration 200:
############################
Gradient = 
[-2.24785089e-04  1.49874693e-03 -4.19345232e-04 -1.95379785e-04
 -1.20317635e-03  5.14965362e-04 -1.59023032e-04  1.54913326e-03
  9.96270773e-04 -4.84456744e-04  2.54042029e-04  6.01104437e-04
 -3.56170997e-04 -1.33244577e-03 -1.68409947e-03 -8.25679976e-04
 -1.34890197e-03 -1.40925579e-03  1.53895693e-02  8.63185543e-03
  6.27958019e-03  8.82499132e-03  8.92831819e-03  6.83581212e-03
  6.90033409e-03  1.19577135e-03  1.93637919e-03  1.04573258e-03
  2.60317455e-04  1.41297989e-03  3.48972111e-04  3.22482096e-04
  1.35487222e-02  7.17687404e-03  5.88501617e-03  7.91369334e-03
  6.24080451e-03  6.75218970e-03  6.17141303e-03 -1.53838437e-02
 -6.88884493e-03 -6.49195755e-03 -6.55820012e-03 -6.60546790e-03
 -7.51800356e-03 -6.09986635e-03  1.37012824e-03  1.57296389e-03
 -4.42533233e-05  7.46513393e-04  1.89716190e-03 -1.12480108e-03
  3.66648723e-04 -1.94818044e-02 -9.38768427e-03 -9.95976891e-03
 -7.95121465e-03 -9.35850612e-03 -7.93783442e-03 -9.24040702e-03
  3.49447977e-01  1.71371258e-01  1.84594810e-01  1.72873520e-01
  2.01763557e-01  1.79511390e-01  1.93775676e-01  3.09129134e-01
  1.51530678e-01  1.61861560e-01  1.51496469e-01  1.79815296e-01
  1.58382063e-01  1.71034469e-01  1.85136163e-01  9.08120412e-02
  9.90537580e-02  9.13148237e-02  9.78615904e-02  9.05329704e-02
  9.81961836e-02 -4.12666980e-02 -2.48261656e-02 -2.79194989e-02
 -2.63091060e-02 -3.17833942e-02 -2.59477586e-02 -2.87879987e-02
  1.82140245e-02  2.29771554e-03  5.57281770e-03  5.36619460e-03
  1.86858955e-03  6.28749451e-03  5.70216297e-03]

Gradient approximate =
[ 1.60238659e-03  5.77079707e-03  1.92000695e-03  1.84320708e-04
  6.01966770e-04  1.33786875e-04  8.87221172e-04  3.07781517e-03
  1.26054178e-03  1.32685183e-03  4.46610093e-03  1.54860196e-03
 -7.11992343e-04 -2.95771746e-03 -7.72594428e-04  2.03587622e-04
  3.02643441e-04  1.99961998e-04  2.63423681e-02  1.33377527e-02
  1.20880478e-02  1.29211703e-02  1.38231889e-02  1.19273365e-02
  1.28048537e-02  1.27497778e-02  6.54388070e-03  5.84321534e-03
  6.23884753e-03  6.65817879e-03  5.87782100e-03  6.27033546e-03
  3.90676352e-03  1.95292899e-03  1.63711818e-03  1.90144908e-03
  2.09593532e-03  1.67352102e-03  1.89173351e-03  2.46230796e-02
  1.25035945e-02  1.14203846e-02  3.61538545e-01  1.83102828e-01
  1.95669580e-01  1.83250624e-01  2.28706999e-01  1.92253443e-01
  2.06692497e-01  3.22473765e-01  1.64819946e-01  1.75572428e-01
  1.64916939e-01  1.72038911e-01  1.54346480e-01  1.69257916e-01
  3.65254445e-01  1.75961304e-01  1.91566941e-01  1.77493494e-01
  2.12618122e-01  1.87735483e-01  2.04920706e-01  3.32850928e-01
  1.62088964e-01  1.75721425e-01  1.63227167e-01  1.92054158e-01
  1.69800706e-01  1.85226803e-01  3.42751402e-01  1.66887792e-01
  1.80912769e-01  1.68036281e-01  1.97733989e-01  1.74745629e-01
  1.90513526e-01  0.00000000e+00  0.00000000e+00  0.00000000e+00
  0.00000000e+00  0.00000000e+00  0.00000000e+00  0.00000000e+00
  0.00000000e+00  0.00000000e+00  0.00000000e+00  0.00000000e+00
  0.00000000e+00  0.00000000e+00  0.00000000e+00  0.00000000e+00
  0.00000000e+00  0.00000000e+00  0.00000000e+00]

Diff = 
[1.82717168e-03 4.27205014e-03 2.33935218e-03 3.79700492e-04
 1.80514312e-03 3.81178487e-04 1.04624420e-03 1.52868191e-03
 2.64271009e-04 1.81130858e-03 4.21205890e-03 9.47497523e-04
 3.55821346e-04 1.62527169e-03 9.11505041e-04 1.02926760e-03
 1.65154541e-03 1.60921779e-03 1.09527988e-02 4.70589729e-03
 5.80846761e-03 4.09617895e-03 4.89487070e-03 5.09152439e-03
 5.90451959e-03 1.15540065e-02 4.60750151e-03 4.79748277e-03
 5.97853008e-03 5.24519890e-03 5.52884889e-03 5.94785336e-03
 9.64195867e-03 5.22394504e-03 4.24789799e-03 6.01224426e-03
 4.14486919e-03 5.07866867e-03 4.27967952e-03 4.00069234e-02
 1.93924395e-02 1.79123422e-02 3.68096745e-01 1.89708296e-01
 2.03187583e-01 1.89350490e-01 2.27336870e-01 1.90680479e-01
 2.06736750e-01 3.21727252e-01 1.62922784e-01 1.76697230e-01
 1.64550291e-01 1.91520715e-01 1.63734164e-01 1.79217685e-01
 3.73205660e-01 1.85319810e-01 1.99504776e-01 1.86733901e-01
 1.36829854e-01 1.63642244e-02 2.03258959e-02 1.59977408e-01
 3.96745925e-02 3.78996515e-03 3.05485094e-02 1.17074975e-01
 1.82700277e-02 2.33652429e-02 1.91254934e-01 1.29275044e-02
 2.25307060e-02 2.99818840e-03 1.25978268e-02 8.39335874e-02
 9.14597684e-02 9.13148237e-02 9.78615904e-02 9.05329704e-02
 9.81961836e-02 4.12666980e-02 2.48261656e-02 2.79194989e-02
 2.63091060e-02 3.17833942e-02 2.59477586e-02 2.87879987e-02
 1.82140245e-02 2.29771554e-03 5.57281770e-03 5.36619460e-03
 1.86858955e-03 6.28749451e-03 5.70216297e-03]

 Iteration 300:
############################
Gradient = 
[ 1.68950888e-03  9.49889738e-03  2.46022252e-03 -3.58739266e-04
 -1.77147108e-03  3.93768823e-04  1.57545786e-03  8.73666611e-03
  3.54565172e-03  7.05123219e-04  5.35358944e-03  2.51879532e-03
 -2.46226160e-04 -8.83046566e-04 -1.49178376e-03 -3.85082565e-04
  8.18750733e-04 -4.08814618e-04  3.72697211e-02  1.92946045e-02
  1.61388049e-02  1.90772900e-02  2.00441559e-02  1.66603524e-02
  1.74263427e-02  2.03693068e-02  1.14669716e-02  9.72955123e-03
  9.45903040e-03  1.13083801e-02  9.01739246e-03  9.62317029e-03
  3.34757274e-02  1.69149885e-02  1.48578357e-02  1.72667401e-02
  1.64000787e-02  1.56918091e-02  1.57607616e-02  2.12296080e-02
  1.11604444e-02  1.01617221e-02  1.10944002e-02  1.25517850e-02
  8.77768603e-03  1.15371633e-02  1.82421369e-02  9.76367781e-03
  7.59217150e-03  8.77571821e-03  1.06277416e-02  6.35061591e-03
  8.44539166e-03  2.23387382e-03  1.49752901e-03 -6.58712757e-06
  2.65879819e-03  2.12049643e-03  1.78686067e-03  1.31321098e-03
  3.44996377e-01  1.63565557e-01  1.79898986e-01  1.65774693e-01
  1.98354387e-01  1.75145911e-01  1.92848679e-01  3.08707346e-01
  1.46216045e-01  1.59506566e-01  1.46831786e-01  1.79109928e-01
  1.56443962e-01  1.72358056e-01  9.97564896e-02  4.76649909e-02
  5.33553844e-02  4.80727582e-02  4.32000626e-02  4.38934775e-02
  4.84689405e-02 -1.20408747e-01 -6.44431559e-02 -7.15603444e-02
 -6.63267286e-02 -8.18666424e-02 -6.78688032e-02 -7.58147138e-02
 -6.07371453e-02 -3.78523704e-02 -3.80540949e-02 -3.50637706e-02
 -4.56737507e-02 -3.46463572e-02 -3.96188162e-02]

Gradient approximate =
[ 1.40348657e-03  4.86065642e-03  1.66239085e-03  4.39226744e-05
  3.62101416e-05 -4.96263741e-05  7.13875985e-04  2.27501688e-03
  1.02928562e-03  1.12296032e-03  3.58145421e-03  1.28792661e-03
 -8.13302834e-04 -3.38503283e-03 -9.11708729e-04  5.12286524e-05
 -3.29846810e-04 -4.45976367e-06  2.58941938e-02  1.29529441e-02
  1.19361682e-02  1.25536684e-02  1.34985538e-02  1.17603936e-02
  1.25909485e-02  1.27187384e-02  6.45599912e-03  5.85517728e-03
  6.15742779e-03  6.60161434e-03  5.87975163e-03  6.25651575e-03
  3.80869849e-03  1.86033100e-03  1.61440658e-03  1.81408417e-03
  2.01723684e-03  1.64195899e-03  1.84343487e-03  2.42782323e-02
  1.22052820e-02  1.13059897e-02  3.56794568e-01  1.75077808e-01
  1.90860575e-01  1.76028958e-01  2.24758716e-01  1.87462353e-01
  2.05556206e-01  3.21562424e-01  1.59147206e-01  1.72984445e-01
  1.59992924e-01  1.71562825e-01  1.52588891e-01  1.70669580e-01
  3.66346553e-01  1.70589305e-01  1.89669150e-01  1.72813965e-01
  2.12411298e-01  1.86044548e-01  2.07191699e-01  3.27988717e-01
  1.54375031e-01  1.70919658e-01  1.56169181e-01  1.88597508e-01
  1.65411236e-01  1.84075499e-01  3.44966501e-01  1.62375883e-01
  1.79748342e-01  1.64222127e-01  1.98355053e-01  1.73891538e-01
  1.93411456e-01  0.00000000e+00  0.00000000e+00  0.00000000e+00
  0.00000000e+00  0.00000000e+00  0.00000000e+00  0.00000000e+00
  0.00000000e+00  0.00000000e+00  0.00000000e+00  0.00000000e+00
  0.00000000e+00  0.00000000e+00  0.00000000e+00  0.00000000e+00
  0.00000000e+00  0.00000000e+00  0.00000000e+00]

Diff = 
[2.86022311e-04 4.63824097e-03 7.97831668e-04 4.02661940e-04
 1.80768122e-03 4.43395197e-04 8.61581879e-04 6.46164923e-03
 2.51636609e-03 4.17837101e-04 1.77213523e-03 1.23086871e-03
 5.67076674e-04 2.50198626e-03 5.80075029e-04 4.36311217e-04
 1.14859754e-03 4.04354854e-04 1.13755274e-02 6.34166039e-03
 4.20263667e-03 6.52362165e-03 6.54560209e-03 4.89995877e-03
 4.83539426e-03 7.65056847e-03 5.01097247e-03 3.87437395e-03
 3.30160261e-03 4.70676575e-03 3.13764082e-03 3.36665454e-03
 2.96670289e-02 1.50546575e-02 1.32434291e-02 1.54526559e-02
 1.43828419e-02 1.40498501e-02 1.39173267e-02 3.04862424e-03
 1.04483764e-03 1.14426766e-03 3.45700168e-01 1.62526023e-01
 1.82082888e-01 1.64491794e-01 2.06516579e-01 1.77698675e-01
 1.97964035e-01 3.12786706e-01 1.48519464e-01 1.66633829e-01
 1.51547532e-01 1.69328951e-01 1.51091362e-01 1.70676167e-01
 3.63687755e-01 1.68468809e-01 1.87882289e-01 1.71500754e-01
 1.32585079e-01 2.24789912e-02 2.72927126e-02 1.62214024e-01
 4.39793559e-02 4.22625269e-03 3.66794980e-02 1.20109838e-01
 1.91951904e-02 2.45689330e-02 1.98134715e-01 1.67340446e-02
 2.33043797e-02 8.13592969e-03 9.85985631e-02 1.26226547e-01
 1.40056071e-01 4.80727582e-02 4.32000626e-02 4.38934775e-02
 4.84689405e-02 1.20408747e-01 6.44431559e-02 7.15603444e-02
 6.63267286e-02 8.18666424e-02 6.78688032e-02 7.58147138e-02
 6.07371453e-02 3.78523704e-02 3.80540949e-02 3.50637706e-02
 4.56737507e-02 3.46463572e-02 3.96188162e-02]

 Iteration 400:
############################
Gradient = 
[ 0.00244473  0.01189891  0.00343711 -0.00138523 -0.00632063 -0.00116119
  0.00215554  0.01040864  0.00421421  0.0007611   0.00499892  0.00255609
 -0.00106115 -0.00465447 -0.00280486 -0.0008455  -0.00140009 -0.00092773
  0.05494781  0.02708263  0.02414158  0.02658913  0.0284829   0.0245881
  0.02574641  0.03693535  0.01911092  0.01723487  0.01685209  0.01946115
  0.01648791  0.01752119  0.05045075  0.02447652  0.02253292  0.02454591
  0.02457429  0.0233001   0.02376756  0.05910454  0.0284865   0.02753497
  0.02812824  0.03149149  0.02563681  0.02947537  0.03511544  0.01730067
  0.0153209   0.01620469  0.01892911  0.01385153  0.01638612  0.02372633
  0.01158419  0.00988815  0.01252703  0.01302044  0.01139037  0.01158806
  0.32470614  0.14461599  0.16335694  0.14770371  0.17833432  0.15943072
  0.17846195  0.29717207  0.13222873  0.14808916  0.13366605  0.16498852
  0.14569859  0.16326434  0.03305454  0.01519718  0.01789243  0.01533258
 -0.00101991  0.00739906  0.00820752 -0.15713335 -0.08018597 -0.09045264
 -0.08266377 -0.10370411 -0.08594665 -0.09740645 -0.10033285 -0.05625747
 -0.0591811  -0.05392088 -0.06692937 -0.05341775 -0.06145553]

Gradient approximate =
[ 6.28966039e-04  1.88084565e-03  7.05638610e-04 -1.16250245e-04
 -4.88647520e-04 -2.62366244e-04  3.74668185e-05 -3.24181411e-04
  1.84265008e-04  5.08193225e-04  1.29502407e-03  5.38159275e-04
 -9.76716430e-04 -3.93435294e-03 -1.13051397e-03 -2.25701022e-04
 -1.28124339e-03 -3.47865083e-04  1.79001809e-02  8.72937035e-03
  8.35902481e-03  8.49647006e-03  9.21481394e-03  8.17172779e-03
  8.67900382e-03  7.83046111e-03  3.92536183e-03  3.65615881e-03
  3.72497247e-03  4.00903343e-03  3.67569057e-03  3.86504400e-03
 -1.00704579e-03 -5.72049219e-04 -5.65575022e-04 -5.28284514e-04
 -5.08716853e-04 -5.38060210e-04 -5.11879494e-04  1.72229319e-02
  8.49139383e-03  8.14115591e-03  3.32935715e-01  1.52687058e-01
  1.71404444e-01  1.54813536e-01  1.98587706e-01  1.68394897e-01
  1.88417378e-01  3.06622964e-01  1.41836360e-01  1.58775496e-01
  1.43800661e-01  1.53901116e-01  1.40224032e-01  1.59892996e-01
  3.51013452e-01  1.52298258e-01  1.74490657e-01  1.55473020e-01
  1.95809918e-01  1.73367896e-01  1.96489729e-01  3.11678401e-01
  1.37942242e-01  1.56902855e-01  1.40555896e-01  1.71553070e-01
  1.52104187e-01  1.72221733e-01  3.34416156e-01  1.48051249e-01
  1.68350405e-01  1.50784343e-01  1.84105172e-01  1.63155604e-01
  1.84649779e-01  0.00000000e+00  0.00000000e+00  0.00000000e+00
  0.00000000e+00  0.00000000e+00  0.00000000e+00  0.00000000e+00
  0.00000000e+00  0.00000000e+00  0.00000000e+00  0.00000000e+00
  0.00000000e+00  0.00000000e+00  0.00000000e+00  0.00000000e+00
  0.00000000e+00  0.00000000e+00  0.00000000e+00]

Diff = 
[1.81576522e-03 1.00180600e-02 2.73146698e-03 1.26898043e-03
 5.83198154e-03 8.98822053e-04 2.11806859e-03 1.07328254e-02
 4.02994738e-03 2.52902812e-04 3.70389288e-03 2.01793525e-03
 8.44363340e-05 7.20114914e-04 1.67435056e-03 6.19803405e-04
 1.18847007e-04 5.79865589e-04 3.70476318e-02 1.83532578e-02
 1.57825577e-02 1.80926561e-02 1.92680900e-02 1.64163730e-02
 1.70674073e-02 2.91048898e-02 1.51855540e-02 1.35787118e-02
 1.31271222e-02 1.54521157e-02 1.28122177e-02 1.36561439e-02
 5.14577991e-02 2.50485652e-02 2.30984940e-02 2.50741902e-02
 2.50830021e-02 2.38381576e-02 2.42794397e-02 4.18816085e-02
 1.99951073e-02 1.93938119e-02 3.04807477e-01 1.21195566e-01
 1.45767639e-01 1.25338166e-01 1.63472263e-01 1.51094227e-01
 1.73096480e-01 2.90418271e-01 1.22907251e-01 1.44923964e-01
 1.27414541e-01 1.30174788e-01 1.28639845e-01 1.50004848e-01
 3.38486423e-01 1.39277814e-01 1.63100283e-01 1.43884964e-01
 1.28896227e-01 2.87519035e-02 3.31327853e-02 1.63974689e-01
 4.03920773e-02 2.52786370e-03 3.79060533e-02 1.25619001e-01
 1.98754577e-02 2.41325720e-02 2.00750105e-01 1.69372738e-02
 2.26518197e-02 1.24800019e-02 1.51050631e-01 1.47958421e-01
 1.66757345e-01 1.53325798e-02 1.01990887e-03 7.39905555e-03
 8.20751765e-03 1.57133355e-01 8.01859734e-02 9.04526394e-02
 8.26637750e-02 1.03704107e-01 8.59466465e-02 9.74064520e-02
 1.00332854e-01 5.62574707e-02 5.91811008e-02 5.39208804e-02
 6.69293728e-02 5.34177547e-02 6.14555274e-02]

 Iteration 500:
############################
Gradient = 
[ 0.00116836  0.00553155  0.00123984 -0.00388468 -0.01717884 -0.0051199
  0.00077051  0.00364207  0.0018122  -0.00117144 -0.0039442  -0.00057694
 -0.00338283 -0.01483417 -0.00654204 -0.00296662 -0.01082727 -0.00414149
  0.06575227  0.03122031  0.0295846   0.03064455  0.03345393  0.02989982
  0.03105655  0.04894805  0.02418306  0.02305903  0.02180967  0.02521929
  0.02223524  0.02340098  0.06180505  0.02898884  0.02817018  0.02894045
  0.02989217  0.02882069  0.02933927  0.08921637  0.04112248  0.04243677
  0.04076642  0.04627293  0.03985631  0.04411369  0.04730593  0.02221007
  0.02144333  0.02114474  0.0247985   0.01969061  0.02232361  0.04052245
  0.01885016  0.01812308  0.01973038  0.021346    0.01926282  0.0197689
  0.2931193   0.119596    0.13939822  0.12329148  0.14743445  0.13641512
  0.15499767  0.27779437  0.11337652  0.13085299  0.11544456  0.14147312
  0.12908965  0.14688207 -0.0095554  -0.00361624 -0.00358507 -0.003863
 -0.02879942 -0.01514811 -0.01744058 -0.1727475  -0.08339368 -0.09605776
 -0.08651676 -0.10894263 -0.09113132 -0.10474344 -0.11815058 -0.06220245
 -0.06714108 -0.06037894 -0.07165065 -0.05921236 -0.06905321]

Gradient approximate =
[ 4.08827927e-05 -1.76121830e-04 -8.50101323e-06  2.09925417e-04
  1.03594129e-03  1.25663111e-04 -4.18889301e-04 -1.87861552e-03
 -3.80605645e-04  2.15347815e-04  4.88147469e-04  2.03659845e-04
 -6.91919884e-04 -2.58153963e-03 -7.94980133e-04 -5.39733636e-05
 -2.84053905e-04 -1.19668215e-04  5.29010322e-03  2.53225598e-03
  2.60158640e-03  2.52253779e-03  2.71897721e-03  2.43791596e-03
  2.53887372e-03 -2.36190363e-04  1.41154799e-05 -7.70075426e-05
 -5.06202991e-05 -1.39238892e-04 -3.82308318e-05 -9.24484422e-05
 -8.73099802e-03 -4.26326622e-03 -4.19225915e-03 -4.09983792e-03
 -4.47574269e-03 -4.13787051e-03 -4.33006964e-03  5.52413123e-03
  2.74776433e-03  2.77325990e-03  2.95816307e-01  1.22229681e-01
  1.42588232e-01  1.25240903e-01  1.58041344e-01  1.40516121e-01
  1.60607861e-01  2.82299444e-01  1.18021255e-01  1.37163820e-01
  1.20902387e-01  1.24256001e-01  1.20790683e-01  1.40424384e-01
  3.23602015e-01  1.26226099e-01  1.50271934e-01  1.30077628e-01
  1.67534752e-01  1.53176975e-01  1.76446554e-01  2.87191218e-01
  1.16800532e-01  1.37100331e-01  1.20009663e-01  1.45313525e-01
  1.32972717e-01  1.53033241e-01  3.14394871e-01  1.27959535e-01
  1.50103501e-01  1.31369683e-01  1.59100904e-01  1.45577011e-01
  1.67417227e-01  0.00000000e+00  0.00000000e+00  0.00000000e+00
  0.00000000e+00  0.00000000e+00  0.00000000e+00  0.00000000e+00
  0.00000000e+00  0.00000000e+00  0.00000000e+00  0.00000000e+00
  0.00000000e+00  0.00000000e+00  0.00000000e+00  0.00000000e+00
  0.00000000e+00  0.00000000e+00  0.00000000e+00]

Diff = 
[0.00112748 0.00570767 0.00124834 0.00409461 0.01821478 0.00524557
 0.0011894  0.00552068 0.0021928  0.00138679 0.00443235 0.0007806
 0.00269091 0.01225263 0.00574706 0.00291265 0.01054322 0.00402182
 0.06046217 0.02868805 0.02698302 0.02812201 0.03073495 0.02746191
 0.02851768 0.04918425 0.02416894 0.02313604 0.02186029 0.02535852
 0.02227347 0.02349342 0.07053605 0.03325211 0.03236244 0.03304029
 0.03436791 0.03295856 0.03366934 0.08369224 0.03837472 0.03966351
 0.25504989 0.07595675 0.10273193 0.08112722 0.11073541 0.11830605
 0.13916453 0.26115471 0.09322275 0.11747321 0.09857877 0.08373355
 0.10194052 0.12230131 0.30387164 0.1048801  0.13100911 0.11030873
 0.12558454 0.03358097 0.03704833 0.16389974 0.03063392 0.00068521
 0.034988   0.13248084 0.0195962  0.02218025 0.19895031 0.01351359
 0.02101385 0.01551239 0.1686563  0.14919325 0.1710023  0.003863
 0.02879942 0.01514811 0.01744058 0.1727475  0.08339368 0.09605776
 0.08651676 0.10894263 0.09113132 0.10474344 0.11815058 0.06220245
 0.06714108 0.06037894 0.07165065 0.05921236 0.06905321]

 Iteration 600:
############################
Gradient = 
[-0.00177585 -0.00762774 -0.00365372 -0.0076575  -0.03322314 -0.01127722
 -0.00222732 -0.0096652  -0.00319662 -0.00475511 -0.01961332 -0.00646705
 -0.006975   -0.03010488 -0.01243884 -0.00652073 -0.02609633 -0.00982625
  0.06996947  0.03285602  0.03316927  0.03234419  0.03601956  0.03329554
  0.03417909  0.05652053  0.02750114  0.02779522  0.02512469  0.02938051
  0.0268431   0.02791252  0.06757641  0.03139844  0.03237184  0.03136146
  0.03324216  0.03285234  0.03316874  0.10711505  0.04885867  0.05415092
  0.04877083  0.05645456  0.05078974  0.05481523  0.05365363  0.02485885
  0.02600275  0.02393626  0.028508    0.02393966  0.02638447  0.05121073
  0.02356592  0.0247379   0.02452559  0.02730308  0.02546286  0.02594085
  0.25693934  0.09347304  0.11297337  0.09730567  0.11301036  0.11105168
  0.12815391  0.25532583  0.09345453  0.11144454  0.09577     0.11407051
  0.11032104  0.12737711 -0.03081882 -0.01127397 -0.01303224 -0.01181643
 -0.04190163 -0.02552661 -0.02982612 -0.17876711 -0.08060689 -0.09498711
 -0.08428277 -0.1052924  -0.08990048 -0.10473916 -0.12405068 -0.06134955
 -0.06762779 -0.05997217 -0.0668289  -0.05780136 -0.06854115]

Gradient approximate =
[ 2.73371608e-04  1.12900263e-03  3.00027880e-04  1.43104204e-03
  6.20119224e-03  1.62332936e-03 -6.06136918e-05 -1.01986337e-04
  6.83094670e-05  8.46390766e-04  3.47197269e-03  1.02400478e-03
  4.51717450e-04  2.27141958e-03  6.08795234e-04  1.01604190e-03
  4.39163541e-03  1.23616773e-03 -7.86372352e-03 -3.75407231e-03
 -3.90599493e-03 -3.58364882e-03 -4.15900922e-03 -3.98321577e-03
 -4.18335598e-03 -9.17020212e-03 -4.25189894e-03 -4.63043408e-03
 -4.20307223e-03 -4.87579243e-03 -4.52699216e-03 -4.76582400e-03
 -1.68792017e-02 -8.14920901e-03 -8.47927765e-03 -7.89537887e-03
 -8.86056320e-03 -8.35259646e-03 -8.69466509e-03 -7.32863203e-03
 -3.42178129e-03 -3.63168360e-03  2.53653241e-01  9.01418353e-02
  1.10515344e-01  9.33912701e-02  1.13225399e-01  1.10120758e-01
  1.28818803e-01  2.54645758e-01  9.27839140e-02  1.12811637e-01
  9.60510642e-02  8.98099809e-02  9.85797599e-02  1.16825041e-01
  2.90183992e-01  9.76507829e-02  1.21904326e-01  1.01606452e-01
  1.34327252e-01  1.29973507e-01  1.52057528e-01  2.59127780e-01
  9.47277785e-02  1.15161308e-01  9.81130447e-02  1.15518096e-01
  1.11712356e-01  1.30749581e-01  2.89558367e-01  1.06171222e-01
  1.28825766e-01  1.09823130e-01  1.29181274e-01  1.25028048e-01
  1.46025756e-01  0.00000000e+00  0.00000000e+00  0.00000000e+00
  0.00000000e+00  0.00000000e+00  0.00000000e+00  0.00000000e+00
  0.00000000e+00  0.00000000e+00  0.00000000e+00  0.00000000e+00
  0.00000000e+00  0.00000000e+00  0.00000000e+00  0.00000000e+00
  0.00000000e+00  0.00000000e+00  0.00000000e+00]

Diff = 
[0.00204922 0.00875674 0.00395375 0.00908854 0.03942433 0.01290055
 0.00216671 0.00956322 0.00326493 0.0056015  0.02308529 0.00749105
 0.00742671 0.0323763  0.01304764 0.00753677 0.03048796 0.01106242
 0.0778332  0.03661009 0.03707526 0.03592784 0.04017857 0.03727876
 0.03836245 0.06569073 0.03175304 0.03242565 0.02932776 0.0342563
 0.03137009 0.03267835 0.08445561 0.03954765 0.04085111 0.03925684
 0.04210272 0.04120493 0.04186341 0.11444368 0.05228045 0.0577826
 0.20488241 0.03368728 0.0597256  0.03857604 0.05957177 0.0852619
 0.10281605 0.2307095  0.06427591 0.08887197 0.06966659 0.03859925
 0.07501384 0.09208714 0.2656584  0.0703477  0.09644146 0.0756656
 0.12261209 0.03650047 0.03908416 0.16182211 0.01828258 0.00410963
 0.03004086 0.13980773 0.01825782 0.01930504 0.19378837 0.00789929
 0.01850473 0.01755398 0.1600001  0.13630202 0.15905799 0.01181643
 0.04190163 0.02552661 0.02982612 0.17876711 0.08060689 0.09498711
 0.08428277 0.1052924  0.08990048 0.10473916 0.12405068 0.06134955
 0.06762779 0.05997217 0.0668289  0.05780136 0.06854115]

 Iteration 700:
############################
Gradient = 
[-0.00535594 -0.02294646 -0.00971343 -0.01156077 -0.04926323 -0.01794111
 -0.0058371  -0.02504901 -0.00931542 -0.00875546 -0.03643053 -0.01328081
 -0.01074437 -0.04546752 -0.01887105 -0.01037615 -0.04203021 -0.01635903
  0.06819004  0.03279564  0.03508913  0.03244347  0.03677165  0.03498267
  0.03546991  0.05961022  0.0296081   0.03158906  0.02731209  0.03235305
  0.03045917  0.03129768  0.06792083  0.03234267  0.03524852  0.03240741
  0.03507453  0.03551805  0.03550186  0.10972116  0.05167143  0.06116388
  0.05200235  0.06130687  0.05713114  0.06047036  0.05410028  0.02582385
  0.02896202  0.02510363  0.03040164  0.02662614  0.02871793  0.05522143
  0.02623968  0.02962409  0.0273729   0.03115975  0.02994809  0.03017216
  0.22261002  0.06950131  0.08771126  0.07303623  0.08063864  0.0870552
  0.10232771  0.23407203  0.07493364  0.09247755  0.07709951  0.08727291
  0.09215445  0.10795191 -0.03491085 -0.0112276  -0.01360122 -0.01184289
 -0.04452572 -0.02684867 -0.03203449 -0.17973416 -0.07467654 -0.09001796
 -0.07871453 -0.0968805  -0.08510691 -0.10046491 -0.12241773 -0.05648819
 -0.0633605  -0.05540416 -0.0566147  -0.05208281 -0.0630256 ]

Gradient approximate =
[ 0.00142081  0.00608588  0.0017465   0.00348782  0.0146541   0.00414646
  0.00119858  0.00527455  0.0016368   0.00242635  0.01020847  0.0030156
  0.0024113   0.01034845  0.00302939  0.00293073  0.01238836  0.00364217
 -0.01849693 -0.00920873 -0.01024937 -0.00894652 -0.01043166 -0.01017149
 -0.01050028 -0.01719995 -0.00844509 -0.00963526 -0.00833415 -0.00976421
 -0.00941056 -0.009728   -0.02355784 -0.01173446 -0.01293184 -0.01144633
 -0.01312667 -0.01268292 -0.01306623 -0.01791404 -0.00889718 -0.00997321
  0.21395543  0.06080057  0.07986962  0.06367833  0.07171058  0.08151291
  0.09797207  0.22854631  0.06918887  0.08887155  0.07229055  0.05637392
  0.07658927  0.09251233  0.25635038  0.07020109  0.09317562  0.07369207
  0.10215705  0.10742773  0.1275374   0.23172307  0.07415554  0.09368175
  0.07729368  0.0866494   0.09106174  0.10858508  0.2641982   0.08549017
  0.10740845  0.08892413  0.09944812  0.10454943  0.12396784  0.
  0.          0.          0.          0.          0.          0.
  0.          0.          0.          0.          0.          0.
  0.          0.          0.          0.          0.        ]

Diff = 
[0.00677674 0.02903234 0.01145994 0.01504858 0.06391733 0.02208757
 0.00703568 0.03032356 0.01095222 0.01118181 0.04663899 0.0162964
 0.01315567 0.05581597 0.02190044 0.01330688 0.05441857 0.0200012
 0.08668696 0.04200437 0.0453385  0.04138999 0.04720331 0.04515416
 0.04597019 0.07681017 0.03805318 0.04122431 0.03564623 0.04211726
 0.03986973 0.04102568 0.09147868 0.04407713 0.04818035 0.04385374
 0.0482012  0.04820097 0.04856809 0.12763519 0.06056861 0.07113709
 0.16195307 0.00050631 0.02273848 0.00320796 0.0176103  0.05568907
 0.06901005 0.20344268 0.03878723 0.06224541 0.04357261 0.00115249
 0.05034959 0.06288825 0.22897748 0.03904134 0.06322754 0.04351991
 0.12045297 0.03792642 0.03982614 0.15868683 0.0064831  0.00662655
 0.02503403 0.14742263 0.0161281  0.01610753 0.1870987  0.00178275
 0.01525399 0.01902778 0.13435897 0.11577704 0.13756907 0.01184289
 0.04452572 0.02684867 0.03203449 0.17973416 0.07467654 0.09001796
 0.07871453 0.0968805  0.08510691 0.10046491 0.12241773 0.05648819
 0.0633605  0.05540416 0.0566147  0.05208281 0.0630256 ]

 Iteration 800:
############################
Gradient = 
[-0.00817021 -0.0343415  -0.01472458 -0.0136746  -0.05678206 -0.02204004
 -0.00865348 -0.03642183 -0.01431448 -0.01135544 -0.04643706 -0.0181225
 -0.01291703 -0.05308142 -0.02297821 -0.01273536 -0.05072578 -0.02090161
  0.06139382  0.03106398  0.03457858  0.03093113  0.03534957  0.03427841
  0.03438645  0.05806372  0.03027206  0.03355014  0.0281252   0.03356675
  0.03225472  0.03282889  0.06320049  0.03166628  0.03587644  0.03189656
  0.03484548  0.03597378  0.03561938  0.09717319  0.04881709  0.06040216
  0.04955444  0.05888578  0.05618463  0.05871213  0.04927713  0.02508479
  0.02940708  0.02457046  0.03001431  0.02697153  0.02868457  0.0526058
  0.02670633  0.03157853  0.02804558  0.03222257  0.03167623  0.03156751
  0.19537181  0.04975765  0.06606452  0.05270048  0.05402208  0.06692583
  0.08037518  0.21728473  0.05934012  0.07568169  0.06104591  0.06441897
  0.07643806  0.09072997 -0.02583975 -0.00684479 -0.00857132 -0.00729605
 -0.04149649 -0.02241387 -0.02742841 -0.17718635 -0.06715955 -0.08254576
 -0.07132616 -0.08676719 -0.0782416  -0.09345328 -0.11555314 -0.0495878
 -0.05616828 -0.0486141  -0.04444481 -0.04401927 -0.05450093]

Gradient approximate =
[ 0.00308642  0.01299086  0.00383169  0.00571194  0.02341358  0.00682547
  0.00297033  0.01259084  0.00383235  0.00437437  0.01812037  0.00542017
  0.00458189  0.01895777  0.00568734  0.00505813  0.02087689  0.00627123
 -0.02522034 -0.01349264 -0.0156371  -0.01322454 -0.01550664 -0.01538372
 -0.0157068  -0.02327618 -0.01237866 -0.01462021 -0.01226118 -0.01444845
 -0.01424734 -0.01455384 -0.02776609 -0.01476344 -0.01695154 -0.01449612
 -0.01681808 -0.01656896 -0.01691051 -0.0241161  -0.01292199 -0.0150109
  0.18270772  0.03723633  0.05420864  0.03939033  0.03821338  0.05737265
  0.07130891  0.2074459   0.04904768  0.0674473   0.05158735  0.02812343
  0.05685012  0.07006168  0.22706229  0.04647084  0.06720208  0.04914306
  0.0755869   0.08825811  0.10609969  0.20860498  0.05680007  0.0746026
  0.05937243  0.06220396  0.07307471  0.08885593  0.24201759  0.06785623
  0.08806186  0.07072368  0.07402028  0.08644262  0.10390809  0.
  0.          0.          0.          0.          0.          0.
  0.          0.          0.          0.          0.          0.
  0.          0.          0.          0.          0.        ]

Diff = 
[0.01125663 0.04733236 0.01855627 0.01938654 0.08019564 0.02886551
 0.01162381 0.04901267 0.01814683 0.01572981 0.06455742 0.02354267
 0.01749892 0.07203919 0.02866555 0.01779348 0.07160268 0.02717284
 0.08661416 0.04455663 0.05021568 0.04415568 0.05085621 0.04966213
 0.05009325 0.08133989 0.04265072 0.04817035 0.04038639 0.0480152
 0.04650206 0.04738273 0.09096658 0.04642972 0.05282798 0.04639268
 0.05166355 0.05254275 0.05252989 0.12128929 0.06173908 0.07541306
 0.13315327 0.02164945 0.00197599 0.0193218  0.01106375 0.03228786
 0.04190183 0.18287544 0.01903337 0.04047577 0.02290278 0.02448237
 0.0301438  0.03848315 0.19901671 0.01424827 0.03552585 0.01757555
 0.11978491 0.03850046 0.04003517 0.1559045  0.002778   0.00767676
 0.02100275 0.15508078 0.01373459 0.01317425 0.18097168 0.00343726
 0.0116238  0.02000629 0.09986003 0.0932874  0.11247941 0.00729605
 0.04149649 0.02241387 0.02742841 0.17718635 0.06715955 0.08254576
 0.07132616 0.08676719 0.0782416  0.09345328 0.11555314 0.0495878
 0.05616828 0.0486141  0.04444481 0.04401927 0.05450093]

 Iteration 900:
############################
Gradient = 
[-0.00923528 -0.03775133 -0.01700263 -0.01313898 -0.05253566 -0.02197534
 -0.00966896 -0.03960792 -0.0164888  -0.01158145 -0.04581782 -0.01925026
 -0.01264742 -0.04981753 -0.02319376 -0.01266848 -0.04864664 -0.02171084
  0.05186988  0.0277306   0.03127774  0.02782104  0.03163364  0.0309225
  0.03076599  0.05274374  0.02906748  0.0326944   0.02710524  0.03230708
  0.03134441  0.03170919  0.05512994  0.02919903  0.03356867  0.02961108
  0.03213373  0.03363203  0.03303209  0.07648062  0.04124303  0.05182535
  0.04221019  0.0498088   0.04802482  0.04993966  0.04125403  0.02261598
  0.02679513  0.022248    0.02707919  0.02450489  0.02593089  0.04516106
  0.02472407  0.02960962  0.0262197   0.02987656  0.02976897  0.02939074
  0.1774799   0.03520753  0.04928713  0.03743929  0.03497902  0.05185564
  0.06358625  0.20624637  0.04740169  0.06202546  0.04848082  0.04741039
  0.06414761  0.07686421 -0.00928405 -0.00157145 -0.0018097  -0.00176138
 -0.03773063 -0.01602618 -0.02014251 -0.17202375 -0.05952364 -0.07405875
 -0.06363767 -0.07783642 -0.0707554  -0.08524917 -0.10594186 -0.0427457
 -0.0482613  -0.04177378 -0.03378695 -0.03575943 -0.04524103]

Gradient approximate =
[ 0.00466035  0.01925521  0.00577674  0.00730195  0.02906787  0.00864378
  0.00463981  0.01923056  0.00586709  0.00593129  0.02397045  0.0072642
  0.00621216  0.02489353  0.00761228  0.00663594  0.02660818  0.00813654
 -0.02834601 -0.01646255 -0.01932026 -0.01623811 -0.01892509 -0.01895497
 -0.0192251  -0.02703596 -0.01570014 -0.01871298 -0.01561353 -0.01827584
 -0.01823687 -0.01849833 -0.02948381 -0.01695228 -0.01976059 -0.01673659
 -0.01937508 -0.01930147 -0.0195789  -0.0261149  -0.01518914 -0.01783267
  0.16250489  0.02092318  0.03549795  0.02229116  0.01468103  0.0390277
  0.05062501  0.19279743  0.03341426  0.04996714  0.03522089  0.00737041
  0.04077988  0.05154091  0.20548108  0.02807406  0.04626026  0.02985468
  0.05664753  0.07379969  0.0895046   0.19185703  0.04371652  0.05929133
  0.0455784   0.04438142  0.05910726  0.07308469  0.22536934  0.05433876
  0.07228519  0.05647732  0.05527662  0.07216515  0.08763611  0.
  0.          0.          0.          0.          0.          0.
  0.          0.          0.          0.          0.          0.
  0.          0.          0.          0.          0.        ]

Diff = 
[0.01389563 0.05700653 0.02277938 0.02044093 0.08160353 0.03061912
 0.01430877 0.05883847 0.02235589 0.01751274 0.06978827 0.02651445
 0.01885958 0.07471107 0.03080604 0.01930442 0.07525482 0.02984738
 0.08021589 0.04419315 0.050598   0.04405914 0.05055873 0.04987747
 0.04999109 0.0797797  0.04476763 0.05140738 0.04271877 0.05058291
 0.04958128 0.05020752 0.08461375 0.0461513  0.05332926 0.04634767
 0.05150881 0.05293351 0.05261099 0.10259552 0.05643216 0.06965802
 0.1202947  0.02888562 0.01252687 0.0276485  0.02657301 0.01641172
 0.02382987 0.17054943 0.00633507 0.02546225 0.00929    0.03779065
 0.01605582 0.02193129 0.17926138 0.0018025  0.01649129 0.00046394
 0.12083237 0.03859217 0.04021747 0.15441774 0.0087375  0.00743569
 0.01800785 0.16186494 0.01170557 0.01105922 0.17688852 0.00692837
 0.00813758 0.02038689 0.06456067 0.0737366  0.08944582 0.00176138
 0.03773063 0.01602618 0.02014251 0.17202375 0.05952364 0.07405875
 0.06363767 0.07783642 0.0707554  0.08524917 0.10594186 0.0427457
 0.0482613  0.04177378 0.03378695 0.03575943 0.04524103]

 