Iteration 0:
############################
Gradient = 
[-0.00622385 -0.02491124 -0.00234346 -0.0100717  -0.0290757  -0.01067996
  0.00308955  0.00616094 -0.0010433  -0.00805902 -0.040685   -0.0119415
  0.30556762  0.14645113  0.18687672  0.10623525  0.1595197   0.31019943
  0.15173468  0.17623437  0.12211611  0.16180255  0.31032303  0.15286982
  0.17043554  0.12986719  0.16193594  0.28752798  0.13623659  0.16872984
  0.10968992  0.15161256  0.27785342  0.14185565  0.15329965  0.11047529
  0.14157213]

Gradient approximate =
[-6.22384815e-03 -2.43889095e-02 -3.01489336e-03 -1.00717038e-02
 -2.98970493e-02 -1.09510086e-02  3.08955121e-03  6.83072744e-03
 -1.13720449e-04 -8.05902069e-03 -4.09525415e-02 -1.14047849e-02
  3.05567615e-01  1.46456111e-01  1.86654550e-01  1.06302651e-01
  1.59953810e-01  3.10199425e-01  1.52378295e-01  1.76540693e-01
  1.22009105e-01  1.61542319e-01  3.10323032e-01  1.53449508e-01
  1.70588901e-01  1.29077359e-01  1.61767759e-01  2.87527981e-01
  1.36447675e-01  1.69088089e-01  1.09797881e-01  1.52471523e-01
  2.77853420e-01  1.41160828e-01  1.54129394e-01  1.10848986e-01
  1.41841012e-01]

Diff = 
[2.67458122e-11 5.22325671e-04 6.71431375e-04 5.99403513e-12
 8.21347346e-04 2.71046108e-04 2.93716904e-11 6.69782451e-04
 9.29579181e-04 3.36786137e-11 2.67541145e-04 5.36717691e-04
 5.03908026e-12 4.97885109e-06 2.22167475e-04 6.73997466e-05
 4.34112776e-04 1.23767663e-12 6.43609723e-04 3.06319868e-04
 1.07001401e-04 2.60227533e-04 1.29298239e-11 5.79686057e-04
 1.53357511e-04 7.89826618e-04 1.68178098e-04 1.04471987e-13
 2.11084639e-04 3.58246230e-04 1.07958460e-04 8.58963741e-04
 2.69597122e-11 6.94819310e-04 8.29743005e-04 3.73699980e-04
 2.68877604e-04]

 Iteration 100:
############################
Gradient = 
[-0.02852806 -0.10855535 -0.02871922 -0.03154428 -0.10933127 -0.03544531
 -0.01766136 -0.07061108 -0.02487391 -0.02957626 -0.12018525 -0.03673488
  0.17293464  0.10670796  0.13499466  0.06784532  0.11979252  0.17749827
  0.09990691  0.11264754  0.07726292  0.10791113  0.17941632  0.09625382
  0.10353311  0.08284097  0.10251983  0.1624652   0.09267116  0.11316683
  0.06997702  0.10646655  0.16093696  0.09219792  0.09447004  0.06911613
  0.09031371]

Gradient approximate =
[-0.02852805 -0.10885804 -0.02959485 -0.03154428 -0.11103837 -0.03600711
 -0.01766136 -0.07037239 -0.02410741 -0.02957626 -0.12143769 -0.03649721
  0.17293464  0.10795092  0.13635791  0.06875328  0.12160161  0.17749827
  0.10178872  0.11437956  0.07812972  0.10898399  0.17941632  0.09806201
  0.10503731  0.08309428  0.10365975  0.1624652   0.09400493  0.11491559
  0.07095869  0.10859938  0.16093696  0.09265731  0.09652175  0.07036917
  0.0917285 ]

Diff = 
[9.64058347e-12 3.02694815e-04 8.75627302e-04 1.42107853e-12
 1.70709963e-03 5.61795696e-04 1.78868899e-11 2.38694024e-04
 7.66496933e-04 2.33063638e-11 1.25244630e-03 2.37678384e-04
 9.16387799e-11 1.24296094e-03 1.36324564e-03 9.07954143e-04
 1.80908779e-03 1.00860098e-10 1.88180754e-03 1.73202082e-03
 8.66798250e-04 1.07286743e-03 1.03819481e-10 1.80818530e-03
 1.50420491e-03 2.53311941e-04 1.13991513e-03 1.12938880e-10
 1.33377179e-03 1.74876343e-03 9.81665201e-04 2.13282585e-03
 1.21858718e-10 4.59391043e-04 2.05170769e-03 1.25304177e-03
 1.41478494e-03]

 Iteration 200:
############################
Gradient = 
[-0.02053686 -0.07363031 -0.0188909  -0.02088887 -0.06656444 -0.02185326
 -0.01561098 -0.05934056 -0.02129992 -0.01915913 -0.0750713  -0.02288797
  0.08251758  0.07145463  0.08675605  0.0434602   0.07888708  0.09217538
  0.05601549  0.05948638  0.04506607  0.05931785  0.09719444  0.04985355
  0.05120364  0.04722156  0.052566    0.08072308  0.05545076  0.06467541
  0.04316262  0.06351899  0.08698227  0.05055961  0.04741985  0.03832031
  0.0465911 ]

Gradient approximate =
[-0.02053686 -0.07487043 -0.02001293 -0.02088887 -0.06916389 -0.02270568
 -0.01561098 -0.05978325 -0.02077415 -0.01915913 -0.07731713 -0.02295409
  0.08251758  0.07358474  0.08921819  0.04491772  0.08168561  0.09217538
  0.05866599  0.06206217  0.04653451  0.06121437  0.09719444  0.05237787
  0.05346223  0.04811452  0.05446497  0.08072308  0.05751792  0.06730009
  0.04470141  0.06649333  0.08698227  0.05172091  0.05016468  0.04010133
  0.04867732]

Diff = 
[1.62219509e-11 1.24012592e-03 1.12202525e-03 4.35223385e-12
 2.59944269e-03 8.52419981e-04 4.68884653e-12 4.42686542e-04
 5.25771447e-04 2.37681888e-11 2.24582607e-03 6.61215349e-05
 1.55303811e-10 2.13010685e-03 2.46214740e-03 1.45752001e-03
 2.79852362e-03 1.41428536e-10 2.65050205e-03 2.57579209e-03
 1.46843072e-03 1.89651630e-03 1.46812160e-10 2.52432300e-03
 2.25858976e-03 8.92961459e-04 1.89896848e-03 1.55370050e-10
 2.06715973e-03 2.62468169e-03 1.53879359e-03 2.97434323e-03
 1.41305384e-10 1.16130190e-03 2.74482694e-03 1.78102215e-03
 2.08621300e-03]

 Iteration 300:
############################
Gradient = 
[-0.01156087 -0.03887086 -0.00879309 -0.01138771 -0.0331054  -0.01109195
 -0.00970648 -0.03453611 -0.0133098  -0.0094845  -0.03841881 -0.01135652
  0.03387013  0.04409495  0.05331764  0.02594945  0.04804531  0.04912782
  0.02744354  0.027484    0.02397153  0.02850833  0.056098    0.0215837
  0.02110297  0.02405048  0.02285461  0.03869411  0.02953736  0.0338817
  0.02512231  0.03436768  0.0496551   0.02440461  0.01980397  0.01828507
  0.01988317]

Gradient approximate =
[-0.01156087 -0.04065653 -0.01004882 -0.01138771 -0.0361848  -0.01210326
 -0.00970648 -0.03544199 -0.01295512 -0.0094845  -0.04121196 -0.01158775
  0.03387013  0.04679066  0.05646316  0.02774675  0.05146397  0.04912782
  0.03049657  0.03047684  0.02577491  0.03082743  0.056098    0.02444989
  0.02370599  0.02528835  0.02511409  0.03869411  0.03201693  0.03698268
  0.02699412  0.03781657  0.0496551   0.02592674  0.02286947  0.02033939
  0.02228725]

Diff = 
[1.40361802e-11 1.78566018e-03 1.25573579e-03 5.94690963e-13
 3.07940419e-03 1.01131285e-03 2.01511186e-11 9.05880359e-04
 3.54674740e-04 3.52314185e-12 2.79315658e-03 2.31235684e-04
 1.56129366e-10 2.69571789e-03 3.14551502e-03 1.79729519e-03
 3.41865949e-03 1.57076852e-10 3.05302744e-03 2.99283725e-03
 1.80338386e-03 2.31909838e-03 1.63311205e-10 2.86618389e-03
 2.60302038e-03 1.23786933e-03 2.25948170e-03 1.60969404e-10
 2.47957208e-03 3.10097895e-03 1.87180859e-03 3.44889052e-03
 1.49400166e-10 1.52213104e-03 3.06549739e-03 2.05432482e-03
 2.40407963e-03]

 Iteration 400:
############################
Gradient = 
[-0.00635355 -0.02048242 -0.00344099 -0.00598746 -0.01616147 -0.00559585
 -0.00564536 -0.01848218 -0.00798616 -0.00404981 -0.01986936 -0.00542648
  0.00902049  0.02779933  0.03447446  0.01512344  0.03019242  0.02858303
  0.01232669  0.01120725  0.01225731  0.01253269  0.03659713  0.00713177
  0.00609536  0.01141577  0.00786922  0.01815879  0.01519727  0.01759701
  0.01467223  0.01858714  0.03187967  0.01082947  0.00594245  0.00736953
  0.00627018]

Gradient approximate =
[-0.00635355 -0.0225535  -0.00475471 -0.00598746 -0.01947673 -0.0066872
 -0.00564536 -0.01964472 -0.00773522 -0.00404981 -0.02294231 -0.00573803
  0.00902049  0.03084568  0.03804807  0.01712076  0.0339923   0.02858303
  0.01556981  0.01438391  0.01423529  0.0150476   0.03659713  0.01013312
  0.00882553  0.01282383  0.01027348  0.01815879  0.01789245  0.02094586
  0.01673732  0.02229165  0.03187967  0.01251976  0.00912851  0.00954606
  0.00879709]

Diff = 
[1.25013862e-11 2.07107223e-03 1.31371673e-03 9.44958781e-12
 3.31526114e-03 1.09135358e-03 9.12742971e-12 1.16254681e-03
 2.50942865e-04 7.46181068e-12 3.07295147e-03 3.11544648e-04
 1.63019322e-10 3.04634977e-03 3.57360240e-03 1.99732412e-03
 3.79988507e-03 1.65707566e-10 3.24312462e-03 3.17665194e-03
 1.97797969e-03 2.51490956e-03 1.48798973e-10 3.00135070e-03
 2.73016919e-03 1.40806556e-03 2.40425960e-03 1.63883126e-10
 2.69517971e-03 3.34884414e-03 2.06508723e-03 3.70451131e-03
 1.51988290e-10 1.69028290e-03 3.18606292e-03 2.17653114e-03
 2.52691330e-03]

 Iteration 500:
############################
Gradient = 
[-3.50898240e-03 -1.14280099e-02 -8.46284461e-04 -2.95452502e-03
 -7.83025797e-03 -2.88790515e-03 -3.33743494e-03 -9.93052548e-03
 -5.02302927e-03 -1.06206530e-03 -1.07676607e-02 -2.47758770e-03
 -4.02547658e-03  1.86207677e-02  2.41065774e-02  8.83819768e-03
  2.02923424e-02  1.86197095e-02  4.67662511e-03  3.13115873e-03
  6.13084513e-03  4.52576202e-03  2.72081712e-02 -5.34504796e-06
 -1.23398255e-03  4.90097374e-03  5.02381918e-04  7.92798634e-03
  7.68532214e-03  9.21090243e-03  8.97273182e-03  1.03867043e-02
  2.33414654e-02  4.05704841e-03 -8.18311446e-04  1.79727670e-03
 -4.29979273e-04]

Gradient approximate =
[-0.00350898 -0.01365287 -0.00217987 -0.00295453 -0.01126038 -0.00402
 -0.00333743 -0.01123004 -0.00483541 -0.00106207 -0.0139881  -0.0028269
 -0.00402548  0.02189398  0.02796688  0.01095207  0.0243389   0.01861971
  0.00800035  0.00637484  0.00819721  0.00712132  0.02720817  0.00302763
  0.0015164   0.00638688  0.00294432  0.00792799  0.01049059  0.01268887
  0.01115275  0.01423123  0.02334147  0.00581779  0.00238955  0.00401651
  0.00212238]

Diff = 
[8.90705608e-12 2.22485526e-03 1.33358182e-03 1.69194997e-11
 3.43012090e-03 1.13209426e-03 2.05642101e-11 1.29951684e-03
 1.87615982e-04 1.17138460e-12 3.22044115e-03 3.49311774e-04
 1.67781245e-10 3.27321246e-03 3.86029836e-03 2.11387079e-03
 4.04655531e-03 1.64821656e-10 3.32372174e-03 3.24368259e-03
 2.06636851e-03 2.59555547e-03 1.57765342e-10 3.03297289e-03
 2.75038303e-03 1.48590877e-03 2.44194094e-03 1.70619557e-10
 2.80526879e-03 3.47796502e-03 2.18001366e-03 3.84452809e-03
 1.71588573e-10 1.76073673e-03 3.20786558e-03 2.21922997e-03
 2.55235610e-03]

 Iteration 600:
############################
Gradient = 
[-0.00190553 -0.00700292  0.0003689  -0.00114921 -0.00370359 -0.00154955
 -0.00207119 -0.00564028 -0.00341968  0.00066725 -0.0062424  -0.00098496
 -0.01109765  0.01344968  0.0183136   0.00526135  0.01476619  0.01369247
  0.0008227  -0.0008794   0.00297894  0.00051256  0.02260339 -0.00351089
 -0.00481155  0.00157087 -0.0031189   0.00271342  0.00378663  0.00487004
  0.00591574  0.00612668  0.01918204  0.0006837  -0.00409585 -0.0009867
 -0.00371175]

Gradient approximate =
[-0.00190553 -0.009317   -0.00096634 -0.00114921 -0.00718888 -0.002703
 -0.00207119 -0.00701491 -0.00327331  0.00066725 -0.00954506 -0.00135074
 -0.01109765  0.01688017  0.02238235  0.00744381  0.01898469  0.01369247
  0.00417178  0.00237337  0.00508903  0.00313109  0.02260339 -0.00049727
 -0.00209316  0.00308729 -0.00069189  0.00271342  0.00664702  0.00841589
  0.00816835  0.01005123  0.01918204  0.00246625 -0.00091421  0.0012351
 -0.00118175]

Diff = 
[3.58127026e-12 2.31408431e-03 1.33523314e-03 1.81995020e-11
 3.48528575e-03 1.15344513e-03 3.23121304e-12 1.37462783e-03
 1.46370114e-04 2.40683131e-11 3.30265222e-03 3.65777444e-04
 1.61462142e-10 3.43048274e-03 4.06874923e-03 2.18246453e-03
 4.21849956e-03 1.61927898e-10 3.34908424e-03 3.25277271e-03
 2.11008571e-03 2.61853154e-03 1.70793879e-10 3.01361399e-03
 2.71839674e-03 1.51641967e-03 2.42700295e-03 1.60375567e-10
 2.86038792e-03 3.54584920e-03 2.25260975e-03 3.92455034e-03
 1.57474572e-10 1.78255012e-03 3.18164027e-03 2.22179835e-03
 2.53000265e-03]

 Iteration 700:
############################
Gradient = 
[-9.44903496e-04 -4.87376491e-03  8.97960681e-04  1.70805242e-05
 -1.67237455e-03 -8.94410510e-04 -1.37024789e-03 -3.58948802e-03
 -2.53809498e-03  1.74726409e-03 -3.97922045e-03 -2.14318209e-04
 -1.50257280e-02  1.05048060e-02  1.50070663e-02  3.25020736e-03
  1.16371548e-02  1.12207597e-02 -1.12522419e-03 -2.87232618e-03
  1.35741454e-03 -1.50807631e-03  2.03109700e-02 -5.22493026e-03
 -6.55263649e-03 -1.52114269e-04 -4.90070117e-03  9.78127437e-06
  1.76664610e-03  2.60132027e-03  4.27754095e-03  3.89975920e-03
  1.71335403e-02 -1.01256502e-03 -5.67102283e-03 -2.36869508e-03
 -5.31669868e-03]

Gradient approximate =
[-9.44903491e-04 -7.24569067e-03 -4.30609748e-04  1.70804992e-05
 -5.18328424e-03 -2.05964616e-03 -1.37024790e-03 -5.00880145e-03
 -2.42096543e-03  1.74726405e-03 -7.33150866e-03 -5.85683360e-04
 -1.50257278e-02  1.40531716e-02  1.92401346e-02  5.47411879e-03
  1.59856254e-02  1.12207598e-02  2.22136474e-03  3.60746983e-04
  3.48825747e-03  1.10447118e-03  2.03109702e-02 -2.25567377e-03
 -3.89168503e-03  1.37052859e-03 -2.51451731e-03  9.78144010e-06
  4.65364802e-03  6.18322483e-03  6.58006895e-03  7.87308441e-03
  1.71335405e-02  7.67487180e-04 -2.53881712e-03 -1.64304312e-04
 -2.83244509e-03]

Diff = 
[4.72035995e-12 2.37192577e-03 1.32857043e-03 2.49603008e-11
 3.51090969e-03 1.16523565e-03 6.18895842e-12 1.41931343e-03
 1.17129551e-04 4.31714814e-11 3.35228821e-03 3.71365151e-04
 1.64579780e-10 3.54836553e-03 4.23306832e-03 2.22391143e-03
 4.34847061e-03 1.53425776e-10 3.34658894e-03 3.23307316e-03
 2.13084293e-03 2.61254748e-03 1.62653533e-10 2.96925649e-03
 2.66095146e-03 1.52264286e-03 2.38618385e-03 1.65733630e-10
 2.88700191e-03 3.58190457e-03 2.30252800e-03 3.97332521e-03
 1.60853188e-10 1.78005220e-03 3.13220571e-03 2.20439077e-03
 2.48425359e-03]

 Iteration 800:
############################
Gradient = 
[-0.00031971 -0.0038959   0.0010837   0.00084477 -0.00070919 -0.00058679
 -0.00096882 -0.00269573 -0.00203337  0.0024869  -0.00285883  0.0001914
 -0.01724756  0.00880859  0.01307619  0.00214349  0.00983939  0.0099657
 -0.00211657 -0.00385885  0.00051344 -0.00253124  0.01915242 -0.00605407
 -0.00739074 -0.00107345 -0.00577577 -0.00141243  0.00072282  0.00140172
  0.00339481  0.00272672  0.01611412 -0.00188271 -0.00641352 -0.00305839
 -0.00609965]

Gradient approximate =
[-3.19713336e-04 -6.31081209e-03 -2.34836648e-04  8.44773649e-04
 -4.23136652e-03 -1.75920038e-03 -9.68815723e-04 -4.14566385e-03
 -1.93876772e-03  2.48689898e-03 -6.24451189e-03 -1.79893538e-04
 -1.72475586e-02  1.24522893e-02  1.74481320e-02  4.39370982e-03
  1.42939128e-02  9.96570126e-03  1.21340235e-03 -6.59765811e-04
  2.65318245e-03  6.07108630e-05  1.91524224e-02 -3.14134986e-03
 -4.79957934e-03  4.42693817e-04 -3.44313050e-03 -1.41243027e-03
  3.62167754e-03  5.00295837e-03  5.73507976e-03  6.73242904e-03
  1.61141237e-02 -1.17477537e-04 -3.34181997e-03 -8.81337647e-04
 -3.67257424e-03]

Diff = 
[4.24396043e-12 2.41491371e-03 1.31853231e-03 4.18545840e-13
 3.52217807e-03 1.17241349e-03 3.28374806e-13 1.44993357e-03
 9.45978406e-05 6.41425585e-12 3.38567995e-03 3.71288885e-04
 1.59938677e-10 3.64370144e-03 4.37194206e-03 2.25021962e-03
 4.45451918e-03 1.50650209e-10 3.32997565e-03 3.19908542e-03
 2.13973994e-03 2.59194793e-03 1.51482056e-10 2.91272417e-03
 2.59116465e-03 1.51614133e-03 2.33263723e-03 1.58800203e-10
 2.89886114e-03 3.60124330e-03 2.34026803e-03 4.00571231e-03
 1.52685104e-10 1.76523529e-03 3.07169696e-03 2.17705565e-03
 2.42707423e-03]

 Iteration 900:
############################
Gradient = 
[ 1.29177878e-04 -3.49672158e-03  1.09823312e-03  1.48973938e-03
 -2.98083373e-04 -4.58172549e-04 -7.24534959e-04 -2.39850148e-03
 -1.72588307e-03  3.04562801e-03 -2.32294007e-03  4.10460078e-04
 -1.85244839e-02  7.82148523e-03  1.19189546e-02  1.56383037e-03
  8.79082384e-03  9.31899942e-03 -2.62792000e-03 -4.34239203e-03
  6.17217329e-05 -3.05403018e-03  1.85549931e-02 -6.44582907e-03
 -7.78405114e-03 -1.59841931e-03 -6.20297338e-03 -2.17335742e-03
  1.86472952e-04  7.56596372e-04  2.91531568e-03  2.10254416e-03
  1.55996818e-02 -2.34599882e-03 -6.74925312e-03 -3.41212830e-03
 -6.48025785e-03]

Gradient approximate =
[ 1.29177840e-04 -5.94807732e-03 -2.09355862e-04  1.48973937e-03
 -3.82496793e-03 -1.63568335e-03 -7.24534968e-04 -3.87342916e-03
 -1.64987346e-03  3.04562799e-03 -5.73406947e-03  4.22603574e-05
 -1.85244838e-02  1.15474745e-02  1.64147417e-02  3.83218022e-03
  1.33375552e-02  9.31899959e-03  6.78220238e-04 -1.18434091e-03
  2.20411946e-03 -4.90108716e-04  1.85549933e-02 -3.59547534e-03
 -5.26855859e-03 -9.57582702e-05 -3.93011983e-03 -2.17335727e-03
  3.08958563e-03  4.36827858e-03  5.28673863e-03  6.13197519e-03
  1.55996820e-02 -6.01993091e-04 -3.74320558e-03 -1.26740918e-03
 -4.11593098e-03]

Diff = 
[3.81307843e-11 2.45135575e-03 1.30758898e-03 7.73327409e-12
 3.52688456e-03 1.17751080e-03 8.92161540e-12 1.47492767e-03
 7.60096074e-05 1.88859835e-11 3.41112941e-03 3.68199720e-04
 1.73267910e-10 3.72598924e-03 4.49578706e-03 2.26834985e-03
 4.54673136e-03 1.72901913e-10 3.30614024e-03 3.15805112e-03
 2.14239773e-03 2.56392146e-03 1.62989809e-10 2.85035372e-03
 2.51549255e-03 1.50266104e-03 2.27285354e-03 1.48069676e-10
 2.90311267e-03 3.61168221e-03 2.37142295e-03 4.02943103e-03
 1.53142799e-10 1.74400573e-03 3.00604753e-03 2.14471912e-03
 2.36432687e-03]

 