Iteration 0:
############################
Gradient = 
[-3.86061147e-05  5.22472821e-04 -1.00607511e-04 -4.09784226e-05
  2.30042162e-04 -4.14549161e-04 -2.12122891e-04 -4.78190084e-04
  8.86540132e-04  2.74560227e-05 -7.38458394e-05  2.13812202e-04
  7.44926914e-03  3.98308069e-03  3.21410908e-03  3.19818123e-03
  3.44238594e-03  6.48176494e-05 -6.02925949e-04 -7.21837633e-04
  9.67642149e-04  3.10768490e-04 -2.57633233e-03 -9.31619671e-04
 -1.61328368e-03 -5.24608159e-04 -2.18679277e-03  1.01285639e-03
  4.02665293e-04  1.18659272e-03  9.31541092e-05  4.39398765e-04
  3.00214755e-01  1.38317231e-01  1.51227755e-01  1.54645251e-01
  1.41159277e-01  3.04714002e-01  1.41541243e-01  1.53253912e-01
  1.56768842e-01  1.42328926e-01  2.97400816e-01  1.38187837e-01
  1.48939133e-01  1.52087441e-01  1.38956848e-01  2.91556654e-01
  1.34998930e-01  1.46501363e-01  1.49618909e-01  1.36905442e-01
  2.86528622e-01  1.32651678e-01  1.45223521e-01  1.46687065e-01
  1.34619084e-01]

Gradient approximate =
[ 9.82841986e-05  3.23519502e-04  8.99703356e-05 -5.48410983e-05
 -5.88080113e-04 -2.65536080e-04  2.47533380e-04  1.03469568e-03
  5.40528935e-04 -1.19473966e-04 -6.37096802e-04 -1.75946195e-04
 -4.56734747e-03 -2.36163561e-03 -2.18347970e-03 -2.50145893e-03
 -2.22262061e-03 -6.67930713e-04 -2.39391447e-04 -3.49395899e-04
  3.29322436e-01  1.51995524e-01  1.71860600e-01  1.72903455e-01
  1.57233921e-01  3.03372253e-01  1.41712743e-01  1.47457721e-01
  1.51965909e-01  1.38905706e-01  2.73340572e-01  1.25720815e-01
  1.38602265e-01  1.41293048e-01  1.29192923e-01  3.22618340e-01
  1.49221151e-01  1.62252496e-01  1.65652545e-01  1.51217136e-01
  3.07248142e-01  1.42104342e-01  1.54789896e-01  1.57774714e-01
  1.43982717e-01  0.00000000e+00  0.00000000e+00  0.00000000e+00
  0.00000000e+00  0.00000000e+00  0.00000000e+00  0.00000000e+00
  0.00000000e+00  0.00000000e+00  0.00000000e+00  0.00000000e+00
  0.00000000e+00]

Diff = 
[1.36890313e-04 1.98953319e-04 1.90577847e-04 1.38626757e-05
 8.18122276e-04 1.49013081e-04 4.59656271e-04 1.51288577e-03
 3.46011197e-04 1.46929989e-04 5.63250963e-04 3.89758397e-04
 1.20166166e-02 6.34471630e-03 5.39758878e-03 5.69964016e-03
 5.66500655e-03 7.32748362e-04 3.63534503e-04 3.72441734e-04
 3.28354794e-01 1.51684755e-01 1.74436933e-01 1.73835075e-01
 1.58847205e-01 3.03896861e-01 1.43899535e-01 1.46444865e-01
 1.51563244e-01 1.37719113e-01 2.73247418e-01 1.25281416e-01
 1.61612489e-01 2.97581654e-03 2.20348322e-02 1.67973089e-01
 8.06187393e-03 1.42461507e-01 2.41113022e-02 2.03677550e-03
 1.50479300e-01 2.24584142e-04 1.42610919e-01 1.95868770e-02
 4.95641593e-03 1.52087441e-01 1.38956848e-01 2.91556654e-01
 1.34998930e-01 1.46501363e-01 1.49618909e-01 1.36905442e-01
 2.86528622e-01 1.32651678e-01 1.45223521e-01 1.46687065e-01
 1.34619084e-01]

 Iteration 100:
############################
Gradient = 
[ 5.51076162e-04  2.43762308e-03  5.16218645e-04  4.84465890e-04
  1.44742501e-03 -1.18624664e-04 -6.77162529e-04 -1.70451093e-03
  7.76420594e-04  2.39300055e-05 -4.37059389e-05  1.87478190e-04
 -1.76881884e-02 -9.66605125e-03 -8.97490511e-03 -1.04270826e-02
 -8.75003729e-03 -4.19993217e-02 -2.35264586e-02 -2.11881312e-02
 -2.16970495e-02 -2.00522698e-02 -1.52604544e-02 -7.85975288e-03
 -7.81860939e-03 -7.30201795e-03 -8.30742959e-03 -2.17117472e-02
 -1.23096238e-02 -9.86860923e-03 -1.24124801e-02 -1.06308267e-02
  3.36059086e-01  1.57953791e-01  1.74299307e-01  1.74237998e-01
  1.59619533e-01  3.04471491e-01  1.41965353e-01  1.56494858e-01
  1.57068055e-01  1.45809457e-01  1.96874319e-01  9.24269895e-02
  9.80176911e-02  9.97036266e-02  9.23615571e-02  1.88580105e-01
  8.75675123e-02  9.43668732e-02  9.66712996e-02  8.82157495e-02
  1.94503822e-01  8.93302021e-02  9.88032353e-02  9.99774257e-02
  9.07078644e-02]

Gradient approximate =
[ 1.57176916e-05 -1.80061019e-04  1.51356920e-04 -4.81920912e-04
 -1.74028788e-03 -7.84075900e-04  4.49514943e-04  1.75836272e-03
  5.74989460e-04  1.74687882e-04  8.26672133e-04  1.28578364e-04
 -1.82585610e-03 -1.03798802e-03 -9.44701428e-04 -9.07472550e-04
 -8.73293924e-04  8.75924715e-03  5.09400632e-03  4.36365381e-03
  3.40852691e-01  1.61878240e-01  1.70462687e-01  1.72018020e-01
  1.58339326e-01  3.02745434e-01  1.41297155e-01  1.35984366e-01
  1.45537702e-01  1.34757815e-01  2.98205872e-01  1.35140705e-01
  1.60250831e-01  1.60231979e-01  1.47879326e-01  2.94317776e-01
  1.38109757e-01  1.51978867e-01  1.52125018e-01  1.40225070e-01
  2.50431784e-01  1.17506877e-01  1.29520984e-01  1.29450279e-01
  1.19258637e-01  0.00000000e+00  0.00000000e+00  0.00000000e+00
  0.00000000e+00  0.00000000e+00  0.00000000e+00  0.00000000e+00
  0.00000000e+00  0.00000000e+00  0.00000000e+00  0.00000000e+00
  0.00000000e+00]

Diff = 
[5.35358471e-04 2.61768410e-03 3.64861725e-04 9.66386802e-04
 3.18771288e-03 6.65451236e-04 1.12667747e-03 3.46287366e-03
 2.01431133e-04 1.50757876e-04 8.70378072e-04 5.88998262e-05
 1.58623323e-02 8.62806323e-03 8.03020368e-03 9.51961009e-03
 7.87674337e-03 5.07585689e-02 2.86204650e-02 2.55517850e-02
 3.62549740e-01 1.81930510e-01 1.85723141e-01 1.79877773e-01
 1.66157936e-01 3.10047452e-01 1.49604585e-01 1.57696113e-01
 1.57847326e-01 1.44626424e-01 3.10618352e-01 1.45771532e-01
 1.75808255e-01 2.27818795e-03 2.64199811e-02 1.20079778e-01
 2.15097767e-02 1.52492624e-01 1.01596645e-02 1.62697879e-02
 9.33637288e-02 2.83025799e-02 6.73533352e-02 3.70232898e-02
 2.12409458e-02 9.97036266e-02 9.23615571e-02 1.88580105e-01
 8.75675123e-02 9.43668732e-02 9.66712996e-02 8.82157495e-02
 1.94503822e-01 8.93302021e-02 9.88032353e-02 9.99774257e-02
 9.07078644e-02]

 Iteration 200:
############################
Gradient = 
[ 1.32168184e-04  1.04835826e-03  9.49876180e-05  1.53115744e-04
  4.12011564e-04 -3.87239892e-04 -9.76491877e-04 -1.76694425e-03
  1.12586382e-03 -2.40356427e-04 -6.40364005e-04  1.02893201e-04
 -1.40051530e-02 -7.42238129e-03 -7.06918521e-03 -8.27922098e-03
 -6.85591031e-03 -3.63693849e-02 -1.96500443e-02 -1.82522504e-02
 -1.79477015e-02 -1.69785376e-02 -1.46258764e-02 -7.19743783e-03
 -7.44404852e-03 -6.66314212e-03 -7.85192584e-03 -1.72330220e-02
 -9.42297317e-03 -7.60110329e-03 -9.58941031e-03 -8.27252142e-03
  3.48546410e-01  1.67167144e-01  1.88682756e-01  1.83777371e-01
  1.69513197e-01  3.12518431e-01  1.48620860e-01  1.67724536e-01
  1.63999396e-01  1.53155355e-01  1.16162853e-01  5.56724682e-02
  5.53740376e-02  5.73194745e-02  5.33389987e-02  6.06730621e-02
  2.64541190e-02  2.65511015e-02  2.96259355e-02  2.63360017e-02
  1.03607011e-01  4.61010132e-02  5.25029368e-02  5.31132621e-02
  4.77563360e-02]

Gradient approximate =
[ 5.33618150e-05 -7.09038073e-05  1.95871241e-04 -8.39997423e-04
 -2.49130323e-03 -1.39295860e-03  7.76158968e-04  2.76294544e-03
  9.90315971e-04  1.37570346e-04  8.16536612e-04  5.22195420e-05
  1.77871095e-03  1.00873013e-03  8.21321895e-04  1.10102351e-03
  8.98030927e-04  1.56951064e-02  8.95635077e-03  7.74498362e-03
  3.57203876e-01  1.74296737e-01  1.89187686e-01  1.83990545e-01
  1.70357308e-01  3.13267604e-01  1.50068876e-01  1.36255475e-01
  1.46772478e-01  1.36949646e-01  3.04622984e-01  1.38594788e-01
  1.73744386e-01  1.69419695e-01  1.57342260e-01  3.02171682e-01
  1.44505416e-01  1.62712727e-01  1.58766423e-01  1.47285822e-01
  2.15277875e-01  1.02928401e-01  1.16052078e-01  1.13096022e-01
  1.04838115e-01  0.00000000e+00  0.00000000e+00  0.00000000e+00
  0.00000000e+00  0.00000000e+00  0.00000000e+00  0.00000000e+00
  0.00000000e+00  0.00000000e+00  0.00000000e+00  0.00000000e+00
  0.00000000e+00]

Diff = 
[7.88063694e-05 1.11926207e-03 1.00883623e-04 9.93113167e-04
 2.90331480e-03 1.00571871e-03 1.75265084e-03 4.52988969e-03
 1.35547846e-04 3.77926773e-04 1.45690062e-03 5.06736589e-05
 1.57838639e-02 8.43111142e-03 7.89050711e-03 9.38024449e-03
 7.75394124e-03 5.20644912e-02 2.86063951e-02 2.59972340e-02
 3.75151578e-01 1.91275275e-01 2.03813562e-01 1.91187983e-01
 1.77801356e-01 3.19930746e-01 1.57920802e-01 1.53488497e-01
 1.56195451e-01 1.44550750e-01 3.14212394e-01 1.46867310e-01
 1.74802024e-01 2.25255108e-03 3.13404961e-02 1.18394310e-01
 2.50077814e-02 1.49805703e-01 1.01455632e-02 2.04387138e-02
 5.12784788e-02 5.02269545e-02 1.10774862e-04 5.74235533e-02
 4.94640775e-02 5.73194745e-02 5.33389987e-02 6.06730621e-02
 2.64541190e-02 2.65511015e-02 2.96259355e-02 2.63360017e-02
 1.03607011e-01 4.61010132e-02 5.25029368e-02 5.31132621e-02
 4.77563360e-02]

 Iteration 300:
############################
Gradient = 
[ 1.00486373e-07  7.70070472e-04  6.29924312e-05  5.73268953e-05
  3.07912222e-04 -2.98630635e-04 -9.09988096e-05  2.47403276e-03
  2.97417379e-03 -2.96031181e-05  5.48924921e-04  6.47789330e-04
 -7.43121313e-04  1.02953055e-04 -5.38676810e-04 -8.54320113e-04
 -3.05760121e-04 -2.01519048e-03  4.46765012e-05 -1.44657990e-03
  1.65738432e-03  8.31857884e-05  7.36928486e-05  1.23580777e-03
 -2.62224070e-04  1.74288059e-03 -5.37605714e-04  1.84090020e-03
  1.48832676e-03  1.69964650e-03  1.29720949e-03  1.18956856e-03
  3.54229736e-01  1.71466998e-01  1.95513264e-01  1.88210729e-01
  1.73869704e-01  3.15804392e-01  1.51547635e-01  1.72830270e-01
  1.67019830e-01  1.56147879e-01  3.98645475e-02  1.93812024e-02
  1.11326166e-02  1.56813524e-02  1.43837792e-02 -4.00551388e-02
 -2.35985380e-02 -3.12619571e-02 -2.49604511e-02 -2.46315979e-02
  3.93255930e-02  1.39698037e-02  1.74857384e-02  1.91144353e-02
  1.62623651e-02]

Gradient approximate =
[ 9.73517400e-05  6.99518377e-05  2.49746499e-04 -1.00014560e-03
 -2.47543808e-03 -1.75554163e-03  9.62324185e-04  3.27098040e-03
  1.24997677e-03  1.43168304e-04  9.74266863e-04  2.71022693e-05
  2.92182833e-03  1.65949366e-03  1.38137707e-03  1.73825202e-03
  1.46090558e-03  1.88828877e-02  1.07269801e-02  9.30017163e-03
  3.64646212e-01  1.80071104e-01  1.97852433e-01  1.89454859e-01
  1.75608729e-01  3.17605504e-01  1.53887237e-01  1.34857859e-01
  1.46589135e-01  1.36949849e-01  3.06524106e-01  1.39440765e-01
  1.80077364e-01  1.73614884e-01  1.61433563e-01  3.05664985e-01
  1.47449061e-01  1.67758120e-01  1.61816790e-01  1.50308308e-01
  1.75709767e-01  8.47334494e-02  9.65295524e-02  9.29966103e-02
  8.62870902e-02  0.00000000e+00  0.00000000e+00  0.00000000e+00
  0.00000000e+00  0.00000000e+00  0.00000000e+00  0.00000000e+00
  0.00000000e+00  0.00000000e+00  0.00000000e+00  0.00000000e+00
  0.00000000e+00]

Diff = 
[9.72512536e-05 7.00118634e-04 1.86754068e-04 1.05747249e-03
 2.78335030e-03 1.45691099e-03 1.05332299e-03 7.96947639e-04
 1.72419702e-03 1.72771422e-04 4.25341942e-04 6.20687061e-04
 3.66494964e-03 1.55654061e-03 1.92005388e-03 2.59257213e-03
 1.76666570e-03 2.08980782e-02 1.06823036e-02 1.07467515e-02
 3.62988828e-01 1.79987918e-01 1.97778740e-01 1.88219051e-01
 1.75870953e-01 3.15862623e-01 1.54424843e-01 1.33016959e-01
 1.45100808e-01 1.35250203e-01 3.05226897e-01 1.38251197e-01
 1.74152372e-01 2.14788543e-03 3.40797014e-02 1.17454256e-01
 2.64206430e-02 1.48046272e-01 1.02691554e-02 2.25219612e-02
 8.68993765e-03 7.14144297e-02 5.66650048e-02 7.36154080e-02
 7.51544736e-02 1.56813524e-02 1.43837792e-02 4.00551388e-02
 2.35985380e-02 3.12619571e-02 2.49604511e-02 2.46315979e-02
 3.93255930e-02 1.39698037e-02 1.74857384e-02 1.91144353e-02
 1.62623651e-02]

 Iteration 400:
############################
Gradient = 
[-1.92078426e-04 -4.15319117e-04 -5.42145650e-04 -5.56464106e-05
 -4.57183117e-04 -6.41810959e-04  9.96795021e-04  6.55727806e-03
  4.58070865e-03  1.95393236e-04  1.14002914e-03  7.85356294e-04
  1.41499423e-02  8.42167372e-03  6.71354781e-03  7.25912846e-03
  6.94358748e-03  4.04880524e-02  2.39398735e-02  1.91100910e-02
  2.51436895e-02  2.08513612e-02  1.91237448e-02  1.19367626e-02
  8.94322536e-03  1.22573709e-02  8.77605164e-03  2.50761685e-02
  1.45223158e-02  1.29063842e-02  1.41350196e-02  1.25311790e-02
  3.46746636e-01  1.66556612e-01  1.87524849e-01  1.82283373e-01
  1.67631082e-01  3.09915223e-01  1.47600433e-01  1.66152413e-01
  1.62163490e-01  1.50953256e-01 -2.02743111e-02 -9.62085048e-03
 -2.51346810e-02 -1.77176174e-02 -1.69490690e-02 -1.03811069e-01
 -5.57103819e-02 -6.83053835e-02 -5.96650704e-02 -5.69400697e-02
 -4.70304435e-04 -6.76427861e-03 -4.41876238e-03 -1.97931402e-03
 -3.21236874e-03]

Gradient approximate =
[ 1.19897479e-04 -1.27272330e-04  3.55207990e-04 -9.78738746e-04
 -2.01166421e-03 -1.80914843e-03  8.95894456e-04  2.60390002e-03
  1.29848063e-03  1.56845399e-04  9.20986596e-04  8.00665778e-05
 -3.26659442e-04 -1.66477032e-04 -2.05748540e-04 -7.06383463e-05
 -1.35029175e-04  1.52092696e-02  8.66766880e-03  7.50232706e-03
  3.55035118e-01  1.73440931e-01  1.87201712e-01  1.82055691e-01
  1.68065978e-01  3.10193723e-01  1.48629747e-01  1.24709560e-01
  1.40206187e-01  1.30228247e-01  2.96992749e-01  1.32937150e-01
  1.72503716e-01  1.67881820e-01  1.55392165e-01  3.00386150e-01
  1.43867880e-01  1.61625854e-01  1.57400302e-01  1.45545571e-01
  1.34098468e-01  6.42031496e-02  7.22700345e-02  7.02606046e-02
  6.48531333e-02  0.00000000e+00  0.00000000e+00  0.00000000e+00
  0.00000000e+00  0.00000000e+00  0.00000000e+00  0.00000000e+00
  0.00000000e+00  0.00000000e+00  0.00000000e+00  0.00000000e+00
  0.00000000e+00]

Diff = 
[3.11975905e-04 2.88046786e-04 8.97353640e-04 9.23092335e-04
 1.55448109e-03 1.16733747e-03 1.00900564e-04 3.95337804e-03
 3.28222803e-03 3.85478367e-05 2.19042539e-04 7.05289716e-04
 1.44766017e-02 8.58815075e-03 6.91929635e-03 7.32976681e-03
 7.07861665e-03 2.52787828e-02 1.52722047e-02 1.16077640e-02
 3.29891428e-01 1.52589569e-01 1.68077967e-01 1.70118929e-01
 1.59122752e-01 2.97936352e-01 1.39853696e-01 9.96333919e-02
 1.25683871e-01 1.17321862e-01 2.82857729e-01 1.20405971e-01
 1.74242920e-01 1.32520840e-03 3.21326849e-02 1.18102777e-01
 2.37632026e-02 1.48289369e-01 9.79986922e-03 2.06068423e-02
 2.80650220e-02 8.67501064e-02 9.25443456e-02 7.98814551e-02
 8.99878144e-02 1.77176174e-02 1.69490690e-02 1.03811069e-01
 5.57103819e-02 6.83053835e-02 5.96650704e-02 5.69400697e-02
 4.70304435e-04 6.76427861e-03 4.41876238e-03 1.97931402e-03
 3.21236874e-03]

 Iteration 500:
############################
Gradient = 
[-0.00146701 -0.00660176 -0.00343258 -0.00109901 -0.00557298 -0.00296204
  0.00087047  0.00489152  0.00373098 -0.00057098 -0.00290022 -0.00113605
  0.0261563   0.01513432  0.01258221  0.01348823  0.01272749  0.07801505
  0.04511041  0.03734795  0.04495279  0.03904554  0.03578617  0.02132952
  0.01704123  0.02102604  0.01686127  0.04479971  0.02561218  0.02246173
  0.02452366  0.02207629  0.32649702  0.15310471  0.16573975  0.16656108
  0.15160007  0.29552701  0.13748504  0.14861792  0.15002963  0.1383501
 -0.05966768 -0.02801406 -0.04769387 -0.03901946 -0.03666654 -0.13847026
 -0.07246587 -0.08560107 -0.07721281 -0.07276529 -0.0230261  -0.01876624
 -0.0153528  -0.01323112 -0.0133193 ]

Gradient approximate =
[ 3.34784847e-04 -6.70319800e-05  8.10049297e-04 -6.48734122e-04
 -8.38497811e-04 -1.35327040e-03  8.16700816e-04  1.46643685e-03
  1.46236510e-03  3.46384321e-04  1.09544387e-03  4.53898679e-04
 -7.09996839e-03 -4.00658482e-03 -3.53710029e-03 -3.74968103e-03
 -3.45664800e-03  5.53142562e-03  3.28477557e-03  2.79223412e-03
  3.29431885e-01  1.55558912e-01  1.59037825e-01  1.62773617e-01
  1.48892921e-01  2.92220303e-01  1.35388785e-01  1.05849620e-01
  1.27621329e-01  1.17053329e-01  2.76254114e-01  1.19434727e-01
  1.52260413e-01  1.53011053e-01  1.40215780e-01  2.86756831e-01
  1.34325776e-01  1.45073222e-01  1.45966369e-01  1.33627918e-01
  9.57128536e-02  4.48261806e-02  4.85982752e-02  4.87473926e-02
  4.44886969e-02  0.00000000e+00  0.00000000e+00  0.00000000e+00
  0.00000000e+00  0.00000000e+00  0.00000000e+00  0.00000000e+00
  0.00000000e+00  0.00000000e+00  0.00000000e+00  0.00000000e+00
  0.00000000e+00]

Diff = 
[1.80179919e-03 6.53472439e-03 4.24263039e-03 4.50277821e-04
 4.73447829e-03 1.60877090e-03 5.37724414e-05 3.42508547e-03
 2.26861244e-03 9.17359560e-04 3.99566617e-03 1.58994771e-03
 3.32562660e-02 1.91409054e-02 1.61193130e-02 1.72379120e-02
 1.61841402e-02 7.24836290e-02 4.18256368e-02 3.45557166e-02
 2.84479095e-01 1.16513372e-01 1.23251652e-01 1.41444093e-01
 1.31851694e-01 2.71194267e-01 1.18527519e-01 6.10499145e-02
 1.02009151e-01 9.45915962e-02 2.51730456e-01 9.73584333e-02
 1.74236602e-01 9.36539330e-05 2.55239733e-02 1.20195755e-01
 1.72742924e-02 1.50453793e-01 8.48132670e-03 1.49899994e-02
 5.43167756e-02 9.35239158e-02 1.08265957e-01 7.67614518e-02
 9.21825682e-02 3.90194551e-02 3.66665442e-02 1.38470259e-01
 7.24658708e-02 8.56010719e-02 7.72128118e-02 7.27652865e-02
 2.30261026e-02 1.87662386e-02 1.53528047e-02 1.32311192e-02
 1.33193015e-02]

 Iteration 600:
############################
Gradient = 
[-0.00412048 -0.01851728 -0.00908695 -0.00341158 -0.01604841 -0.00783396
 -0.00095996 -0.00404522 -0.00037385 -0.00269032 -0.0126733  -0.00572876
  0.03436245  0.02009872  0.01694398  0.01768952  0.01691973  0.10459493
  0.06145373  0.05148268  0.05890926  0.05282193  0.04748453  0.0285492
  0.0232909   0.02716029  0.02295725  0.05782608  0.03363061  0.02939944
  0.03133106  0.02883755  0.29753105  0.1342143   0.13563633  0.1446685
  0.12967095  0.27625464  0.12384107  0.12470438  0.13367074  0.12160085
 -0.08087398 -0.03684268 -0.05734884 -0.04931881 -0.04576911 -0.15577008
 -0.07950684 -0.08957997 -0.08383146 -0.07798545 -0.03528911 -0.02520973
 -0.0189912  -0.01828734 -0.01748894]

Gradient approximate =
[ 1.06915909e-03  1.43491588e-03  1.98271051e-03  1.92240879e-04
  1.72143485e-03 -1.46800605e-04  1.13667340e-03  1.38600476e-03
  2.21524816e-03  9.87168154e-04  2.48547330e-03  1.47392729e-03
 -1.52908138e-02 -8.87686533e-03 -7.75683467e-03 -8.17647380e-03
 -7.60689916e-03 -6.98580449e-03 -3.82278966e-03 -3.42544894e-03
  2.93717724e-01  1.30961698e-01  1.20911931e-01  1.36212535e-01
  1.22841081e-01  2.68424437e-01  1.17696337e-01  8.19043621e-02
  1.11297076e-01  1.00184503e-01  2.48455418e-01  1.01827661e-01
  1.25021418e-01  1.32921200e-01  1.20054635e-01  2.67857693e-01
  1.21151946e-01  1.22168091e-01  1.30227314e-01  1.17488653e-01
  6.46843473e-02  2.92909691e-02  2.97914084e-02  3.15359659e-02
  2.82992616e-02  0.00000000e+00  0.00000000e+00  0.00000000e+00
  0.00000000e+00  0.00000000e+00  0.00000000e+00  0.00000000e+00
  0.00000000e+00  0.00000000e+00  0.00000000e+00  0.00000000e+00
  0.00000000e+00]

Diff = 
[0.00518964 0.0199522  0.01106967 0.00360382 0.01776984 0.00768716
 0.00209663 0.00543123 0.0025891  0.00367749 0.01515877 0.00720269
 0.04965327 0.02897559 0.02470082 0.02586599 0.02452663 0.11158073
 0.06527652 0.05490812 0.23480846 0.07813977 0.0734274  0.10766333
 0.09955018 0.24126414 0.09473909 0.02407828 0.07766646 0.07078506
 0.21712436 0.07299011 0.17250963 0.0012931  0.01558169 0.12318919
 0.008519   0.15408655 0.00638624 0.00721572 0.0689864  0.09230988
 0.11066539 0.06837865 0.0856481  0.04931881 0.04576911 0.15577008
 0.07950684 0.08957997 0.08383146 0.07798545 0.03528911 0.02520973
 0.0189912  0.01828734 0.01748894]

 Iteration 700:
############################
Gradient = 
[-0.00741032 -0.03245213 -0.01615161 -0.00650398 -0.02937656 -0.01440427
 -0.00396181 -0.01752432 -0.00684086 -0.00570089 -0.02581073 -0.01221241
  0.03930728  0.02392514  0.02038203  0.02065146  0.02014433  0.11709781
  0.07208349  0.06100053  0.06693602  0.06179119  0.05369774  0.03374867
  0.02793311  0.03113892  0.02736206  0.06351945  0.03866413  0.03391095
  0.03506263  0.0330829   0.26478116  0.11308721  0.1031292   0.12042888
  0.10583213  0.25607048  0.10918909  0.09908367  0.11611085  0.1038784
 -0.08801472 -0.03838589 -0.05753468 -0.0512529  -0.04691666 -0.16349368
 -0.08086628 -0.08579819 -0.08410427 -0.0770978  -0.04205993 -0.02841992
 -0.01836893 -0.01984636 -0.01832692]

Gradient approximate =
[ 0.00243914  0.00492787  0.00391341  0.00159491  0.00589976  0.00182938
  0.00208153  0.00334563  0.0037601   0.0022076   0.00566123  0.00324904
 -0.02311539 -0.01413949 -0.01234793 -0.01270568 -0.01205575 -0.01868298
 -0.01102827 -0.00975175  0.25448566  0.10422695  0.08058086  0.10690058
  0.09448805  0.24350959  0.09867075  0.05656043  0.09366755  0.08228829
  0.21849947  0.08308379  0.09683593  0.11169795  0.09912643  0.24714568
  0.10658504  0.09720828  0.1128932   0.10000557  0.04270813  0.01857153
  0.01735273  0.01973881  0.01734647  0.          0.          0.
  0.          0.          0.          0.          0.          0.
  0.          0.          0.        ]

Diff = 
[0.00984946 0.03737999 0.02006502 0.00809889 0.03527632 0.01623365
 0.00604335 0.02086996 0.01060096 0.00790848 0.03147196 0.01546144
 0.06242267 0.03806463 0.03272997 0.03335713 0.03220009 0.1357808
 0.08311177 0.07075229 0.18754964 0.04243577 0.02688312 0.07315191
 0.06655494 0.21237067 0.0713087  0.00695902 0.05500342 0.04837734
 0.18343683 0.05000088 0.16794523 0.00138926 0.00400277 0.1267168
 0.00075291 0.1588622  0.00370411 0.0009219  0.07340272 0.08530687
 0.10536745 0.05812469 0.07488115 0.0512529  0.04691666 0.16349368
 0.08086628 0.08579819 0.08410427 0.0770978  0.04205993 0.02841992
 0.01836893 0.01984636 0.01832692]

 Iteration 800:
############################
Gradient = 
[-0.00987625 -0.04181923 -0.02179646 -0.00919522 -0.04015388 -0.02043155
 -0.00691422 -0.03001412 -0.0134361  -0.0084714  -0.0371404  -0.01847494
  0.04169318  0.02687411  0.02322009  0.02294188  0.0227976   0.11440019
  0.07506326  0.06455896  0.06858133  0.06490376  0.05454582  0.03657381
  0.03083546  0.03320917  0.03006394  0.0623908   0.04041222  0.03590437
  0.0361086   0.03486578  0.23292884  0.09233626  0.07312721  0.0969276
  0.08319078  0.23802719  0.09521801  0.07539352  0.09944621  0.08735171
 -0.08435788 -0.03468063 -0.05211897 -0.04729407 -0.04268927 -0.16567564
 -0.07874769 -0.07822074 -0.08066333 -0.07280262 -0.04632892 -0.02982762
 -0.01558133 -0.01957746 -0.01746809]

Gradient approximate =
[ 0.00419495  0.00970654  0.00614365  0.00334091  0.01101205  0.00422318
  0.00354212  0.00717302  0.00585397  0.00385896  0.01025459  0.00550709
 -0.02957998 -0.01940607 -0.01708394 -0.01715893 -0.01661234 -0.02678557
 -0.01691392 -0.01503565  0.21753019  0.07901036  0.04406453  0.07839677
  0.06727112  0.22083338  0.08029533  0.03250107  0.0762295   0.06500187
  0.19055183  0.06529387  0.07226782  0.09239963  0.08046825  0.22755288
  0.09226155  0.0737655   0.09599041  0.08329587  0.02963599  0.01240735
  0.01064422  0.01301733  0.01120597  0.          0.          0.
  0.          0.          0.          0.          0.          0.
  0.          0.          0.        ]

Diff = 
[1.40711970e-02 5.15257697e-02 2.79401092e-02 1.25361248e-02
 5.11659255e-02 2.46547328e-02 1.04563478e-02 3.71871394e-02
 1.92900705e-02 1.23303626e-02 4.73949920e-02 2.39820263e-02
 7.12731669e-02 4.62801771e-02 4.03040329e-02 4.01008146e-02
 3.94099377e-02 1.41185758e-01 9.19771794e-02 7.95946116e-02
 1.48948864e-01 1.41066035e-02 1.04812919e-02 4.18229590e-02
 3.64356556e-02 1.87624210e-01 5.02313932e-02 2.98897240e-02
 3.58172772e-02 2.90974950e-02 1.54443231e-01 3.04280902e-02
 1.60661028e-01 6.33782018e-05 7.34104041e-03 1.30625286e-01
 9.07076685e-03 1.64261682e-01 7.72398502e-04 7.90235267e-03
 6.98102195e-02 7.49443598e-02 9.50021049e-02 4.76979573e-02
 6.33249391e-02 4.72940702e-02 4.26892708e-02 1.65675638e-01
 7.87476907e-02 7.82207410e-02 8.06633338e-02 7.28026204e-02
 4.63289222e-02 2.98276220e-02 1.55813301e-02 1.95774615e-02
 1.74680899e-02]

 Iteration 900:
############################
Gradient = 
[-0.01048943 -0.04254675 -0.02383349 -0.01033635 -0.04346195 -0.02352356
 -0.00858624 -0.03620816 -0.01769859 -0.00982321 -0.04155665 -0.02209273
  0.04211463  0.02871354  0.02527399  0.02458327  0.02476682  0.09995101
  0.06955439  0.06119268  0.06378766  0.06144093  0.05091098  0.0363491
  0.03137129  0.03311166  0.03055069  0.05615301  0.03851977  0.03498681
  0.03450334  0.03391298  0.20566184  0.07393079  0.04911771  0.07647153
  0.06395484  0.22371499  0.08281744  0.05603868  0.08490527  0.07326483
 -0.07317136 -0.02787721 -0.0451109  -0.0400701  -0.0357553  -0.16453371
 -0.07452704 -0.06996619 -0.07527202 -0.06695322 -0.04976482 -0.03025945
 -0.01215801 -0.01847682 -0.01590776]

Gradient approximate =
[ 0.00586649  0.01429244  0.00800894  0.00502124  0.0157402   0.00641793
  0.00515205  0.01174288  0.00792726  0.00556162  0.01507446  0.00766767
 -0.03433343 -0.02415804 -0.02160809 -0.02134492 -0.02099351 -0.03044698
 -0.02049142 -0.01845919  0.18711951  0.05793892  0.01531211  0.05354666
  0.0438052   0.20226672  0.06379953  0.01172224  0.05987019  0.04921041
  0.16731113  0.04957865  0.05362964  0.0767473   0.06566397  0.21112095
  0.07931474  0.0545375   0.08099345  0.06884724  0.02389684  0.00971822
  0.00778336  0.01009953  0.00856513  0.          0.          0.
  0.          0.          0.          0.          0.          0.
  0.          0.          0.        ]

Diff = 
[0.01635592 0.05683919 0.03184243 0.01535759 0.05920215 0.02994149
 0.01373829 0.04795104 0.02562585 0.01538484 0.05663112 0.0297604
 0.07644806 0.05287158 0.04688207 0.04592819 0.04576033 0.13039799
 0.09004582 0.07965187 0.12333185 0.00350201 0.03559887 0.01719756
 0.01243391 0.16915506 0.03324884 0.04443077 0.02135042 0.0142236
 0.13280779 0.01566567 0.1520322  0.00281651 0.01654626 0.13464942
 0.0153599  0.16917749 0.00182399 0.01280856 0.06100843 0.0635466
 0.08095472 0.03797673 0.05367603 0.0400701  0.0357553  0.16453371
 0.07452704 0.06996619 0.07527202 0.06695322 0.04976482 0.03025945
 0.01215801 0.01847682 0.01590776]

 