Iteration 0:
############################
Gradient = 
[ 2.52145184e-06  1.79889397e-03  2.08795602e-03 -1.34662601e-05
 -2.40300988e-03  1.72727252e-03 -1.38893853e-05 -7.58782276e-04
  1.61303150e-03  3.90619397e-06  1.73353995e-03  2.93438188e-03
 -1.86164536e-06 -3.04613827e-03  2.79257478e-03  5.62865132e-06
  1.48273551e-03 -5.76029136e-04  1.99506272e-05  1.22727315e-04
  2.02254658e-03  2.94329205e-03  3.04236974e-03 -3.53782997e-04
 -1.87987501e-03  3.88263607e-04 -2.44638322e-03 -4.54701542e-05
 -6.54252998e-04 -2.28363784e-03  8.86044263e-04 -4.45528934e-04
  2.93900549e-04  1.96511808e-03 -7.80013978e-04 -5.91357145e-04
 -2.52839982e-04 -2.11082864e-04  1.06984366e-03 -2.73168759e-04
 -1.36925144e-03  1.93952180e-03  4.72839457e-04 -1.31300268e-03
  2.98079024e-03  3.04274565e-03  1.18257237e-04 -2.06782048e-03
 -1.78545607e-03 -1.46106262e-03  3.14294559e-03 -2.81370352e-03
  4.39998968e-04 -4.96966736e-04 -1.87041944e-03  1.27057665e-03
  1.87045750e-03 -2.11667635e-03 -1.75778455e-03 -3.52160029e-03
 -2.66790183e-03 -4.28435676e-03 -3.14570503e-03 -7.52132254e-04
  1.17953921e-03 -4.23870371e-03  6.90803977e-04  9.81819539e-03
  5.39394218e-03  1.45895951e-03  4.67724321e-03  6.31195204e-03
  4.46561675e-03  4.58715461e-03 -4.01558131e-03 -3.04220600e-03
 -4.76610419e-03 -5.24820087e-03 -4.00232066e-03 -3.37192485e-03
 -1.57431558e-03 -1.05800122e-02 -4.42173235e-03 -7.22701000e-03
 -4.98952789e-03 -3.07446170e-03 -7.35069921e-03 -2.52404212e-03
 -6.23577553e-03 -3.51301746e-03 -2.51747646e-03 -1.08606000e-03
 -3.83555084e-03 -2.69547671e-04 -5.04436200e-03 -1.97066914e-02
 -9.93365531e-03 -1.21993751e-02 -1.28165028e-02 -8.25340175e-03
 -9.62399613e-03 -6.65555719e-03  3.13776304e-01  1.45512556e-01
  1.57028136e-01  1.52719314e-01  1.67051425e-01  1.66991457e-01
  1.52919567e-01  3.00334429e-01  1.42850690e-01  1.46484137e-01
  1.46306740e-01  1.60073264e-01  1.55838054e-01  1.45217835e-01
  2.51578413e-01  1.17025330e-01  1.26694585e-01  1.18867099e-01
  1.32828559e-01  1.30591898e-01  1.22234917e-01  2.93519003e-01
  1.38947460e-01  1.47785044e-01  1.42067619e-01  1.54306619e-01
  1.56466399e-01  1.42491478e-01  2.81313665e-01  1.28802776e-01
  1.38902021e-01  1.35880414e-01  1.46843074e-01  1.49985235e-01
  1.37328552e-01]

Gradient approximate =
[-6.49436727e-06  9.83268578e-06  1.85318294e-05 -1.03172493e-05
 -5.15076448e-05 -7.16233739e-07 -5.94915450e-06 -1.84128668e-05
  8.85306273e-06 -1.94474814e-05 -5.48539902e-05  4.90075314e-06
 -1.26960620e-05 -6.63563449e-05 -1.78242976e-06 -2.52164667e-05
 -1.00786970e-04 -3.90379395e-05 -2.88899944e-04 -1.61205491e-04
 -1.16159791e-04 -1.19750934e-04 -1.42966501e-04 -1.20615657e-04
 -1.66525354e-04  5.97022927e-04  3.15415125e-04  2.68796523e-04
  2.79509391e-04  3.13505781e-04  2.57079160e-04  3.14297168e-04
 -2.88369950e-05 -1.34608014e-05 -1.12897625e-05 -1.66230518e-05
 -2.64037903e-05 -5.68831870e-06 -1.48657242e-05 -7.61093464e-04
 -4.58605474e-04 -3.18458593e-04  3.18022556e-01  1.62288304e-01
  1.53651737e-01  1.47485733e-01  1.59710656e-01  1.58636325e-01
  1.50778119e-01  2.73760794e-01  1.39900272e-01  1.32151392e-01
  1.26131612e-01  1.37814364e-01  1.36930922e-01  1.30108211e-01
  2.70127909e-01  1.38167830e-01  1.30570090e-01  1.25399987e-01
  1.35497214e-01  1.34641687e-01  1.27911382e-01  2.99573291e-01
  1.53159479e-01  1.44708937e-01  1.38576303e-01  1.50438745e-01
  1.49520068e-01  1.42023815e-01  2.83469984e-01  1.44878866e-01
  1.36891669e-01  1.30343941e-01  1.42371639e-01  1.41623539e-01
  1.34521574e-01 -1.82700740e-02 -9.39586781e-03 -8.93291466e-03
 -9.46782610e-03 -9.15322481e-03 -8.92210445e-03 -8.50142834e-03
  0.00000000e+00  0.00000000e+00  0.00000000e+00  0.00000000e+00
  0.00000000e+00  0.00000000e+00  0.00000000e+00  0.00000000e+00
  0.00000000e+00  0.00000000e+00  0.00000000e+00  0.00000000e+00
  0.00000000e+00  0.00000000e+00  0.00000000e+00  0.00000000e+00
  0.00000000e+00  0.00000000e+00  0.00000000e+00  0.00000000e+00
  0.00000000e+00  0.00000000e+00  0.00000000e+00  0.00000000e+00
  0.00000000e+00  0.00000000e+00  0.00000000e+00  0.00000000e+00
  0.00000000e+00  0.00000000e+00  0.00000000e+00  0.00000000e+00
  0.00000000e+00  0.00000000e+00  0.00000000e+00  0.00000000e+00
  0.00000000e+00  0.00000000e+00  0.00000000e+00  0.00000000e+00
  0.00000000e+00  0.00000000e+00  0.00000000e+00  0.00000000e+00
  0.00000000e+00  0.00000000e+00  0.00000000e+00  0.00000000e+00
  0.00000000e+00  0.00000000e+00  0.00000000e+00  0.00000000e+00
  0.00000000e+00]

Diff = 
[9.01581911e-06 1.78906128e-03 2.06942419e-03 3.14901085e-06
 2.35150223e-03 1.72798876e-03 7.94023078e-06 7.40369409e-04
 1.60417843e-03 2.33536754e-05 1.78839394e-03 2.92948112e-03
 1.08344166e-05 2.97978193e-03 2.79435721e-03 3.08451180e-05
 1.58352248e-03 5.36991196e-04 3.08850571e-04 2.83932806e-04
 2.13870637e-03 3.06304299e-03 3.18533624e-03 2.33167339e-04
 1.71334965e-03 2.08759319e-04 2.76179834e-03 3.14266677e-04
 9.33762390e-04 2.59714362e-03 6.28965103e-04 7.59826102e-04
 3.22737544e-04 1.97857888e-03 7.68724215e-04 5.74734094e-04
 2.26436192e-04 2.05394545e-04 1.08470938e-03 4.87924705e-04
 9.10645963e-04 2.25798039e-03 3.17549717e-01 1.63601307e-01
 1.50670947e-01 1.44442987e-01 1.59592399e-01 1.60704145e-01
 1.52563575e-01 2.75221857e-01 1.36757327e-01 1.34965095e-01
 1.25691614e-01 1.38311331e-01 1.38801341e-01 1.28837635e-01
 2.68257452e-01 1.40284506e-01 1.32327875e-01 1.28921587e-01
 1.38165116e-01 1.38926044e-01 1.31057087e-01 3.00325423e-01
 1.51979940e-01 1.48947641e-01 1.37885499e-01 1.40620549e-01
 1.44126126e-01 1.40564855e-01 2.78792741e-01 1.38566914e-01
 1.32426052e-01 1.25756786e-01 1.46387221e-01 1.44665745e-01
 1.39287678e-01 1.30218731e-02 5.39354715e-03 5.56098981e-03
 7.89351052e-03 1.42678737e-03 4.50037210e-03 1.27441833e-03
 4.98952789e-03 3.07446170e-03 7.35069921e-03 2.52404212e-03
 6.23577553e-03 3.51301746e-03 2.51747646e-03 1.08606000e-03
 3.83555084e-03 2.69547671e-04 5.04436200e-03 1.97066914e-02
 9.93365531e-03 1.21993751e-02 1.28165028e-02 8.25340175e-03
 9.62399613e-03 6.65555719e-03 3.13776304e-01 1.45512556e-01
 1.57028136e-01 1.52719314e-01 1.67051425e-01 1.66991457e-01
 1.52919567e-01 3.00334429e-01 1.42850690e-01 1.46484137e-01
 1.46306740e-01 1.60073264e-01 1.55838054e-01 1.45217835e-01
 2.51578413e-01 1.17025330e-01 1.26694585e-01 1.18867099e-01
 1.32828559e-01 1.30591898e-01 1.22234917e-01 2.93519003e-01
 1.38947460e-01 1.47785044e-01 1.42067619e-01 1.54306619e-01
 1.56466399e-01 1.42491478e-01 2.81313665e-01 1.28802776e-01
 1.38902021e-01 1.35880414e-01 1.46843074e-01 1.49985235e-01
 1.37328552e-01]

 Iteration 100:
############################
Gradient = 
[-5.72888408e-06  1.72328291e-03  2.02269236e-03 -1.03382041e-05
 -2.31233970e-03  1.67877773e-03 -6.03635639e-06 -6.99719898e-04
  1.57653662e-03 -1.84371217e-05  1.60167039e-03  2.81502588e-03
 -1.25118912e-05 -2.98444649e-03  2.69050610e-03 -2.42212695e-05
  1.31067340e-03 -5.93912757e-04 -2.96658305e-04 -5.19785814e-05
  1.81634623e-03  2.69912993e-03  2.77187309e-03 -4.72682377e-04
 -1.98058233e-03  5.66870921e-04 -2.27395970e-03  3.07569890e-05
 -5.53670465e-04 -2.11902631e-03  9.24551920e-04 -3.37906508e-04
 -3.46036033e-05  1.71187337e-03 -8.89507435e-04 -7.22409869e-04
 -4.32073783e-04 -3.28969071e-04  8.58964360e-04 -7.68223426e-04
 -1.60780030e-03  1.67038146e-03  2.29447214e-04 -1.55317656e-03
  2.69251499e-03  2.67767513e-03 -1.95993734e-04 -2.18518143e-03
 -1.85774782e-03 -1.55992508e-03  2.85113947e-03 -2.84352733e-03
  2.57789446e-04  3.14329226e-04 -1.36217538e-03  1.58301208e-03
  2.18566729e-03 -1.60129632e-03 -1.36562133e-03 -2.98499897e-03
  9.10126282e-03  3.56980578e-03  7.45871974e-03  7.81254507e-03
  5.02774941e-03  2.38911432e-03  2.45776773e-03 -8.84843389e-03
 -1.55915915e-03 -7.11000343e-03 -4.21230224e-03 -6.53028338e-03
 -5.85812542e-03 -2.68717771e-03  6.10983309e-03  1.36414498e-03
  1.47053734e-03  2.19941611e-05 -1.94191861e-04 -2.27537114e-05
  7.39029017e-04 -1.94697848e-03  1.36245500e-03 -3.97610591e-03
  8.45404528e-04 -3.24379044e-04 -5.45212261e-04 -4.00347984e-03
 -1.51930074e-02 -6.18944863e-03 -7.57408381e-03 -7.75241696e-03
 -4.83869881e-03 -8.45306175e-03 -9.91324823e-03 -1.82643756e-02
 -1.13481563e-02 -1.03504147e-02 -9.19282362e-03 -5.73063350e-03
 -7.97001782e-03 -1.04201588e-02  3.09397289e-01  1.57036206e-01
  1.52601494e-01  1.45620023e-01  1.55518225e-01  1.52918689e-01
  1.45064715e-01  2.83375625e-01  1.47819045e-01  1.34235487e-01
  1.30900381e-01  1.39915546e-01  1.40410154e-01  1.35928156e-01
  2.61671009e-01  1.31979947e-01  1.25004332e-01  1.17380144e-01
  1.27862131e-01  1.28047934e-01  1.22097211e-01  3.00226626e-01
  1.55811420e-01  1.42135529e-01  1.40147995e-01  1.51103497e-01
  1.50787502e-01  1.39395649e-01  3.00537783e-01  1.55223426e-01
  1.45165302e-01  1.38554157e-01  1.53386566e-01  1.49521924e-01
  1.39792089e-01]

Gradient approximate =
[-1.17614896e-05 -2.84007529e-05 -3.95280919e-06 -2.58890687e-07
  8.42913073e-06  1.82618032e-05 -9.73048309e-07  2.05634665e-05
  2.21466712e-05 -2.73776779e-06 -1.89191907e-05  1.43757872e-05
 -2.67531552e-06 -2.32641639e-05  5.62512703e-06 -4.07483824e-06
 -3.46226492e-05 -2.64031863e-05  1.09342935e-05  1.58020153e-05
  1.17363941e-05  2.20494156e-05  3.31303629e-05 -2.00347738e-06
 -1.00073505e-06  3.14393698e-04  1.63671263e-04  1.36942671e-04
  1.44269561e-04  1.63299398e-04  1.32269835e-04  1.66548808e-04
 -1.18180821e-04 -5.88293192e-05 -6.41144871e-05 -6.45147158e-05
 -7.24212201e-05 -6.02150729e-05 -5.55274671e-05  3.19558402e-05
  8.20073787e-06  2.50088750e-05  3.07195512e-01  1.56987642e-01
  1.48564042e-01  1.53393857e-01  1.55703624e-01  1.50810716e-01
  1.36713885e-01  2.73078388e-01  1.39665121e-01  1.31959302e-01
  1.36244916e-01  1.38316606e-01  1.34059419e-01  1.21353950e-01
  2.99520276e-01  1.53129998e-01  1.44776006e-01  1.49573664e-01
  1.51557684e-01  1.46942059e-01  1.33285736e-01  3.05966757e-01
  1.56394710e-01  1.47900285e-01  1.52752446e-01  1.54871133e-01
  1.50178060e-01  1.36133586e-01  2.83434489e-01  1.44831581e-01
  1.36975873e-01  1.41430183e-01  1.43504187e-01  1.39090699e-01
  1.25964396e-01 -3.89512264e-03 -2.01958094e-03 -1.91070975e-03
 -2.03551498e-03 -1.94383496e-03 -1.90160915e-03 -1.81964130e-03
  0.00000000e+00  0.00000000e+00  0.00000000e+00  0.00000000e+00
  0.00000000e+00  0.00000000e+00  0.00000000e+00  0.00000000e+00
  0.00000000e+00  0.00000000e+00  0.00000000e+00  0.00000000e+00
  0.00000000e+00  0.00000000e+00  0.00000000e+00  0.00000000e+00
  0.00000000e+00  0.00000000e+00  0.00000000e+00  0.00000000e+00
  0.00000000e+00  0.00000000e+00  0.00000000e+00  0.00000000e+00
  0.00000000e+00  0.00000000e+00  0.00000000e+00  0.00000000e+00
  0.00000000e+00  0.00000000e+00  0.00000000e+00  0.00000000e+00
  0.00000000e+00  0.00000000e+00  0.00000000e+00  0.00000000e+00
  0.00000000e+00  0.00000000e+00  0.00000000e+00  0.00000000e+00
  0.00000000e+00  0.00000000e+00  0.00000000e+00  0.00000000e+00
  0.00000000e+00  0.00000000e+00  0.00000000e+00  0.00000000e+00
  0.00000000e+00  0.00000000e+00  0.00000000e+00  0.00000000e+00
  0.00000000e+00]

Diff = 
[6.03260548e-06 1.75168366e-03 2.02664517e-03 1.00793134e-05
 2.32076883e-03 1.66051593e-03 5.06330808e-06 7.20283365e-04
 1.55438995e-03 1.56993539e-05 1.62058959e-03 2.80065010e-03
 9.83657572e-06 2.96118233e-03 2.68488097e-03 2.01464313e-05
 1.34529604e-03 5.67509571e-04 3.07592599e-04 6.77805967e-05
 1.80460983e-03 2.67708052e-03 2.73874272e-03 4.70678899e-04
 1.97958160e-03 2.52477223e-04 2.43763096e-03 1.06185681e-04
 6.97940026e-04 2.28232571e-03 7.92282085e-04 5.04455316e-04
 8.35772174e-05 1.77070269e-03 8.25392948e-04 6.57895153e-04
 3.59652563e-04 2.68753999e-04 9.14491827e-04 8.00179266e-04
 1.61600104e-03 1.64537258e-03 3.06966065e-01 1.58540819e-01
 1.45871527e-01 1.50716182e-01 1.55899618e-01 1.52995897e-01
 1.38571633e-01 2.74638313e-01 1.36813982e-01 1.34802829e-01
 1.35987126e-01 1.38002277e-01 1.35421594e-01 1.19770938e-01
 2.97334609e-01 1.54731294e-01 1.46141627e-01 1.52558663e-01
 1.42456421e-01 1.43372253e-01 1.25827016e-01 2.98154212e-01
 1.51366961e-01 1.45511171e-01 1.50294678e-01 1.63719567e-01
 1.51737219e-01 1.43243590e-01 2.87646792e-01 1.51361865e-01
 1.42833999e-01 1.44117361e-01 1.37394354e-01 1.37726554e-01
 1.24493858e-01 3.91711681e-03 1.82538908e-03 1.88795603e-03
 2.77454400e-03 3.14352896e-06 3.26406415e-03 2.15646461e-03
 8.45404528e-04 3.24379044e-04 5.45212261e-04 4.00347984e-03
 1.51930074e-02 6.18944863e-03 7.57408381e-03 7.75241696e-03
 4.83869881e-03 8.45306175e-03 9.91324823e-03 1.82643756e-02
 1.13481563e-02 1.03504147e-02 9.19282362e-03 5.73063350e-03
 7.97001782e-03 1.04201588e-02 3.09397289e-01 1.57036206e-01
 1.52601494e-01 1.45620023e-01 1.55518225e-01 1.52918689e-01
 1.45064715e-01 2.83375625e-01 1.47819045e-01 1.34235487e-01
 1.30900381e-01 1.39915546e-01 1.40410154e-01 1.35928156e-01
 2.61671009e-01 1.31979947e-01 1.25004332e-01 1.17380144e-01
 1.27862131e-01 1.28047934e-01 1.22097211e-01 3.00226626e-01
 1.55811420e-01 1.42135529e-01 1.40147995e-01 1.51103497e-01
 1.50787502e-01 1.39395649e-01 3.00537783e-01 1.55223426e-01
 1.45165302e-01 1.38554157e-01 1.53386566e-01 1.49521924e-01
 1.39792089e-01]

 Iteration 200:
############################
Gradient = 
[-5.03860568e-06  1.66878967e-03  1.95601268e-03 -1.04151022e-05
 -2.23660441e-03  1.62270802e-03 -6.16892966e-06 -6.78568705e-04
  1.52337536e-03 -1.75308230e-05  1.55338126e-03  2.72199738e-03
 -1.23700939e-05 -2.88368725e-03  2.60191000e-03 -2.33392400e-05
  1.27430996e-03 -5.72226126e-04 -3.05951723e-04 -5.50286206e-05
  1.75117576e-03  2.60486854e-03  2.67503899e-03 -4.61844524e-04
 -1.91931757e-03  5.39769625e-04 -2.21462983e-03  1.89752338e-05
 -5.47729796e-04 -2.06475781e-03  8.84142895e-04 -3.41712045e-04
 -4.13965034e-05  1.65217829e-03 -8.63769384e-04 -7.01762523e-04
 -4.20541610e-04 -3.21805998e-04  8.27393821e-04 -7.78802416e-04
 -1.55757974e-03  1.60805867e-03  2.16549887e-04 -1.50459505e-03
  2.59615102e-03  2.58464105e-03 -1.98246305e-04 -2.11274326e-03
 -1.79822706e-03 -1.50945162e-03  2.75643761e-03 -2.75147804e-03
  2.48766224e-04  3.01673194e-04 -1.32586594e-03  1.52654522e-03
  2.10747261e-03 -1.55710774e-03 -1.32351141e-03 -2.89370440e-03
  9.26688206e-03  3.70184034e-03  7.45606649e-03  7.80829049e-03
  5.11687028e-03  2.54689811e-03  2.60160026e-03 -8.47608267e-03
 -1.45849585e-03 -6.83716878e-03 -4.02757456e-03 -6.35161319e-03
 -5.63615272e-03 -2.56976263e-03  6.12241010e-03  1.42053724e-03
  1.52721610e-03  1.26268352e-04 -4.97147343e-04 -1.37628065e-04
  4.97716052e-04 -2.28400568e-03  1.01907677e-03 -4.22614888e-03
  5.86147561e-04 -2.01845187e-04 -6.59160194e-04 -3.92676815e-03
 -1.51266766e-02 -5.92999479e-03 -7.35692156e-03 -7.62751612e-03
 -5.01028497e-03 -8.47522224e-03 -9.94117491e-03 -1.82810327e-02
 -1.13355410e-02 -1.03675472e-02 -9.21988515e-03 -5.66642802e-03
 -8.02700001e-03 -1.02999412e-02  3.09343423e-01  1.57053396e-01
  1.52564814e-01  1.44809766e-01  1.55129536e-01  1.53509603e-01
  1.45268322e-01  2.83647792e-01  1.47856571e-01  1.34534239e-01
  1.30377777e-01  1.39706082e-01  1.41091689e-01  1.36159095e-01
  2.59389816e-01  1.30860540e-01  1.24013754e-01  1.15843496e-01
  1.26103505e-01  1.27239574e-01  1.20904244e-01  2.99087969e-01
  1.55051069e-01  1.41578563e-01  1.38864296e-01  1.50470667e-01
  1.50795435e-01  1.39252804e-01  3.02217438e-01  1.56291869e-01
  1.46248566e-01  1.38734977e-01  1.53664862e-01  1.50848541e-01
  1.40703346e-01]

Gradient approximate =
[-1.08625398e-05 -2.64176903e-05 -3.35815820e-06  1.52144963e-07
  8.90073126e-06  1.78642701e-05 -5.06934494e-07  2.04700834e-05
  2.14091989e-05 -2.47423859e-06 -1.64791825e-05  1.41867029e-05
 -2.30301778e-06 -2.16372831e-05  6.07778272e-06 -3.74761333e-06
 -3.13925508e-05 -2.44211562e-05  2.45287990e-05  2.34953523e-05
  1.74765424e-05  2.80262991e-05  4.02547373e-05  3.77655685e-06
  6.69238887e-06  2.98215661e-04  1.54799216e-04  1.30068816e-04
  1.36803524e-04  1.54500901e-04  1.25798874e-04  1.57747486e-04
 -1.03193631e-04 -4.96154784e-05 -5.73144043e-05 -5.69090153e-05
 -6.26169894e-05 -5.38239808e-05 -4.74548512e-05  4.34361280e-05
  1.56709756e-05  2.97046721e-05  3.07276935e-01  1.57029736e-01
  1.48681001e-01  1.53461019e-01  1.55741659e-01  1.50819569e-01
  1.35592803e-01  2.73665736e-01  1.39959999e-01  1.32311963e-01
  1.36563086e-01  1.38627178e-01  1.34321921e-01  1.20573078e-01
  2.99521951e-01  1.53122126e-01  1.44857237e-01  1.49596828e-01
  1.51570984e-01  1.46921252e-01  1.32181059e-01  3.05983568e-01
  1.56396164e-01  1.47986918e-01  1.52783206e-01  1.54890126e-01
  1.50163064e-01  1.35005373e-01  2.83686738e-01  1.44957935e-01
  1.37170025e-01  1.41581601e-01  1.43642518e-01  1.39188863e-01
  1.25004817e-01 -3.74402800e-03 -1.94165740e-03 -1.84082314e-03
 -1.95773302e-03 -1.87000775e-03 -1.82966976e-03 -1.75270631e-03
  0.00000000e+00  0.00000000e+00  0.00000000e+00  0.00000000e+00
  0.00000000e+00  0.00000000e+00  0.00000000e+00  0.00000000e+00
  0.00000000e+00  0.00000000e+00  0.00000000e+00  0.00000000e+00
  0.00000000e+00  0.00000000e+00  0.00000000e+00  0.00000000e+00
  0.00000000e+00  0.00000000e+00  0.00000000e+00  0.00000000e+00
  0.00000000e+00  0.00000000e+00  0.00000000e+00  0.00000000e+00
  0.00000000e+00  0.00000000e+00  0.00000000e+00  0.00000000e+00
  0.00000000e+00  0.00000000e+00  0.00000000e+00  0.00000000e+00
  0.00000000e+00  0.00000000e+00  0.00000000e+00  0.00000000e+00
  0.00000000e+00  0.00000000e+00  0.00000000e+00  0.00000000e+00
  0.00000000e+00  0.00000000e+00  0.00000000e+00  0.00000000e+00
  0.00000000e+00  0.00000000e+00  0.00000000e+00  0.00000000e+00
  0.00000000e+00  0.00000000e+00  0.00000000e+00  0.00000000e+00
  0.00000000e+00]

Diff = 
[5.82393407e-06 1.69520736e-03 1.95937084e-03 1.05672472e-05
 2.24550514e-03 1.60484375e-03 5.66199517e-06 6.99038788e-04
 1.50196616e-03 1.50565844e-05 1.56986044e-03 2.70781068e-03
 1.00670762e-05 2.86204997e-03 2.59583221e-03 1.95916266e-05
 1.30570251e-03 5.47804970e-04 3.30480522e-04 7.85239729e-05
 1.73369921e-03 2.57684224e-03 2.63478425e-03 4.65621080e-04
 1.92600995e-03 2.41553964e-04 2.36942905e-03 1.11093582e-04
 6.84533321e-04 2.21925871e-03 7.58344022e-04 4.99459531e-04
 6.17971280e-05 1.70179376e-03 8.06454980e-04 6.44853507e-04
 3.57924621e-04 2.67982017e-04 8.74848672e-04 8.22238544e-04
 1.57325071e-03 1.57835400e-03 3.07060385e-01 1.58534331e-01
 1.46084850e-01 1.50876378e-01 1.55939905e-01 1.52932312e-01
 1.37391030e-01 2.75175188e-01 1.37203561e-01 1.35063441e-01
 1.36314320e-01 1.38325504e-01 1.35647787e-01 1.19046533e-01
 2.97414478e-01 1.54679234e-01 1.46180748e-01 1.52490533e-01
 1.42304102e-01 1.43219412e-01 1.24724992e-01 2.98175277e-01
 1.51279293e-01 1.45440020e-01 1.50181605e-01 1.63366208e-01
 1.51621559e-01 1.41842542e-01 2.87714313e-01 1.51309548e-01
 1.42806178e-01 1.44151364e-01 1.37520107e-01 1.37768326e-01
 1.23477601e-01 3.87029635e-03 1.44451006e-03 1.70319508e-03
 2.45544907e-03 4.13997938e-04 2.84874653e-03 2.47344257e-03
 5.86147561e-04 2.01845187e-04 6.59160194e-04 3.92676815e-03
 1.51266766e-02 5.92999479e-03 7.35692156e-03 7.62751612e-03
 5.01028497e-03 8.47522224e-03 9.94117491e-03 1.82810327e-02
 1.13355410e-02 1.03675472e-02 9.21988515e-03 5.66642802e-03
 8.02700001e-03 1.02999412e-02 3.09343423e-01 1.57053396e-01
 1.52564814e-01 1.44809766e-01 1.55129536e-01 1.53509603e-01
 1.45268322e-01 2.83647792e-01 1.47856571e-01 1.34534239e-01
 1.30377777e-01 1.39706082e-01 1.41091689e-01 1.36159095e-01
 2.59389816e-01 1.30860540e-01 1.24013754e-01 1.15843496e-01
 1.26103505e-01 1.27239574e-01 1.20904244e-01 2.99087969e-01
 1.55051069e-01 1.41578563e-01 1.38864296e-01 1.50470667e-01
 1.50795435e-01 1.39252804e-01 3.02217438e-01 1.56291869e-01
 1.46248566e-01 1.38734977e-01 1.53664862e-01 1.50848541e-01
 1.40703346e-01]

 Iteration 300:
############################
Gradient = 
[-4.40264274e-06  1.61573776e-03  1.89149871e-03 -1.05475674e-05
 -2.16328685e-03  1.56847619e-03 -6.34420242e-06 -6.57956910e-04
  1.47200569e-03 -1.67083975e-05  1.50609922e-03  2.63201457e-03
 -1.22668275e-05 -2.78640732e-03  2.51616633e-03 -2.25611398e-05
  1.23846724e-03 -5.51468080e-04 -3.16424114e-04 -5.86176020e-05
  1.68768327e-03  2.51320568e-03  2.58079245e-03 -4.51803545e-04
 -1.86072407e-03  5.15543667e-04 -2.15555811e-03  8.74187728e-06
 -5.40657920e-04 -2.01058753e-03  8.46129090e-04 -3.43810711e-04
 -4.90360062e-05  1.59391781e-03 -8.39198005e-04 -6.82190335e-04
 -4.09941653e-04 -3.15158370e-04  7.96383299e-04 -7.93197581e-04
 -1.51114531e-03  1.54605724e-03  2.02249588e-04 -1.45974393e-03
  2.50131999e-03  2.49272263e-03 -2.01195472e-04 -2.04316129e-03
 -1.74092079e-03 -1.46096574e-03  2.66442962e-03 -2.66268793e-03
  2.39633641e-04  2.88285424e-04 -1.29087820e-03  1.47132473e-03
  2.03145759e-03 -1.51449762e-03 -1.28347694e-03 -2.80563588e-03
  9.41573371e-03  3.82374737e-03  7.44846620e-03  7.79857208e-03
  5.19767814e-03  2.69423196e-03  2.73563009e-03 -8.12450438e-03
 -1.36592273e-03 -6.57715385e-03 -3.85340246e-03 -6.18325021e-03
 -5.42497005e-03 -2.45974678e-03  6.11704487e-03  1.46643760e-03
  1.57350304e-03  2.18361146e-04 -8.14483070e-04 -2.65480564e-04
  2.48002874e-04 -2.65932304e-03  6.53562097e-04 -4.50038639e-03
  3.02343190e-04 -1.10550940e-04 -7.95627092e-04 -3.87711300e-03
 -1.50838209e-02 -5.68889773e-03 -7.15825326e-03 -7.51881695e-03
 -5.19392227e-03 -8.51045423e-03 -9.98143506e-03 -1.83132654e-02
 -1.13208984e-02 -1.03878838e-02 -9.24699100e-03 -5.59810042e-03
 -8.07963485e-03 -1.01777587e-02  3.09296463e-01  1.57074354e-01
  1.52533353e-01  1.43994049e-01  1.54704402e-01  1.54064090e-01
  1.45529233e-01  2.83920221e-01  1.47899088e-01  1.34828941e-01
  1.29843496e-01  1.39459471e-01  1.41738874e-01  1.36443726e-01
  2.57075167e-01  1.29724268e-01  1.23003250e-01  1.14289056e-01
  1.24294588e-01  1.26371021e-01  1.19739554e-01  2.97812180e-01
  1.54219610e-01  1.40948149e-01  1.37507023e-01  1.49721150e-01
  1.50690988e-01  1.39088440e-01  3.03772270e-01  1.57292427e-01
  1.47263649e-01  1.38835858e-01  1.53837078e-01  1.52079768e-01
  1.41610261e-01]

Gradient approximate =
[-1.00328434e-05 -2.45787612e-05 -2.81945356e-06  5.02875519e-07
  9.26213994e-06  1.74521642e-05 -1.04325437e-07  2.03091566e-05
  2.06901274e-05 -2.22631247e-06 -1.42279677e-05  1.39937995e-05
 -1.97378114e-06 -2.01676231e-05  6.45035803e-06 -3.44438034e-06
 -2.84476864e-05 -2.26007302e-05  3.68933772e-05  3.04168002e-05
  2.27326669e-05  3.34382944e-05  4.66227368e-05  9.10147957e-06
  1.36764355e-05  2.82942250e-04  1.46446444e-04  1.23561565e-04
  1.29752833e-04  1.46214454e-04  1.19662362e-04  1.49451487e-04
 -8.93850038e-05 -4.12262646e-05 -5.09816012e-05 -4.98913488e-05
 -5.36713363e-05 -4.78635576e-05 -4.00618405e-05  5.37768874e-05
  2.23667529e-05  3.39596484e-05  3.07360728e-01  1.57074198e-01
  1.48797803e-01  1.53529857e-01  1.55782766e-01  1.50832735e-01
  1.34449234e-01  2.74239400e-01  1.40249206e-01  1.32657395e-01
  1.36875204e-01  1.38930841e-01  1.34580296e-01  1.19762419e-01
  2.99531464e-01  1.53120158e-01  1.44940676e-01  1.49624844e-01
  1.51588827e-01  1.46906802e-01  1.31056919e-01  3.06004372e-01
  1.56401572e-01  1.48074100e-01  1.52816906e-01  1.54911972e-01
  1.50152391e-01  1.33854685e-01  2.83936168e-01  1.45084101e-01
  1.37361889e-01  1.41732327e-01  1.43779883e-01  1.39288405e-01
  1.24021878e-01 -3.59617753e-03 -1.86569766e-03 -1.77222448e-03
 -1.88175254e-03 -1.79779100e-03 -1.75923813e-03 -1.68701363e-03
  0.00000000e+00  0.00000000e+00  0.00000000e+00  0.00000000e+00
  0.00000000e+00  0.00000000e+00  0.00000000e+00  0.00000000e+00
  0.00000000e+00  0.00000000e+00  0.00000000e+00  0.00000000e+00
  0.00000000e+00  0.00000000e+00  0.00000000e+00  0.00000000e+00
  0.00000000e+00  0.00000000e+00  0.00000000e+00  0.00000000e+00
  0.00000000e+00  0.00000000e+00  0.00000000e+00  0.00000000e+00
  0.00000000e+00  0.00000000e+00  0.00000000e+00  0.00000000e+00
  0.00000000e+00  0.00000000e+00  0.00000000e+00  0.00000000e+00
  0.00000000e+00  0.00000000e+00  0.00000000e+00  0.00000000e+00
  0.00000000e+00  0.00000000e+00  0.00000000e+00  0.00000000e+00
  0.00000000e+00  0.00000000e+00  0.00000000e+00  0.00000000e+00
  0.00000000e+00  0.00000000e+00  0.00000000e+00  0.00000000e+00
  0.00000000e+00  0.00000000e+00  0.00000000e+00  0.00000000e+00
  0.00000000e+00]

Diff = 
[5.63020071e-06 1.64031653e-03 1.89431816e-03 1.10504429e-05
 2.17254899e-03 1.55102403e-03 6.23987698e-06 6.78266067e-04
 1.45131557e-03 1.44820851e-05 1.52032719e-03 2.61802077e-03
 1.02930463e-05 2.76623969e-03 2.50971597e-03 1.91167594e-05
 1.26691493e-03 5.28867349e-04 3.53317491e-04 8.90344022e-05
 1.66495061e-03 2.47976739e-03 2.53416971e-03 4.60905024e-04
 1.87440050e-03 2.32601418e-04 2.30200456e-03 1.14819688e-04
 6.70410753e-04 2.15680198e-03 7.26466728e-04 4.93262198e-04
 4.03489976e-05 1.63514407e-03 7.88216404e-04 6.32298986e-04
 3.56270317e-04 2.67294812e-04 8.36445140e-04 8.46974468e-04
 1.53351206e-03 1.51209760e-03 3.07158479e-01 1.58533941e-01
 1.46296483e-01 1.51037135e-01 1.55983961e-01 1.52875896e-01
 1.36190155e-01 2.75700366e-01 1.37584777e-01 1.35320083e-01
 1.36635570e-01 1.38642556e-01 1.35871174e-01 1.18291094e-01
 2.97500006e-01 1.54634656e-01 1.46224153e-01 1.52430480e-01
 1.42173094e-01 1.43083054e-01 1.23608453e-01 2.98205800e-01
 1.51203894e-01 1.45379868e-01 1.50081276e-01 1.63036476e-01
 1.51518314e-01 1.40431839e-01 2.87789570e-01 1.51267351e-01
 1.42786859e-01 1.44192074e-01 1.37662838e-01 1.37821967e-01
 1.22448375e-01 3.81453867e-03 1.05121459e-03 1.50674391e-03
 2.12975542e-03 8.61532038e-04 2.41280022e-03 2.81337277e-03
 3.02343190e-04 1.10550940e-04 7.95627092e-04 3.87711300e-03
 1.50838209e-02 5.68889773e-03 7.15825326e-03 7.51881695e-03
 5.19392227e-03 8.51045423e-03 9.98143506e-03 1.83132654e-02
 1.13208984e-02 1.03878838e-02 9.24699100e-03 5.59810042e-03
 8.07963485e-03 1.01777587e-02 3.09296463e-01 1.57074354e-01
 1.52533353e-01 1.43994049e-01 1.54704402e-01 1.54064090e-01
 1.45529233e-01 2.83920221e-01 1.47899088e-01 1.34828941e-01
 1.29843496e-01 1.39459471e-01 1.41738874e-01 1.36443726e-01
 2.57075167e-01 1.29724268e-01 1.23003250e-01 1.14289056e-01
 1.24294588e-01 1.26371021e-01 1.19739554e-01 2.97812180e-01
 1.54219610e-01 1.40948149e-01 1.37507023e-01 1.49721150e-01
 1.50690988e-01 1.39088440e-01 3.03772270e-01 1.57292427e-01
 1.47263649e-01 1.38835858e-01 1.53837078e-01 1.52079768e-01
 1.41610261e-01]

 Iteration 400:
############################
Gradient = 
[-3.80870890e-06  1.56413866e-03  1.82908897e-03 -1.07335268e-05
 -2.09233221e-03  1.51602105e-03 -6.56137221e-06 -6.37895506e-04
  1.42236306e-03 -1.59613906e-05  1.45985714e-03  2.54498035e-03
 -1.21966309e-05 -2.69248077e-03  2.43319014e-03 -2.18753469e-05
  1.20319401e-03 -5.31586559e-04 -3.28025205e-04 -6.26930500e-05
  1.62582539e-03  2.42407547e-03  2.48908142e-03 -4.42524576e-04
 -1.80468096e-03  4.93925059e-04 -2.09690306e-03 -9.64530444e-08
 -5.32615675e-04 -1.95667885e-03  8.10339726e-04 -3.44409868e-04
 -5.74448236e-05  1.53710005e-03 -8.15729919e-04 -6.63622165e-04
 -4.00186652e-04 -3.08988059e-04  7.65961113e-04 -8.11496899e-04
 -1.46840370e-03  1.48432260e-03  1.86554587e-04 -1.41852924e-03
  2.40793007e-03  2.40184005e-03 -2.05031503e-04 -1.97643378e-03
 -1.68585263e-03 -1.41449378e-03  2.57493356e-03 -2.57714356e-03
  2.30302916e-04  2.73795399e-04 -1.25739266e-03  1.41716853e-03
  1.95738192e-03 -1.47363612e-03 -1.24557403e-03 -2.72089479e-03
  9.54952195e-03  3.93656343e-03  7.43666503e-03  7.78424337e-03
  5.27109560e-03  2.83201573e-03  2.86071232e-03 -7.79248926e-03
 -1.28084797e-03 -6.32928659e-03 -3.68914375e-03 -6.02454230e-03
 -5.22399538e-03 -2.35665250e-03  6.09533885e-03  1.50274627e-03
  1.61023181e-03  2.99211490e-04 -1.14482383e-03 -4.05237734e-04
 -9.21632748e-06 -3.06821691e-03  2.68609026e-04 -4.79622365e-03
 -3.24522143e-06 -4.74730785e-05 -9.52071012e-04 -3.85194628e-03
 -1.50620395e-02 -5.46455122e-03 -6.97658000e-03 -7.42482447e-03
 -5.38786061e-03 -8.55728146e-03 -1.00326334e-02 -1.83596622e-02
 -1.13030222e-02 -1.04103336e-02 -9.27313226e-03 -5.52378540e-03
 -8.12654694e-03 -1.00522374e-02  3.09257287e-01  1.57100022e-01
  1.52507665e-01  1.43174495e-01  1.54246177e-01  1.54586018e-01
  1.45853240e-01  2.84193208e-01  1.47947003e-01  1.35120007e-01
  1.29298829e-01  1.39178473e-01  1.42354816e-01  1.36787181e-01
  2.54730560e-01  1.28573234e-01  1.21974740e-01  1.12720074e-01
  1.22441120e-01  1.25447739e-01  1.18608013e-01  2.96409033e-01
  1.53322639e-01  1.40249442e-01  1.36083261e-01  1.48864317e-01
  1.50482292e-01  1.38911736e-01  3.05213011e-01  1.58231314e-01
  1.48216160e-01  1.38863858e-01  1.53911907e-01  1.53223427e-01
  1.42524109e-01]

Gradient approximate =
[-9.26565935e-06 -2.28659580e-05 -2.32977859e-06  7.99424971e-07
  9.52381951e-06  1.70279235e-05  2.40614195e-07  2.00859129e-05
  1.99883243e-05 -1.99376515e-06 -1.21551480e-05  1.37966061e-05
 -1.68265624e-06 -1.88360949e-05  6.75282719e-06 -3.16284998e-06
 -2.57581689e-05 -2.09265916e-05  4.80551554e-05  3.65921693e-05
  2.75085910e-05  3.82969012e-05  5.22601651e-05  1.39736267e-05
  1.99713979e-05  2.68483178e-04  1.38559386e-04  1.17384735e-04
  1.23075636e-04  1.38387004e-04  1.13827698e-04  1.41610002e-04
 -7.67058261e-05 -3.36145756e-05 -4.51037407e-05 -4.34365610e-05
 -4.55345694e-05 -4.23235735e-05 -3.33156192e-05  6.30309693e-05
  2.83337465e-05  3.77886811e-05  3.07448541e-01  1.57122280e-01
  1.48915425e-01  1.53601534e-01  1.55827896e-01  1.50851054e-01
  1.33286250e-01  2.74800626e-01  1.40533740e-01  1.32996335e-01
  1.37182166e-01  1.39228445e-01  1.34835200e-01  1.18924730e-01
  2.99549918e-01  1.53124992e-01  1.45027052e-01  1.49658545e-01
  1.51612012e-01  1.46899325e-01  1.29916082e-01  3.06030033e-01
  1.56411729e-01  1.48162437e-01  1.52854283e-01  1.54937315e-01
  1.50146562e-01  1.32684301e-01  2.84183594e-01  1.45210876e-01
  1.37552013e-01  1.41883061e-01  1.43916915e-01  1.39389769e-01
  1.23018150e-01 -3.45123546e-03 -1.79150826e-03 -1.70476454e-03
 -1.80738866e-03 -1.72702674e-03 -1.69015072e-03 -1.62242853e-03
  0.00000000e+00  0.00000000e+00  0.00000000e+00  0.00000000e+00
  0.00000000e+00  0.00000000e+00  0.00000000e+00  0.00000000e+00
  0.00000000e+00  0.00000000e+00  0.00000000e+00  0.00000000e+00
  0.00000000e+00  0.00000000e+00  0.00000000e+00  0.00000000e+00
  0.00000000e+00  0.00000000e+00  0.00000000e+00  0.00000000e+00
  0.00000000e+00  0.00000000e+00  0.00000000e+00  0.00000000e+00
  0.00000000e+00  0.00000000e+00  0.00000000e+00  0.00000000e+00
  0.00000000e+00  0.00000000e+00  0.00000000e+00  0.00000000e+00
  0.00000000e+00  0.00000000e+00  0.00000000e+00  0.00000000e+00
  0.00000000e+00  0.00000000e+00  0.00000000e+00  0.00000000e+00
  0.00000000e+00  0.00000000e+00  0.00000000e+00  0.00000000e+00
  0.00000000e+00  0.00000000e+00  0.00000000e+00  0.00000000e+00
  0.00000000e+00  0.00000000e+00  0.00000000e+00  0.00000000e+00
  0.00000000e+00]

Diff = 
[5.45695046e-06 1.58700462e-03 1.83141875e-03 1.15329517e-05
 2.10185603e-03 1.49899313e-03 6.80198641e-06 6.57981418e-04
 1.40237474e-03 1.39676254e-05 1.47201229e-03 2.53118374e-03
 1.05139747e-05 2.67364468e-03 2.42643731e-03 1.87124969e-05
 1.22895218e-03 5.10659967e-04 3.76080360e-04 9.92852193e-05
 1.59831680e-03 2.38577857e-03 2.43682126e-03 4.56498202e-04
 1.82465236e-03 2.25441881e-04 2.23546245e-03 1.17481188e-04
 6.55691311e-04 2.09506586e-03 6.96512028e-04 4.86019870e-04
 1.92610025e-05 1.57071463e-03 7.70626178e-04 6.20185604e-04
 3.54652083e-04 2.66664485e-04 7.99276732e-04 8.74527868e-04
 1.49673744e-03 1.44653392e-03 3.07261986e-01 1.58540809e-01
 1.46507495e-01 1.51199694e-01 1.56032928e-01 1.52827487e-01
 1.34972102e-01 2.76215120e-01 1.37958807e-01 1.35573478e-01
 1.36951863e-01 1.38954650e-01 1.36092593e-01 1.17507562e-01
 2.97592536e-01 1.54598628e-01 1.46272626e-01 1.52379440e-01
 1.42062490e-01 1.42962762e-01 1.22479417e-01 2.98245790e-01
 1.51140633e-01 1.45330422e-01 1.49993570e-01 1.62729805e-01
 1.51427410e-01 1.39013587e-01 2.87872738e-01 1.51235418e-01
 1.42776008e-01 1.44239713e-01 1.37821576e-01 1.37887023e-01
 1.21407918e-01 3.75044695e-03 6.46684434e-04 1.29952681e-03
 1.79817234e-03 1.34119017e-03 1.95875975e-03 3.17379513e-03
 3.24522143e-06 4.74730785e-05 9.52071012e-04 3.85194628e-03
 1.50620395e-02 5.46455122e-03 6.97658000e-03 7.42482447e-03
 5.38786061e-03 8.55728146e-03 1.00326334e-02 1.83596622e-02
 1.13030222e-02 1.04103336e-02 9.27313226e-03 5.52378540e-03
 8.12654694e-03 1.00522374e-02 3.09257287e-01 1.57100022e-01
 1.52507665e-01 1.43174495e-01 1.54246177e-01 1.54586018e-01
 1.45853240e-01 2.84193208e-01 1.47947003e-01 1.35120007e-01
 1.29298829e-01 1.39178473e-01 1.42354816e-01 1.36787181e-01
 2.54730560e-01 1.28573234e-01 1.21974740e-01 1.12720074e-01
 1.22441120e-01 1.25447739e-01 1.18608013e-01 2.96409033e-01
 1.53322639e-01 1.40249442e-01 1.36083261e-01 1.48864317e-01
 1.50482292e-01 1.38911736e-01 3.05213011e-01 1.58231314e-01
 1.48216160e-01 1.38863858e-01 1.53911907e-01 1.53223427e-01
 1.42524109e-01]

 Iteration 500:
############################
Gradient = 
[-3.24734792e-06  1.51399184e-03  1.76872129e-03 -1.09703811e-05
 -2.02368165e-03  1.46528421e-03 -6.81919194e-06 -6.18389835e-04
  1.37438609e-03 -1.52829964e-05  1.41467817e-03  2.46079976e-03
 -1.21546533e-05 -2.60178638e-03  2.35289830e-03 -2.12716174e-05
  1.16853120e-03 -5.12533454e-04 -3.40709129e-04 -6.72070386e-05
  1.56555881e-03  2.33741233e-03  2.39985284e-03 -4.33974995e-04
 -1.75107399e-03  4.74669844e-04 -2.03880159e-03 -7.68014869e-06
 -5.23747701e-04 -1.90317343e-03  7.76616352e-04 -3.43695780e-04
 -6.65496123e-05  1.48172945e-03 -7.93304822e-04 -6.45991113e-04
 -3.91195726e-04 -3.03258972e-04  7.36152105e-04 -8.33752728e-04
 -1.42924461e-03  1.42281658e-03  1.69489014e-04 -1.38084032e-03
  2.31590580e-03  2.31193568e-03 -2.09927732e-04 -1.91254910e-03
 -1.63303801e-03 -1.37005318e-03  2.48778352e-03 -2.49482498e-03
  2.20697319e-04  2.57879991e-04 -1.22555335e-03  1.36391741e-03
  1.88503472e-03 -1.43465740e-03 -1.20984225e-03 -2.63955179e-03
  9.66989621e-03  4.04128723e-03  7.42139108e-03  7.76613013e-03
  5.33802251e-03  2.96112851e-03  2.97768398e-03 -7.47881474e-03
 -1.20267298e-03 -6.09288812e-03 -3.53414757e-03 -5.87481906e-03
 -5.03263036e-03 -2.25998658e-03  6.05885880e-03  1.53034512e-03
  1.63822568e-03  3.69741860e-04 -1.48687212e-03 -5.55871744e-04
 -2.73083701e-04 -3.50623837e-03 -1.33264076e-04 -5.11121143e-03
 -3.28024385e-04 -9.76992151e-06 -1.12609126e-03 -3.84883637e-03
 -1.50590718e-02 -5.25545090e-03 -6.81048689e-03 -7.34413461e-03
 -5.59047542e-03 -8.61432270e-03 -1.00934640e-02 -1.84188239e-02
 -1.12807622e-02 -1.04338446e-02 -9.29733748e-03 -5.44177890e-03
 -8.16645492e-03 -9.92209328e-03  3.09226862e-01  1.57131392e-01
  1.52488391e-01  1.42352641e-01  1.53757999e-01  1.55079047e-01
  1.46245638e-01  2.84467174e-01  1.48000797e-01  1.35407947e-01
  1.28745025e-01  1.38865702e-01  1.42942480e-01  1.37194178e-01
  2.52359056e-01  1.27409316e-01  1.20929964e-01  1.11139449e-01
  1.20548275e-01  1.24474676e-01  1.17513628e-01  2.94887650e-01
  1.52365385e-01  1.39487300e-01  1.34599575e-01  1.47908928e-01
  1.50176981e-01  1.38730805e-01  3.06549559e-01  1.59114310e-01
  1.49111337e-01  1.38825483e-01  1.53897409e-01  1.54286847e-01
  1.43455199e-01]

Gradient approximate =
[-8.55510551e-06 -2.12632911e-05 -1.88285831e-06  1.04721565e-06
  9.69555769e-06  1.65940106e-05  5.33639799e-07  1.98058570e-05
  1.93030791e-05 -1.77627024e-06 -1.02502629e-05  1.35947409e-05
 -1.42525325e-06 -1.76258697e-05  6.99402536e-06 -2.90051760e-06
 -2.32972508e-05 -1.93846650e-05  5.80377701e-05  4.20450497e-05
  3.18068882e-05  4.26123137e-05  5.71903414e-05  1.83939686e-05
  2.55953503e-05  2.54752961e-04  1.31087527e-04  1.11503318e-04
  1.16732242e-04  1.30968925e-04  1.08263207e-04  1.34174980e-04
 -6.51113230e-05 -2.67372724e-05 -3.96693522e-05 -3.75218367e-05
 -3.81614962e-05 -3.71949493e-05 -2.71859180e-05  7.12462356e-05
  3.36131900e-05  4.12051659e-05  3.07542116e-01  1.57175293e-01
  1.49034930e-01  1.53677282e-01  1.55878077e-01  1.50875464e-01
  1.32106718e-01  2.75350780e-01  1.40814666e-01  1.33329609e-01
  1.37484953e-01  1.39520916e-01  1.35087396e-01  1.18062610e-01
  2.99578495e-01  1.53137576e-01  1.45117169e-01  1.49698831e-01
  1.51641395e-01  1.46899528e-01  1.28761111e-01  3.06061571e-01
  1.56427518e-01  1.48252653e-01  1.52896176e-01  1.54966900e-01
  1.50146220e-01  1.31496834e-01  2.84430029e-01  1.45339166e-01
  1.37741077e-01  1.42034626e-01  1.44054365e-01  1.39493545e-01
  1.21996068e-01 -3.30884846e-03 -1.71888844e-03 -1.63828500e-03
 -1.73444815e-03 -1.65754648e-03 -1.62223519e-03 -1.55880687e-03
  0.00000000e+00  0.00000000e+00  0.00000000e+00  0.00000000e+00
  0.00000000e+00  0.00000000e+00  0.00000000e+00  0.00000000e+00
  0.00000000e+00  0.00000000e+00  0.00000000e+00  0.00000000e+00
  0.00000000e+00  0.00000000e+00  0.00000000e+00  0.00000000e+00
  0.00000000e+00  0.00000000e+00  0.00000000e+00  0.00000000e+00
  0.00000000e+00  0.00000000e+00  0.00000000e+00  0.00000000e+00
  0.00000000e+00  0.00000000e+00  0.00000000e+00  0.00000000e+00
  0.00000000e+00  0.00000000e+00  0.00000000e+00  0.00000000e+00
  0.00000000e+00  0.00000000e+00  0.00000000e+00  0.00000000e+00
  0.00000000e+00  0.00000000e+00  0.00000000e+00  0.00000000e+00
  0.00000000e+00  0.00000000e+00  0.00000000e+00  0.00000000e+00
  0.00000000e+00  0.00000000e+00  0.00000000e+00  0.00000000e+00
  0.00000000e+00  0.00000000e+00  0.00000000e+00  0.00000000e+00
  0.00000000e+00]

Diff = 
[5.30775760e-06 1.53525513e-03 1.77060414e-03 1.20175967e-05
 2.03337721e-03 1.44869020e-03 7.35283174e-06 6.38195692e-04
 1.35508301e-03 1.35067262e-05 1.42492844e-03 2.44720502e-03
 1.07294000e-05 2.58416051e-03 2.34590428e-03 1.83710998e-05
 1.19182845e-03 4.93148789e-04 3.98746899e-04 1.09252088e-04
 1.53375192e-03 2.29480001e-03 2.34266250e-03 4.52368964e-04
 1.77666935e-03 2.19916883e-04 2.16988911e-03 1.19183466e-04
 6.40479943e-04 2.03414236e-03 6.68353145e-04 4.77870760e-04
 1.43828932e-06 1.50846673e-03 7.53635470e-04 6.08469276e-04
 3.53034230e-04 2.66064023e-04 7.63338023e-04 9.04998964e-04
 1.46285780e-03 1.38161141e-03 3.07372627e-01 1.58556133e-01
 1.46719024e-01 1.51365347e-01 1.56088005e-01 1.52788013e-01
 1.33739756e-01 2.76720833e-01 1.38326882e-01 1.35824434e-01
 1.37264256e-01 1.39263036e-01 1.36312949e-01 1.16698692e-01
 2.97693460e-01 1.54572233e-01 1.46327011e-01 1.52338382e-01
 1.41971499e-01 1.42858241e-01 1.21339720e-01 2.98295441e-01
 1.51089495e-01 1.45291524e-01 1.49918492e-01 1.62445715e-01
 1.51348893e-01 1.37589722e-01 2.87964176e-01 1.51213985e-01
 1.42773708e-01 1.44294613e-01 1.37995506e-01 1.37963199e-01
 1.20357842e-01 3.67859032e-03 2.32016320e-04 1.08241326e-03
 1.46136445e-03 1.84869190e-03 1.48897111e-03 3.55240456e-03
 3.28024385e-04 9.76992151e-06 1.12609126e-03 3.84883637e-03
 1.50590718e-02 5.25545090e-03 6.81048689e-03 7.34413461e-03
 5.59047542e-03 8.61432270e-03 1.00934640e-02 1.84188239e-02
 1.12807622e-02 1.04338446e-02 9.29733748e-03 5.44177890e-03
 8.16645492e-03 9.92209328e-03 3.09226862e-01 1.57131392e-01
 1.52488391e-01 1.42352641e-01 1.53757999e-01 1.55079047e-01
 1.46245638e-01 2.84467174e-01 1.48000797e-01 1.35407947e-01
 1.28745025e-01 1.38865702e-01 1.42942480e-01 1.37194178e-01
 2.52359056e-01 1.27409316e-01 1.20929964e-01 1.11139449e-01
 1.20548275e-01 1.24474676e-01 1.17513628e-01 2.94887650e-01
 1.52365385e-01 1.39487300e-01 1.34599575e-01 1.47908928e-01
 1.50176981e-01 1.38730805e-01 3.06549559e-01 1.59114310e-01
 1.49111337e-01 1.38825483e-01 1.53897409e-01 1.54286847e-01
 1.43455199e-01]

 Iteration 600:
############################
Gradient = 
[-2.71150099e-06  1.46528708e-03  1.71033325e-03 -1.12552619e-05
 -1.95727383e-03  1.41620969e-03 -7.11617206e-06 -5.99440894e-04
  1.32801619e-03 -1.46678415e-05  1.37057709e-03  2.37938001e-03
 -1.21367051e-05 -2.51420771e-03  2.27520941e-03 -2.07410390e-05
  1.13451242e-03 -4.94264365e-04 -3.54436123e-04 -7.21170363e-05
  1.50683962e-03  2.25315018e-03  2.31305168e-03 -4.26125004e-04
 -1.69979625e-03  4.57554861e-04 -1.98137194e-03 -1.41380645e-05
 -5.14184432e-04 -1.85019410e-03  7.44811609e-04 -3.41836251e-04
 -7.62826781e-05  1.42780597e-03 -7.71866138e-04 -6.29235150e-04
 -3.82895056e-04 -2.97937682e-04  7.06976847e-04 -8.59989347e-04
 -1.39354608e-03  1.36151411e-03  1.51088912e-04 -1.34655505e-03
  2.22518504e-03  2.22296901e-03 -2.16042889e-04 -1.85148770e-03
 -1.58248529e-03 -1.32765381e-03  2.40282750e-03 -2.41570670e-03
  2.10750388e-04  2.40258201e-04 -1.19547282e-03  1.31143268e-03
  1.81423117e-03 -1.39766455e-03 -1.17630649e-03 -2.56165098e-03
  9.77843366e-03  4.13887091e-03  7.40334493e-03  7.74502083e-03
  5.39932639e-03  3.08241919e-03  3.08735488e-03 -7.18226402e-03
 -1.13080206e-03 -5.86728162e-03 -3.38776447e-03 -5.73340274e-03
 -4.85027058e-03 -2.16924953e-03  6.00911963e-03  1.55008837e-03
  1.65828833e-03  4.30848595e-04 -1.83941472e-03 -7.16407883e-04
 -5.42785697e-04 -3.96921078e-03 -5.49719642e-04 -5.44305029e-03
 -6.69573566e-04  5.21492973e-06 -1.31543354e-03 -3.86549371e-03
 -1.50728034e-02 -5.06019677e-03 -6.65864655e-03 -7.27543731e-03
 -5.80026891e-03 -8.68029421e-03 -1.01627125e-02 -1.84893701e-02
 -1.12530241e-02 -1.04574054e-02 -9.31867428e-03 -5.35053196e-03
 -8.19816834e-03 -9.78612933e-03  3.09206215e-01  1.57169492e-01
  1.52476233e-01  1.41529929e-01  1.53242791e-01  1.55546623e-01
  1.46711253e-01  2.84742650e-01  1.48061023e-01  1.35693353e-01
  1.28183277e-01  1.38523612e-01  1.43504674e-01  1.37669036e-01
  2.49963291e-01  1.26234172e-01  1.19870479e-01  1.09549741e-01
  1.18620683e-01  1.23456274e-01  1.16459596e-01  2.93256478e-01
  1.51352693e-01  1.38666260e-01  1.33062003e-01  1.46863112e-01
  1.49782161e-01  1.38552723e-01  3.07790984e-01  1.59946757e-01
  1.49954048e-01  1.38726681e-01  1.53800998e-01  1.55276840e-01
  1.44412894e-01]

Gradient approximate =
[-7.89555532e-06 -1.97568806e-05 -1.47321932e-06  1.25131461e-06
  9.78672698e-06  1.61525704e-05  7.79722953e-07  1.94743932e-05
  1.86338101e-05 -1.57319047e-06 -8.50263193e-06  1.33881528e-05
 -1.19776189e-06 -1.65218528e-05  7.18200388e-06 -2.65537370e-06
 -2.10406981e-05 -1.79622939e-05  6.68613342e-05  4.67967110e-05
  3.56289909e-05  4.63928806e-05  6.14344642e-05  2.23625674e-05
  3.05642356e-05  2.41670182e-04  1.23983717e-04  1.05883760e-04
  1.10684681e-04  1.23913653e-04  1.02938398e-04  1.27101345e-04
 -5.45607248e-05 -2.05552442e-05 -3.46683704e-05 -3.21263105e-05
 -3.15106141e-05 -3.24693050e-05 -2.16451612e-05  7.84653786e-05
  3.82425647e-05  4.42208692e-05  3.07643265e-01  1.57234582e-01
  1.49157448e-01  1.53758390e-01  1.55934396e-01  1.50906984e-01
  1.30913298e-01  2.75891320e-01  1.41093101e-01  1.33658123e-01
  1.37784616e-01  1.39809245e-01  1.35337730e-01  1.17178487e-01
  2.99618436e-01  1.53158895e-01  1.45211890e-01  1.49746649e-01
  1.51677879e-01  1.46908187e-01  1.27594364e-01  3.06100140e-01
  1.56449897e-01  1.48345565e-01  1.52943514e-01  1.55001556e-01
  1.50152114e-01  1.30294726e-01  2.84676647e-01  1.45469960e-01
  1.37929874e-01  1.42187948e-01  1.44193083e-01  1.39600443e-01
  1.20957922e-01 -3.16864982e-03 -1.64763190e-03 -1.57262021e-03
 -1.66273128e-03 -1.58917303e-03 -1.55531274e-03 -1.49599633e-03
  0.00000000e+00  0.00000000e+00  0.00000000e+00  0.00000000e+00
  0.00000000e+00  0.00000000e+00  0.00000000e+00  0.00000000e+00
  0.00000000e+00  0.00000000e+00  0.00000000e+00  0.00000000e+00
  0.00000000e+00  0.00000000e+00  0.00000000e+00  0.00000000e+00
  0.00000000e+00  0.00000000e+00  0.00000000e+00  0.00000000e+00
  0.00000000e+00  0.00000000e+00  0.00000000e+00  0.00000000e+00
  0.00000000e+00  0.00000000e+00  0.00000000e+00  0.00000000e+00
  0.00000000e+00  0.00000000e+00  0.00000000e+00  0.00000000e+00
  0.00000000e+00  0.00000000e+00  0.00000000e+00  0.00000000e+00
  0.00000000e+00  0.00000000e+00  0.00000000e+00  0.00000000e+00
  0.00000000e+00  0.00000000e+00  0.00000000e+00  0.00000000e+00
  0.00000000e+00  0.00000000e+00  0.00000000e+00  0.00000000e+00
  0.00000000e+00  0.00000000e+00  0.00000000e+00  0.00000000e+00
  0.00000000e+00]

Diff = 
[5.18405433e-06 1.48504396e-03 1.71180647e-03 1.25065765e-05
 1.96706056e-03 1.40005712e-03 7.89589501e-06 6.18915287e-04
 1.30938238e-03 1.30946510e-05 1.37907972e-03 2.36599186e-03
 1.09389432e-05 2.49768585e-03 2.26802741e-03 1.80856653e-05
 1.15555312e-03 4.76302071e-04 4.21297457e-04 1.18913747e-04
 1.47121063e-03 2.20675730e-03 2.25161722e-03 4.48487571e-04
 1.73036049e-03 2.15884679e-04 2.10535565e-03 1.20021824e-04
 6.24869114e-04 1.97410775e-03 6.41873211e-04 4.68937596e-04
 2.17219532e-05 1.44836122e-03 7.37197768e-04 5.97108840e-04
 3.51384442e-04 2.65468377e-04 7.28622008e-04 9.38454725e-04
 1.43178864e-03 1.31729324e-03 3.07492176e-01 1.58581137e-01
 1.46932263e-01 1.51535421e-01 1.56150439e-01 1.52758472e-01
 1.32495783e-01 2.77218973e-01 1.38690273e-01 1.36073830e-01
 1.37573866e-01 1.39568987e-01 1.36533202e-01 1.15867054e-01
 2.97804205e-01 1.54556559e-01 1.46388197e-01 1.52308300e-01
 1.41899445e-01 1.42769316e-01 1.20191019e-01 2.98355119e-01
 1.51050571e-01 1.45263146e-01 1.49856159e-01 1.62183820e-01
 1.51282916e-01 1.36162008e-01 2.88064412e-01 1.51203363e-01
 1.42780144e-01 1.44357197e-01 1.38183964e-01 1.38050354e-01
 1.19299634e-01 3.59949842e-03 1.91782815e-04 8.56212329e-04
 1.11994558e-03 2.38003775e-03 1.00559310e-03 3.94705396e-03
 6.69573566e-04 5.21492973e-06 1.31543354e-03 3.86549371e-03
 1.50728034e-02 5.06019677e-03 6.65864655e-03 7.27543731e-03
 5.80026891e-03 8.68029421e-03 1.01627125e-02 1.84893701e-02
 1.12530241e-02 1.04574054e-02 9.31867428e-03 5.35053196e-03
 8.19816834e-03 9.78612933e-03 3.09206215e-01 1.57169492e-01
 1.52476233e-01 1.41529929e-01 1.53242791e-01 1.55546623e-01
 1.46711253e-01 2.84742650e-01 1.48061023e-01 1.35693353e-01
 1.28183277e-01 1.38523612e-01 1.43504674e-01 1.37669036e-01
 2.49963291e-01 1.26234172e-01 1.19870479e-01 1.09549741e-01
 1.18620683e-01 1.23456274e-01 1.16459596e-01 2.93256478e-01
 1.51352693e-01 1.38666260e-01 1.33062003e-01 1.46863112e-01
 1.49782161e-01 1.38552723e-01 3.07790984e-01 1.59946757e-01
 1.49954048e-01 1.38726681e-01 1.53800998e-01 1.55276840e-01
 1.44412894e-01]

 Iteration 700:
############################
Gradient = 
[-2.19615013e-06  1.41800645e-03  1.65386259e-03 -1.15852294e-05
 -1.89304605e-03  1.36874362e-03 -7.45073920e-06 -5.81046372e-04
  1.28319727e-03 -1.41117968e-05  1.32756139e-03  2.30063056e-03
 -1.21392860e-05 -2.42963321e-03  2.20004376e-03 -2.02759692e-05
  1.10116450e-03 -4.76738352e-04 -3.69173517e-04 -7.73862956e-05
  1.44962286e-03  2.17122203e-03  2.22862045e-03 -4.18947928e-04
 -1.65074846e-03  4.42374944e-04 -1.92471625e-03 -1.95887833e-05
 -5.04043824e-04 -1.79784745e-03  7.14788131e-04 -3.38982901e-04
 -8.65830260e-05  1.37532475e-03 -7.51361379e-04 -6.13297435e-04
 -3.75218159e-04 -2.92993792e-04  6.78451228e-04 -8.90208700e-04
 -1.36117839e-03  1.30040062e-03  1.31399261e-04 -1.31554377e-03
  2.13571665e-03  2.13491277e-03 -2.23522848e-04 -1.79322349e-03
 -1.53419659e-03 -1.28729906e-03  2.31992572e-03 -2.33975835e-03
  2.00404551e-04  2.20686600e-04 -1.16723627e-03  1.25959402e-03
  1.74480965e-03 -1.36273377e-03 -1.14497867e-03 -2.48721355e-03
  9.87662661e-03  4.23021391e-03  7.38319259e-03  7.72165987e-03
  5.45583559e-03  3.19669961e-03  3.19050070e-03 -6.90164065e-03
 -1.06465000e-03 -5.65179941e-03 -3.24935420e-03 -5.59961702e-03
 -4.67631388e-03 -2.08394309e-03  5.94757178e-03  1.56279564e-03
  1.67119672e-03  4.83394710e-04 -2.20132635e-03 -8.85929608e-04
 -8.17558629e-04 -4.45323044e-03 -9.78598352e-04 -5.78959125e-03
 -1.02564326e-03 -4.69549586e-08 -1.51799141e-03 -3.89977272e-03
 -1.51012674e-02 -4.87749322e-03 -6.51982028e-03 -7.21751720e-03
 -6.01586868e-03 -8.75400994e-03 -1.02392571e-02 -1.85699419e-02
 -1.12187684e-02 -1.04800447e-02 -9.33624930e-03 -5.24864289e-03
 -8.22058312e-03 -9.64323239e-03  3.09196419e-01  1.57215367e-01
  1.52471950e-01  1.40707694e-01  1.52703255e-01  1.55991971e-01
  1.47254468e-01  2.85020263e-01  1.48128289e-01  1.35976889e-01
  1.27614717e-01  1.38154502e-01  1.44044047e-01  1.38215702e-01
  2.47545502e-01  1.25049249e-01  1.18797666e-01  1.07953185e-01
  1.16662456e-01  1.22396488e-01  1.15448360e-01  2.91523278e-01
  1.50289017e-01  1.37790531e-01  1.31476058e-01  1.45734359e-01
  1.49304389e-01  1.38383561e-01  3.08945549e-01  1.60733559e-01
  1.50748788e-01  1.38572855e-01  1.53629441e-01  1.56199683e-01
  1.45405647e-01]

Gradient approximate =
[-7.28211935e-06 -1.83344984e-05 -1.09588560e-06  1.41616274e-06
  9.80582948e-06  1.57057012e-05  9.83408910e-07  1.90968041e-05
  1.79800019e-05 -1.38415057e-06 -6.90195012e-06  1.31773081e-05
 -9.96640548e-07 -1.55108815e-05  7.32376604e-06 -2.42552201e-06
 -1.89669636e-05 -1.66481517e-05  7.45427720e-05  5.08657716e-05
  3.89751453e-05  4.96453434e-05  6.50110743e-05  2.58783550e-05
  3.48920226e-05  2.29158024e-04  1.17203645e-04  1.00493771e-04
  1.04897062e-04  1.17177286e-04  9.78235604e-05  1.20346508e-04
 -4.50173387e-05 -1.50328794e-05 -3.00914893e-05 -2.72313372e-05
 -2.55445509e-05 -2.81394508e-05 -1.66685132e-05  8.47262216e-05
  4.22555635e-05  4.68460781e-05  3.07753849e-01  1.57301516e-01
  1.49284165e-01  1.53846178e-01  1.55997988e-01  1.50946697e-01
  1.29708438e-01  2.76423782e-01  1.41370206e-01  1.33982847e-01
  1.38082258e-01  1.40094478e-01  1.35587124e-01  1.16274620e-01
  2.99671021e-01  1.53189958e-01  1.45312127e-01  1.49802984e-01
  1.51722400e-01  1.46926130e-01  1.26417991e-01  3.06147002e-01
  1.56479885e-01  1.48442077e-01  1.52997291e-01  1.55042183e-01
  1.50165083e-01  1.29080244e-01  2.84924758e-01  1.45604319e-01
  1.38119285e-01  1.42344029e-01  1.44334004e-01  1.39711276e-01
  1.19905849e-01 -3.03026338e-03 -1.57752903e-03 -1.50759915e-03
 -1.59203442e-03 -1.52172262e-03 -1.48919974e-03 -1.43383833e-03
  0.00000000e+00  0.00000000e+00  0.00000000e+00  0.00000000e+00
  0.00000000e+00  0.00000000e+00  0.00000000e+00  0.00000000e+00
  0.00000000e+00  0.00000000e+00  0.00000000e+00  0.00000000e+00
  0.00000000e+00  0.00000000e+00  0.00000000e+00  0.00000000e+00
  0.00000000e+00  0.00000000e+00  0.00000000e+00  0.00000000e+00
  0.00000000e+00  0.00000000e+00  0.00000000e+00  0.00000000e+00
  0.00000000e+00  0.00000000e+00  0.00000000e+00  0.00000000e+00
  0.00000000e+00  0.00000000e+00  0.00000000e+00  0.00000000e+00
  0.00000000e+00  0.00000000e+00  0.00000000e+00  0.00000000e+00
  0.00000000e+00  0.00000000e+00  0.00000000e+00  0.00000000e+00
  0.00000000e+00  0.00000000e+00  0.00000000e+00  0.00000000e+00
  0.00000000e+00  0.00000000e+00  0.00000000e+00  0.00000000e+00
  0.00000000e+00  0.00000000e+00  0.00000000e+00  0.00000000e+00
  0.00000000e+00]

Diff = 
[5.08596922e-06 1.43634095e-03 1.65495848e-03 1.30013922e-05
 1.90285188e-03 1.35303791e-03 8.43414811e-06 6.00143176e-04
 1.26521727e-03 1.27276462e-05 1.33446334e-03 2.28745325e-03
 1.11426455e-05 2.41412233e-03 2.19271999e-03 1.78504472e-05
 1.12013146e-03 4.60090200e-04 4.43716289e-04 1.28252067e-04
 1.41064772e-03 2.12157669e-03 2.16360937e-03 4.44826283e-04
 1.68564049e-03 2.13216920e-04 2.04191990e-03 1.20082554e-04
 6.08940886e-04 1.91502473e-03 6.16964570e-04 4.59329409e-04
 4.15656873e-05 1.39035763e-03 7.21269889e-04 5.86066098e-04
 3.49673608e-04 2.64854341e-04 6.95119742e-04 9.74934922e-04
 1.40343396e-03 1.25355455e-03 3.07622450e-01 1.58617059e-01
 1.47148448e-01 1.51711265e-01 1.56221511e-01 1.52739920e-01
 1.31242635e-01 2.77711081e-01 1.39050280e-01 1.36322605e-01
 1.37881853e-01 1.39873791e-01 1.36754360e-01 1.15015026e-01
 2.97926211e-01 1.54552692e-01 1.46457105e-01 1.52290198e-01
 1.41845773e-01 1.42695917e-01 1.19034798e-01 2.98425342e-01
 1.51024049e-01 1.45245377e-01 1.49806790e-01 1.61943824e-01
 1.51229733e-01 1.34732044e-01 2.88174112e-01 1.51203936e-01
 1.42795599e-01 1.44427972e-01 1.38386432e-01 1.38148480e-01
 1.18234652e-01 3.51365809e-03 6.23797319e-04 6.21669540e-04
 7.74475793e-04 2.93150782e-03 5.10601392e-04 4.35575292e-03
 1.02564326e-03 4.69549586e-08 1.51799141e-03 3.89977272e-03
 1.51012674e-02 4.87749322e-03 6.51982028e-03 7.21751720e-03
 6.01586868e-03 8.75400994e-03 1.02392571e-02 1.85699419e-02
 1.12187684e-02 1.04800447e-02 9.33624930e-03 5.24864289e-03
 8.22058312e-03 9.64323239e-03 3.09196419e-01 1.57215367e-01
 1.52471950e-01 1.40707694e-01 1.52703255e-01 1.55991971e-01
 1.47254468e-01 2.85020263e-01 1.48128289e-01 1.35976889e-01
 1.27614717e-01 1.38154502e-01 1.44044047e-01 1.38215702e-01
 2.47545502e-01 1.25049249e-01 1.18797666e-01 1.07953185e-01
 1.16662456e-01 1.22396488e-01 1.15448360e-01 2.91523278e-01
 1.50289017e-01 1.37790531e-01 1.31476058e-01 1.45734359e-01
 1.49304389e-01 1.38383561e-01 3.08945549e-01 1.60733559e-01
 1.50748788e-01 1.38572855e-01 1.53629441e-01 1.56199683e-01
 1.45405647e-01]

 Iteration 800:
############################
Gradient = 
[-1.69802589e-06  1.37212588e-03  1.59924749e-03 -1.19574226e-05
 -1.83093514e-03  1.32283400e-03 -7.82135905e-06 -5.63201478e-04
  1.23987545e-03 -1.36118179e-05  1.28563235e-03  2.22446315e-03
 -1.21595931e-05 -2.34795620e-03  2.12732329e-03 -1.98699636e-05
  1.06850803e-03 -4.59917687e-04 -3.84896135e-04 -8.29838775e-05
  1.39386240e-03  2.09155977e-03  2.14649901e-03 -4.12420299e-04
 -1.60383894e-03  4.28940547e-04 -1.86892274e-03 -2.41417099e-05
 -4.93432839e-04 -1.74622598e-03  6.86417592e-04 -3.35273125e-04
 -9.73968694e-05  1.32427604e-03 -7.31742265e-04 -5.98126366e-04
 -3.68105833e-04 -2.88400081e-04  6.50586364e-04 -9.24394584e-04
 -1.33200697e-03  1.23947020e-03  1.10471798e-04 -1.28767210e-03
  2.04745876e-03  2.04775015e-03 -2.32501828e-04 -1.73772498e-03
 -1.48816841e-03 -1.24898655e-03  2.23894938e-03 -2.26694520e-03
  1.89610100e-04  1.98955461e-04 -1.14090519e-03  1.20829773e-03
  1.67662921e-03 -1.32991797e-03 -1.11585909e-03 -2.41624089e-03
  9.96587407e-03  4.31615917e-03  7.36156049e-03  7.69674296e-03
  5.50833455e-03  3.30473966e-03  3.28785810e-03 -6.63577974e-03
 -1.00364781e-03 -5.44578846e-03 -3.11829180e-03 -5.47279389e-03
 -4.51016680e-03 -2.00357611e-03  5.87559226e-03  1.56924719e-03
  1.67769598e-03  5.28204766e-04 -2.57157111e-03 -1.06358158e-03
 -1.09669225e-03 -4.95466197e-03 -1.41791377e-03 -6.14883358e-03
 -1.39415096e-03 -2.32651096e-05 -1.73180472e-03 -3.94967079e-03
 -1.51426430e-02 -4.70614724e-03 -6.39285751e-03 -7.16925240e-03
 -6.23602435e-03 -8.83437999e-03 -1.03220668e-02 -1.86592031e-02
 -1.11770067e-02 -1.05008292e-02 -9.34920667e-03 -5.13484838e-03
 -8.23267592e-03 -9.49236822e-03  3.09198576e-01  1.57270075e-01
  1.52476338e-01  1.39887162e-01  1.52141871e-01  1.56418096e-01
  1.47879250e-01  2.85300723e-01  1.48203253e-01  1.36259284e-01
  1.27040410e-01  1.37760512e-01  1.44563091e-01  1.38837768e-01
  2.45107547e-01  1.23855786e-01  1.17712735e-01  1.06351714e-01
  1.14677220e-01  1.21298808e-01  1.14481665e-01  2.89695123e-01
  1.49178418e-01  1.36863983e-01  1.29846740e-01  1.44529532e-01
  1.48749669e-01  1.38228435e-01  3.10020731e-01  1.61479202e-01
  1.51499689e-01  1.38368882e-01  1.53388877e-01  1.57061113e-01
  1.46441038e-01]

Gradient approximate =
[-6.71037004e-06 -1.69856307e-05 -7.46713802e-07  1.54578128e-06
  9.76078773e-06  1.52552815e-05  1.14887211e-06  1.86779792e-05
  1.73412817e-05 -1.20857546e-06 -5.43823653e-06  1.29623001e-05
 -8.18758394e-07 -1.45813273e-05  7.42552242e-06 -2.20936824e-06
 -1.70567982e-05 -1.54318958e-05  8.10953438e-05  5.42686762e-05
  4.18443036e-05  5.23749111e-05  6.79366696e-05  2.89393531e-05
  3.85906551e-05  2.17143348e-04  1.10705645e-04  9.53022128e-05
  9.93351912e-05  1.10718985e-04  9.28903310e-05  1.13870364e-04
 -3.64485886e-05 -1.01382169e-05 -2.59308264e-05 -2.28201902e-05
 -2.02293204e-05 -2.41987319e-05 -1.22334609e-05  9.00623931e-05
  4.56823801e-05  4.90896546e-05  3.07875760e-01  1.57377477e-01
  1.49416305e-01  1.53941993e-01  1.56070021e-01  1.50995735e-01
  1.28494379e-01  2.76949767e-01  1.41647175e-01  1.34304805e-01
  1.38379021e-01  1.40377704e-01  1.35836560e-01  1.15353100e-01
  2.99737552e-01  1.53231788e-01  1.45418821e-01  1.49868839e-01
  1.51775916e-01  1.46954232e-01  1.25233937e-01  3.06203510e-01
  1.56518544e-01  1.48543158e-01  1.53058558e-01  1.55089742e-01
  1.50186041e-01  1.27855480e-01  2.85175779e-01  1.45743354e-01
  1.38310271e-01  1.42503937e-01  1.44478128e-01  1.39826939e-01
  1.18841826e-01 -2.89330691e-03 -1.50836850e-03 -1.44304709e-03
 -1.52215098e-03 -1.45500684e-03 -1.42370931e-03 -1.37216971e-03
  0.00000000e+00  0.00000000e+00  0.00000000e+00  0.00000000e+00
  0.00000000e+00  0.00000000e+00  0.00000000e+00  0.00000000e+00
  0.00000000e+00  0.00000000e+00  0.00000000e+00  0.00000000e+00
  0.00000000e+00  0.00000000e+00  0.00000000e+00  0.00000000e+00
  0.00000000e+00  0.00000000e+00  0.00000000e+00  0.00000000e+00
  0.00000000e+00  0.00000000e+00  0.00000000e+00  0.00000000e+00
  0.00000000e+00  0.00000000e+00  0.00000000e+00  0.00000000e+00
  0.00000000e+00  0.00000000e+00  0.00000000e+00  0.00000000e+00
  0.00000000e+00  0.00000000e+00  0.00000000e+00  0.00000000e+00
  0.00000000e+00  0.00000000e+00  0.00000000e+00  0.00000000e+00
  0.00000000e+00  0.00000000e+00  0.00000000e+00  0.00000000e+00
  0.00000000e+00  0.00000000e+00  0.00000000e+00  0.00000000e+00
  0.00000000e+00  0.00000000e+00  0.00000000e+00  0.00000000e+00
  0.00000000e+00]

Diff = 
[5.01234415e-06 1.38911151e-03 1.59999420e-03 1.35032039e-05
 1.84069592e-03 1.30757872e-03 8.97023116e-06 5.81879457e-04
 1.22253417e-03 1.24032424e-05 1.29107059e-03 2.21150085e-03
 1.13408347e-05 2.33337487e-03 2.11989777e-03 1.76605953e-05
 1.08556483e-03 4.44485791e-04 4.65991478e-04 1.37252554e-04
 1.35201810e-03 2.03918486e-03 2.07856234e-03 4.41359653e-04
 1.64242960e-03 2.11797199e-04 1.97962838e-03 1.19443923e-04
 5.92768030e-04 1.85694496e-03 5.93527261e-04 4.49143489e-04
 6.09482808e-05 1.33441425e-03 7.05811439e-04 5.75306176e-04
 3.47876513e-04 2.64201349e-04 6.62819825e-04 1.01445698e-03
 1.37768935e-03 1.19038054e-03 3.07765288e-01 1.58665149e-01
 1.47368846e-01 1.51894243e-01 1.56302523e-01 1.52733460e-01
 1.29982548e-01 2.78198754e-01 1.39408226e-01 1.36571751e-01
 1.38189411e-01 1.40178748e-01 1.36977465e-01 1.14144802e-01
 2.98060923e-01 1.54561706e-01 1.46534680e-01 1.52285080e-01
 1.41810042e-01 1.42638073e-01 1.17872377e-01 2.98506767e-01
 1.51010210e-01 1.45238418e-01 1.49770700e-01 1.61725522e-01
 1.51189689e-01 1.33301268e-01 2.88294071e-01 1.51216148e-01
 1.42820438e-01 1.44507513e-01 1.38602536e-01 1.38257692e-01
 1.17164130e-01 3.42151167e-03 1.06320261e-03 3.79465509e-04
 4.25458730e-04 3.49965513e-03 5.79554212e-06 4.77666387e-03
 1.39415096e-03 2.32651096e-05 1.73180472e-03 3.94967079e-03
 1.51426430e-02 4.70614724e-03 6.39285751e-03 7.16925240e-03
 6.23602435e-03 8.83437999e-03 1.03220668e-02 1.86592031e-02
 1.11770067e-02 1.05008292e-02 9.34920667e-03 5.13484838e-03
 8.23267592e-03 9.49236822e-03 3.09198576e-01 1.57270075e-01
 1.52476338e-01 1.39887162e-01 1.52141871e-01 1.56418096e-01
 1.47879250e-01 2.85300723e-01 1.48203253e-01 1.36259284e-01
 1.27040410e-01 1.37760512e-01 1.44563091e-01 1.38837768e-01
 2.45107547e-01 1.23855786e-01 1.17712735e-01 1.06351714e-01
 1.14677220e-01 1.21298808e-01 1.14481665e-01 2.89695123e-01
 1.49178418e-01 1.36863983e-01 1.29846740e-01 1.44529532e-01
 1.48749669e-01 1.38228435e-01 3.10020731e-01 1.61479202e-01
 1.51499689e-01 1.38368882e-01 1.53388877e-01 1.57061113e-01
 1.46441038e-01]

 Iteration 900:
############################
Gradient = 
[-1.21536841e-06  1.32761649e-03  1.54642678e-03 -1.23691713e-05
 -1.77087815e-03  1.27843050e-03 -8.22663003e-06 -5.45899595e-04
  1.19799891e-03 -1.31658086e-05  1.24478594e-03  2.15079181e-03
 -1.21955171e-05 -2.26907472e-03  2.05697159e-03 -1.95177012e-05
  1.03655797e-03 -4.43767615e-04 -4.01586206e-04 -8.88843949e-05
  1.33951096e-03  2.01409426e-03  2.06662480e-03 -4.06521739e-04
 -1.55898329e-03  4.17075749e-04 -1.81406750e-03 -2.78980043e-05
 -4.82448701e-04 -1.69540996e-03  6.59579887e-04 -3.30831756e-04
 -1.08677700e-04  1.27464545e-03 -7.12964670e-04 -5.83675433e-04
 -3.61505869e-04 -2.84132480e-04  6.23388736e-04 -9.62515490e-04
 -1.30589429e-03  1.17872420e-03  8.83635338e-05 -1.26280293e-03
  1.96037759e-03  1.96147268e-03 -2.43103147e-04 -1.68495597e-03
 -1.44439200e-03 -1.21270874e-03  2.15977973e-03 -2.19722853e-03
  1.78324458e-04  1.74885543e-04 -1.11652042e-03  1.15745515e-03
  1.60956747e-03 -1.29924976e-03 -1.08893769e-03 -2.34871717e-03
  1.00474766e-02  4.39749098e-03  7.33903224e-03  7.67091440e-03
  5.55756091e-03  3.40726408e-03  3.38012144e-03 -6.38355613e-03
 -9.47246916e-04 -5.24861449e-03 -2.99397203e-03 -5.35227890e-03
 -4.35124965e-03 -1.92766910e-03  5.79447895e-03  1.57018077e-03
  1.67849571e-03  5.66061449e-04 -2.94920190e-03 -1.24857108e-03
 -1.37953164e-03 -5.47012958e-03 -1.86584493e-03 -6.51892043e-03
 -1.77317471e-03 -6.23239789e-05 -1.95505586e-03 -4.01332504e-03
 -1.51952512e-02 -4.54506524e-03 -6.27669381e-03 -7.12961188e-03
 -6.45960269e-03 -8.92040756e-03 -1.04101989e-02 -1.87558386e-02
 -1.11267983e-02 -1.05188620e-02 -9.35672542e-03 -5.00801377e-03
 -8.23349786e-03 -9.33257603e-03  3.09213802e-01  1.57334675e-01
  1.52490224e-01  1.39069447e-01  1.51560901e-01  1.56827779e-01
  1.48589179e-01  2.85584815e-01  1.48286612e-01  1.36541320e-01
  1.26461354e-01  1.37343624e-01  1.45064134e-01  1.39538501e-01
  2.42650938e-01  1.22654833e-01  1.16616736e-01  1.04746983e-01
  1.12668152e-01  1.20166288e-01  1.13560616e-01  2.87778415e-01
  1.48024568e-01  1.35890155e-01  1.28178548e-01  1.43254882e-01
  1.48123453e-01  1.38091552e-01  3.11023259e-01  1.62187762e-01
  1.52210530e-01  1.38119133e-01  1.53084828e-01  1.57866338e-01
  1.47525814e-01]

Gradient approximate =
[-6.17624840e-06 -1.57010382e-05 -4.21900292e-07  1.64391167e-06
  9.65886482e-06  1.48028123e-05  1.27989175e-06  1.82227500e-05
  1.67174563e-05 -1.04593667e-06 -4.10180556e-06  1.27437860e-05
 -6.61606325e-07 -1.37230405e-05  7.49287077e-06 -2.00545136e-06
 -1.52929780e-05 -1.43043200e-05  8.65291372e-05  5.70195557e-05
  4.42344206e-05  5.45852097e-05  7.02252878e-05  3.15424753e-05
  4.16700607e-05  2.05557065e-04  1.04450864e-04  9.02794639e-05
  9.39666833e-05  1.04500262e-04  8.81112361e-05  1.07635041e-04
 -2.88253799e-05 -5.84244875e-06 -2.21794738e-05 -1.88780236e-05
 -1.55345603e-05 -2.06417305e-05 -8.32017122e-06  9.45031586e-05
  4.85498197e-05  5.09589060e-05  3.08010904e-01  1.57463851e-01
  1.49555124e-01  1.54047193e-01  1.56151690e-01  1.51055266e-01
  1.27273156e-01  2.77470925e-01  1.41925225e-01  1.34625069e-01
  1.38676083e-01  1.40660049e-01  1.36087070e-01  1.14415849e-01
  2.99819342e-01  1.53285412e-01  1.45532942e-01  1.49945230e-01
  1.51839400e-01  1.46993393e-01  1.24043951e-01  3.06271094e-01
  1.56566978e-01  1.48649837e-01  1.53128411e-01  1.55145243e-01
  1.50215962e-01  1.26622349e-01  2.85431213e-01  1.45888218e-01
  1.38503853e-01  1.42668785e-01  1.44626511e-01  1.39948396e-01
  1.17767676e-01 -2.75739560e-03 -1.43993905e-03 -1.37878700e-03
 -1.45287385e-03 -1.38883412e-03 -1.35865278e-03 -1.31082404e-03
  0.00000000e+00  0.00000000e+00  0.00000000e+00  0.00000000e+00
  0.00000000e+00  0.00000000e+00  0.00000000e+00  0.00000000e+00
  0.00000000e+00  0.00000000e+00  0.00000000e+00  0.00000000e+00
  0.00000000e+00  0.00000000e+00  0.00000000e+00  0.00000000e+00
  0.00000000e+00  0.00000000e+00  0.00000000e+00  0.00000000e+00
  0.00000000e+00  0.00000000e+00  0.00000000e+00  0.00000000e+00
  0.00000000e+00  0.00000000e+00  0.00000000e+00  0.00000000e+00
  0.00000000e+00  0.00000000e+00  0.00000000e+00  0.00000000e+00
  0.00000000e+00  0.00000000e+00  0.00000000e+00  0.00000000e+00
  0.00000000e+00  0.00000000e+00  0.00000000e+00  0.00000000e+00
  0.00000000e+00  0.00000000e+00  0.00000000e+00  0.00000000e+00
  0.00000000e+00  0.00000000e+00  0.00000000e+00  0.00000000e+00
  0.00000000e+00  0.00000000e+00  0.00000000e+00  0.00000000e+00
  0.00000000e+00]

Diff = 
[4.96087999e-06 1.34331753e-03 1.54684869e-03 1.40130830e-05
 1.78053701e-03 1.26362769e-03 9.50652178e-06 5.64122345e-04
 1.18128145e-03 1.21198719e-05 1.24888774e-03 2.13804802e-03
 1.15339107e-05 2.25535168e-03 2.04947872e-03 1.75122498e-05
 1.05185094e-03 4.29463295e-04 4.88115344e-04 1.45903951e-04
 1.29527654e-03 1.95950905e-03 1.99639951e-03 4.38064215e-04
 1.60065335e-03 2.11518685e-04 1.91851836e-03 1.18177468e-04
 5.76415385e-04 1.79991022e-03 5.71468651e-04 4.38466796e-04
 7.98523197e-05 1.28048790e-03 6.90785196e-04 5.64797410e-04
 3.45971309e-04 2.63490749e-04 6.31708907e-04 1.05701865e-03
 1.35444411e-03 1.12776529e-03 3.07922540e-01 1.58726654e-01
 1.47594746e-01 1.52085721e-01 1.56394793e-01 1.52740222e-01
 1.28717548e-01 2.78683634e-01 1.39765445e-01 1.36822297e-01
 1.38497759e-01 1.40485164e-01 1.37203591e-01 1.13258394e-01
 2.98209775e-01 1.54584661e-01 1.46621880e-01 1.52293947e-01
 1.41791923e-01 1.42595902e-01 1.16704919e-01 2.98600180e-01
 1.51009417e-01 1.45242573e-01 1.49748289e-01 1.61528799e-01
 1.51163209e-01 1.31870964e-01 2.88425185e-01 1.51240497e-01
 1.42855102e-01 1.44596454e-01 1.38832032e-01 1.38378215e-01
 1.16089181e-01 3.32345705e-03 1.50926285e-03 1.30215921e-04
 7.33422099e-05 4.08129546e-03 5.07192155e-04 5.20809639e-03
 1.77317471e-03 6.23239789e-05 1.95505586e-03 4.01332504e-03
 1.51952512e-02 4.54506524e-03 6.27669381e-03 7.12961188e-03
 6.45960269e-03 8.92040756e-03 1.04101989e-02 1.87558386e-02
 1.11267983e-02 1.05188620e-02 9.35672542e-03 5.00801377e-03
 8.23349786e-03 9.33257603e-03 3.09213802e-01 1.57334675e-01
 1.52490224e-01 1.39069447e-01 1.51560901e-01 1.56827779e-01
 1.48589179e-01 2.85584815e-01 1.48286612e-01 1.36541320e-01
 1.26461354e-01 1.37343624e-01 1.45064134e-01 1.39538501e-01
 2.42650938e-01 1.22654833e-01 1.16616736e-01 1.04746983e-01
 1.12668152e-01 1.20166288e-01 1.13560616e-01 2.87778415e-01
 1.48024568e-01 1.35890155e-01 1.28178548e-01 1.43254882e-01
 1.48123453e-01 1.38091552e-01 3.11023259e-01 1.62187762e-01
 1.52210530e-01 1.38119133e-01 1.53084828e-01 1.57866338e-01
 1.47525814e-01]

 