Iteration 0:
############################
Gradient = 
[-0.00097499  0.0014372   0.00665282 -0.00553692 -0.03679635 -0.00750539
  0.00635206  0.01835202  0.00566589 -0.01873156 -0.07352258 -0.02136131
 -0.01270727 -0.03984919 -0.01644471  0.00938572  0.0426194   0.0100567
  0.30560812  0.14328946  0.18862297  0.16406954  0.16707685  0.14494957
  0.13745193  0.2932782   0.1392942   0.17216585  0.15584926  0.15653628
  0.13957802  0.13437998  0.30062941  0.14017216  0.17034522  0.15722734
  0.16007922  0.14424456  0.14516373  0.27708051  0.12808536  0.16462951
  0.14233004  0.1510251   0.13377211  0.1266094   0.27743363  0.13905654
  0.16008938  0.14378071  0.1481963   0.1345415   0.13154797]

Gradient approximate =
[-0.00097499  0.00316462  0.00380596 -0.00553692 -0.03955691 -0.0083986
  0.00635206  0.01813977  0.00342167 -0.01873156 -0.07459432 -0.02030485
 -0.01270727 -0.03881503 -0.01811528  0.00938572  0.04457243  0.00916925
  0.30560812  0.14294733  0.19130407  0.16382255  0.1686766   0.14640479
  0.13533083  0.2932782   0.13964848  0.17151959  0.15293771  0.15925242
  0.14202555  0.13621445  0.30062941  0.14345673  0.16995976  0.15404574
  0.16231551  0.1458211   0.14242045  0.27708051  0.1269872   0.16736831
  0.14392363  0.15320511  0.13125482  0.1241614   0.27743363  0.13707777
  0.158416    0.1459137   0.14810913  0.13730802  0.13276802]

Diff = 
[1.29769527e-11 1.72741716e-03 2.84686730e-03 8.31140018e-12
 2.76055642e-03 8.93212039e-04 1.43523301e-12 2.12250680e-04
 2.24421663e-03 2.13576171e-11 1.07174234e-03 1.05645876e-03
 6.47011385e-11 1.03415837e-03 1.67057194e-03 1.92680073e-12
 1.95303250e-03 8.87455440e-04 1.48159263e-13 3.42133339e-04
 2.68109885e-03 2.46993528e-04 1.59974591e-03 1.45521837e-03
 2.12110611e-03 9.70828973e-12 3.54283324e-04 6.46263770e-04
 2.91155343e-03 2.71613463e-03 2.44753553e-03 1.83446960e-03
 9.33503275e-12 3.28457453e-03 3.85460202e-04 3.18160428e-03
 2.23628083e-03 1.57653978e-03 2.74328875e-03 1.14634968e-11
 1.09816200e-03 2.73879897e-03 1.59358719e-03 2.18001163e-03
 2.51729263e-03 2.44800002e-03 2.49844589e-11 1.97877274e-03
 1.67337500e-03 2.13298763e-03 8.71694219e-05 2.76651816e-03
 1.22004901e-03]

 Iteration 100:
############################
Gradient = 
[-0.01876088 -0.06460202 -0.01451618 -0.02140982 -0.09192439 -0.02557788
 -0.01645067 -0.06774189 -0.02113932 -0.02761194 -0.10152556 -0.03078661
 -0.02484003 -0.08343837 -0.02974025 -0.01272357 -0.04028111 -0.01583311
  0.1462266   0.07763731  0.1107805   0.08909495  0.10455216  0.0872091
  0.06556661  0.14487574  0.07192388  0.09018884  0.08023673  0.08537462
  0.07529311  0.06507035  0.15020985  0.06881506  0.08359248  0.07776357
  0.08179517  0.0736565   0.07346381  0.13728587  0.06799612  0.09194421
  0.0741223   0.09011872  0.07821526  0.06226815  0.1391441   0.07375627
  0.0811015   0.07147915  0.07815297  0.07121015  0.06618435]

Gradient approximate =
[-0.01876088 -0.0644646  -0.01766068 -0.02140982 -0.09752382 -0.02723624
 -0.01645067 -0.06940927 -0.02383922 -0.02761194 -0.10613292 -0.03078986
 -0.02484003 -0.08499539 -0.03234966 -0.01272357 -0.03883323 -0.01698717
  0.1462266   0.08087524  0.11839101  0.09293776  0.11067262  0.09248574
  0.06668501  0.14487574  0.07571889  0.09385729  0.08115965  0.09210723
  0.08128204  0.07011705  0.15020985  0.07550758  0.08737195  0.07840409
  0.08803598  0.07882393  0.07426215  0.13728587  0.07008144  0.09890517
  0.07921622  0.09630859  0.07919034  0.06285075  0.1391441   0.07525903
  0.08339303  0.07711469  0.08182012  0.07737328  0.07060528]

Diff = 
[2.20033020e-11 1.37418825e-04 3.14449659e-03 3.23226688e-11
 5.59942362e-03 1.65836241e-03 2.10139579e-11 1.66738192e-03
 2.69990426e-03 1.67054738e-11 4.60736061e-03 3.25014374e-06
 1.52129941e-11 1.55702821e-03 2.60940390e-03 8.12784562e-12
 1.44787882e-03 1.15406041e-03 1.20760929e-10 3.23792843e-03
 7.61050417e-03 3.84280812e-03 6.12046238e-03 5.27664436e-03
 1.11839627e-03 1.31904876e-10 3.79501803e-03 3.66844814e-03
 9.22922390e-04 6.73260799e-03 5.98892556e-03 5.04670529e-03
 1.20595894e-10 6.69252138e-03 3.77947639e-03 6.40520322e-04
 6.24081030e-03 5.16743419e-03 7.98335172e-04 1.14517423e-10
 2.08532369e-03 6.96096191e-03 5.09392081e-03 6.18986876e-03
 9.75071762e-04 5.82599729e-04 1.20163879e-10 1.50276018e-03
 2.29153536e-03 5.63553716e-03 3.66714926e-03 6.16313505e-03
 4.42093068e-03]

 Iteration 200:
############################
Gradient = 
[-0.01293347 -0.03914277 -0.0072242  -0.01122267 -0.0488482  -0.01281348
 -0.0112136  -0.04435252 -0.01362786 -0.01508413 -0.04984613 -0.01512759
 -0.01530105 -0.04422539 -0.01704609 -0.00999591 -0.02613798 -0.01137658
  0.06038978  0.04040707  0.05906459  0.04812084  0.05619214  0.04756298
  0.03012698  0.06879581  0.03281412  0.03891787  0.0374827   0.03615244
  0.0330646   0.02906884  0.07526777  0.02733096  0.03210526  0.03282895
  0.03132771  0.0288699   0.03527557  0.06309609  0.03327856  0.0442433
  0.03582681  0.04473153  0.04039362  0.02934596  0.06832347  0.03466676
  0.03242078  0.02954791  0.03113173  0.02949459  0.03103878]

Gradient approximate =
[-0.01293347 -0.04079431 -0.0107484  -0.01122267 -0.05680739 -0.01511702
 -0.0112136  -0.04796278 -0.01693076 -0.01508413 -0.05696264 -0.01589352
 -0.01530105 -0.04793752 -0.02044486 -0.00999591 -0.02587412 -0.01300922
  0.06038978  0.04557573  0.06945887  0.05420925  0.0649571   0.05505818
  0.03279422  0.06879581  0.03830682  0.04467187  0.04031461  0.04485209
  0.04081231  0.03563426  0.07526777  0.03556934  0.03773643  0.03525073
  0.03938283  0.03568704  0.03783327  0.06309609  0.03701541  0.05342494
  0.04271198  0.05312975  0.04331484  0.03141383  0.06832347  0.03792957
  0.03653729  0.03681305  0.03655965  0.03728636  0.03703268]

Diff = 
[1.74649149e-11 1.65154108e-03 3.52420679e-03 1.18481839e-11
 7.95919405e-03 2.30354055e-03 1.64696312e-11 3.61026304e-03
 3.30290034e-03 8.30878769e-13 7.11650829e-03 7.65939235e-04
 1.05547793e-11 3.71213340e-03 3.39876969e-03 5.13529323e-12
 2.63859354e-04 1.63263563e-03 1.62219280e-10 5.16866197e-03
 1.03942763e-02 6.08841030e-03 8.76495999e-03 7.49519619e-03
 2.66723307e-03 1.34703748e-10 5.49270103e-03 5.75399817e-03
 2.83190403e-03 8.69964928e-03 7.74770739e-03 6.56542606e-03
 1.55889232e-10 8.23837143e-03 5.63116934e-03 2.42177995e-03
 8.05512023e-03 6.81714382e-03 2.55769821e-03 1.52155649e-10
 3.73684909e-03 9.18164151e-03 6.88517342e-03 8.39822538e-03
 2.92121751e-03 2.06787074e-03 1.45276430e-10 3.26281574e-03
 4.11650494e-03 7.26514269e-03 5.42791112e-03 7.79176970e-03
 5.99389710e-03]

 Iteration 300:
############################
Gradient = 
[-0.00759457 -0.01788937 -0.00111576 -0.00432329 -0.02293196 -0.0049588
 -0.00587893 -0.0232928  -0.00683542 -0.00747983 -0.02168102 -0.00636675
 -0.00851593 -0.01887568 -0.00869486 -0.00611569 -0.00902319 -0.00592871
  0.02166226  0.02035692  0.03162133  0.02638765  0.02955246  0.02525073
  0.01202998  0.03651438  0.0135205   0.01438655  0.01645436  0.01212234
  0.01191004  0.01189407  0.04420835  0.00768019  0.00867425  0.01159349
  0.00802018  0.0076095   0.01734553  0.02993325  0.01505838  0.01964598
  0.01584879  0.02058928  0.01975006  0.01267549  0.03842862  0.01543386
  0.00964242  0.00920818  0.00877586  0.0090983   0.01433933]

Gradient approximate =
[-0.00759457 -0.02046428 -0.00476985 -0.00432329 -0.03204482 -0.00754532
 -0.00587893 -0.02800519 -0.0104713  -0.00747983 -0.02993881 -0.0074755
 -0.00851593 -0.02359829 -0.01251029 -0.00611569 -0.00932925 -0.00784552
  0.02166226  0.02651046  0.04348716  0.03368765  0.03970868  0.03392956
  0.01537245  0.03651438  0.01975167  0.02098324  0.02014894  0.02158168
  0.02036941  0.01911143  0.04420835  0.01646391  0.01493759  0.01471563
  0.01668397  0.01499289  0.02074799  0.02993325  0.01957273  0.02985243
  0.02356402  0.03003812  0.02364326  0.0154176   0.03842862  0.01949806
  0.01441531  0.01708149  0.01482512  0.01749468  0.02105933]

Diff = 
[2.10131235e-11 2.57491530e-03 3.65409246e-03 8.61317788e-12
 9.11286271e-03 2.58652304e-03 1.13102566e-11 4.71238966e-03
 3.63587700e-03 1.50690649e-11 8.25779281e-03 1.10875825e-03
 2.08923503e-12 4.72260849e-03 3.81543236e-03 3.08299202e-11
 3.06060570e-04 1.91680213e-03 1.63039023e-10 6.15354165e-03
 1.18658256e-02 7.30000579e-03 1.01562206e-02 8.67882929e-03
 3.34247476e-03 1.61564297e-10 6.23116575e-03 6.59669384e-03
 3.69457798e-03 9.45933885e-03 8.45937087e-03 7.21735921e-03
 1.54156209e-10 8.78372549e-03 6.26333962e-03 3.12214061e-03
 8.66379833e-03 7.38339057e-03 3.40245903e-03 1.60169777e-10
 4.51434664e-03 1.02064443e-02 7.71523112e-03 9.44884390e-03
 3.89320013e-03 2.74211341e-03 1.56979860e-10 4.06419411e-03
 4.77289784e-03 7.87331374e-03 6.04926320e-03 8.39638466e-03
 6.71999405e-03]

 Iteration 400:
############################
Gradient = 
[-4.82681831e-03 -7.62573093e-03  1.70493477e-03 -8.80860583e-04
 -1.13523532e-02 -1.45221189e-03 -3.03668301e-03 -1.31068678e-02
 -3.50053475e-03 -3.82844216e-03 -9.60674292e-03 -2.53886844e-03
 -5.15638710e-03 -7.69407126e-03 -4.86148963e-03 -4.00400077e-03
  3.47564370e-04 -2.90915122e-03  4.25641117e-03  1.03752017e-02
  1.83978831e-02  1.57899703e-02  1.65820131e-02  1.41546632e-02
  3.00336095e-03  2.31414563e-02  5.00368192e-03  3.81764010e-03
  7.09513598e-03  1.77364552e-03  2.63962257e-03  4.40566077e-03
  3.16313862e-02 -5.71278780e-04 -1.00299806e-03  2.49045778e-03
 -1.61171209e-03 -1.30724756e-03  9.78006304e-03  1.53801956e-02
  6.46229248e-03  8.29462892e-03  6.45661605e-03  9.32927678e-03
  9.87165302e-03  4.69831660e-03  2.62167141e-02  7.00133081e-03
  6.97535351e-05  3.80102420e-04 -6.06921346e-04  4.32365922e-04
  7.30124459e-03]

Gradient approximate =
[-4.82681832e-03 -1.06076161e-02 -1.93289201e-03 -8.80860576e-04
 -2.10158636e-02 -4.13875674e-03 -3.03668300e-03 -1.84090008e-02
 -7.30313079e-03 -3.82844218e-03 -1.83626106e-02 -3.78872572e-03
 -5.15638710e-03 -1.28372579e-02 -8.89630624e-03 -4.00400077e-03
 -8.78781670e-05 -4.96912395e-03  4.25641134e-03  1.70265765e-02
  3.10783026e-02  2.37779750e-02  2.74883374e-02  2.34746081e-02
  6.58250503e-03  2.31414564e-02  1.15273146e-02  1.06965532e-02
  1.11650680e-02  1.14432336e-02  1.13228973e-02  1.18801218e-02
  3.16313864e-02  8.31266191e-03  5.36665304e-03  5.82878711e-03
  7.13723851e-03  6.16140560e-03  1.36202092e-02  1.53801958e-02
  1.13207866e-02  1.89470627e-02  1.45275034e-02  1.92577438e-02
  1.42428458e-02  7.71695206e-03  2.62167143e-02  1.14236991e-02
  4.98384341e-03  8.39493439e-03  5.55790774e-03  8.96891382e-03
  1.43679254e-02]

Diff = 
[1.17431672e-11 2.98188520e-03 3.63782678e-03 7.56930911e-12
 9.66351044e-03 2.68654485e-03 8.51364942e-12 5.30213300e-03
 3.80259604e-03 1.69442004e-11 8.75586772e-03 1.24985729e-03
 1.32827083e-12 5.14318666e-03 4.03481661e-03 1.95676808e-15
 4.35442537e-04 2.05997273e-03 1.62270409e-10 6.65137477e-03
 1.26804195e-02 7.98800468e-03 1.09063243e-02 9.31994497e-03
 3.57914408e-03 1.62537650e-10 6.52363263e-03 6.87891309e-03
 4.06993207e-03 9.66958806e-03 8.68327472e-03 7.47446102e-03
 1.60731824e-10 8.88394069e-03 6.36965110e-03 3.33832933e-03
 8.74895060e-03 7.46865316e-03 3.84014617e-03 1.57014976e-10
 4.85849416e-03 1.06524338e-02 8.07088739e-03 9.92846704e-03
 4.37119275e-03 3.01863546e-03 1.68652495e-10 4.42236827e-03
 4.91408987e-03 8.01483197e-03 6.16482908e-03 8.53654790e-03
 7.06668076e-03]

 Iteration 500:
############################
Gradient = 
[-3.49740937e-03 -3.16350881e-03  2.78693787e-03  8.74535401e-04
 -6.29735411e-03  4.70956955e-05 -1.60276301e-03 -8.67541676e-03
 -2.01334309e-03 -2.02335096e-03 -4.56529667e-03 -9.02799829e-04
 -3.51999304e-03 -3.21524261e-03 -3.19500499e-03 -3.02100200e-03
  5.10821914e-03 -1.36043098e-03 -3.84473991e-03  5.40477018e-03
  1.19949317e-02  1.07003924e-02  1.02700535e-02  8.69946848e-03
 -1.68859730e-03  1.74922223e-02  1.35289864e-03 -6.57188115e-04
  2.98966623e-03 -2.55970212e-03 -1.28344422e-03  1.25282539e-03
  2.64181923e-02 -3.86518447e-03 -4.90929205e-03 -1.36500581e-03
 -5.47580142e-03 -4.91516155e-03  6.78566838e-03  8.83909788e-03
  2.51663438e-03  3.13250314e-03  2.16848072e-03  4.15758822e-03
  5.22811536e-03  8.23881914e-04  2.11543716e-02  3.37677742e-03
 -3.85332698e-03 -3.36202897e-03 -4.40752666e-03 -3.07907280e-03
  4.57463488e-03]

Gradient approximate =
[-0.00349741 -0.00631655 -0.00077253  0.00087454 -0.01624629 -0.00265971
 -0.00160276 -0.01433326 -0.00590531 -0.00202335 -0.01354751 -0.00220682
 -0.00351999 -0.00853031 -0.0073614  -0.003021    0.00477212 -0.00348953
 -0.00384474  0.01231226  0.02517369  0.01912333  0.02161554  0.01839311
  0.00190535  0.01749222  0.00797519  0.00626484  0.00722019  0.00708689
  0.00741381  0.0088151   0.02641819  0.0049363   0.00135194  0.00198377
  0.003145    0.00244056  0.01089626  0.0088391   0.00751788  0.01396627
  0.01037539  0.0143021   0.00984378  0.00392833  0.02115437  0.00796547
  0.00098818  0.00459451  0.00166416  0.00540471  0.01183345]

Diff = 
[1.67030721e-11 3.15304574e-03 3.55946510e-03 1.73796936e-11
 9.94893682e-03 2.70680121e-03 9.32189092e-12 5.65783884e-03
 3.89196894e-03 9.82587579e-12 8.98221610e-03 1.30402399e-03
 1.71479224e-11 5.31506758e-03 4.16639152e-03 7.54028350e-12
 3.36100352e-04 2.12909479e-03 1.68103608e-10 6.90749083e-03
 1.31787553e-02 8.42293591e-03 1.13454866e-02 9.69364067e-03
 3.59394994e-03 1.64893425e-10 6.62229088e-03 6.92202661e-03
 4.23052355e-03 9.64658851e-03 8.69725600e-03 7.56227254e-03
 1.57724125e-10 8.80148231e-03 6.26123359e-03 3.34877241e-03
 8.62080303e-03 7.35571694e-03 4.11058763e-03 1.74685455e-10
 5.00124143e-03 1.08337660e-02 8.20691287e-03 1.01445143e-02
 4.61566695e-03 3.10445035e-03 1.55009099e-10 4.58869329e-03
 4.84151116e-03 7.95654011e-03 6.07168803e-03 8.48378168e-03
 7.25881714e-03]

 Iteration 600:
############################
Gradient = 
[-2.84746840e-03 -1.32584716e-03  3.08739886e-03  1.85901150e-03
 -4.08379181e-03  6.67531337e-04 -8.30999900e-04 -6.84058648e-03
 -1.36624829e-03 -1.04460726e-03 -2.51868283e-03 -2.10218871e-04
 -2.67002688e-03 -1.64807509e-03 -2.48292118e-03 -2.59127181e-03
  7.75652079e-03 -5.01256056e-04 -7.71051773e-03  2.87942046e-03
  8.82970992e-03  8.28300502e-03  7.13815678e-03  5.99779944e-03
 -4.34792588e-03  1.50469668e-02 -1.96635791e-04 -2.53723024e-03
  1.16093676e-03 -4.33022463e-03 -2.90838485e-03 -3.10452101e-05
  2.41646825e-02 -5.10228195e-03 -6.45267081e-03 -3.03131090e-03
 -6.97571065e-03 -6.33453456e-03  5.74260592e-03  5.83046687e-03
  7.25813166e-04  7.89556781e-04  2.49906847e-04  1.76960234e-03
  3.01851700e-03 -1.18230949e-03  1.90005104e-02  1.78826438e-03
 -5.42824693e-03 -4.95265587e-03 -5.88800650e-03 -4.43917073e-03
  3.69403259e-03]

Gradient approximate =
[-2.84746842e-03 -4.54984580e-03 -3.72173148e-04  1.85901149e-03
 -1.42022282e-02 -2.02581933e-03 -8.30999924e-04 -1.27544465e-02
 -5.31352847e-03 -1.04460730e-03 -1.16148423e-02 -1.53136660e-03
 -2.67002690e-03 -7.03989106e-03 -6.74300631e-03 -2.59127179e-03
  7.63951915e-03 -2.66050158e-03 -7.71051757e-03  9.92167215e-03
  2.23523195e-02  1.70197924e-02  1.87702617e-02  1.59332437e-02
 -8.58560600e-04  1.50469670e-02  6.44162971e-03  4.32697778e-03
  5.45739805e-03  5.19658191e-03  5.71479015e-03  7.54866351e-03
  2.41646827e-02  3.54543764e-03 -3.85841441e-04  2.40210352e-04
  1.43239809e-03  8.28940334e-04  1.00601478e-02  5.83046703e-03
  5.77780529e-03  1.16843803e-02  8.49336343e-03  1.20088819e-02
  7.76843765e-03  1.91308344e-03  1.90005106e-02  6.46036159e-03
 -7.46240432e-04  2.86091462e-03  7.20224991e-06  3.91501130e-03
  1.10885003e-02]

Diff = 
[1.84499573e-11 3.22399864e-03 3.45957201e-03 7.44952472e-12
 1.01184364e-02 2.69335067e-03 2.45351835e-11 5.91386004e-03
 3.94728019e-03 3.88851306e-11 9.09615947e-03 1.32114773e-03
 1.40765451e-11 5.39181598e-03 4.26008513e-03 2.72786602e-11
 1.17001638e-04 2.15924552e-03 1.54981481e-10 7.04225169e-03
 1.35226095e-02 8.73678737e-03 1.16321049e-02 9.93544430e-03
 3.48936528e-03 1.61067647e-10 6.63826550e-03 6.86420802e-03
 4.29646129e-03 9.52680654e-03 8.62317500e-03 7.57970872e-03
 1.71677825e-10 8.64771960e-03 6.06682937e-03 3.27152125e-03
 8.40810874e-03 7.16347490e-03 4.31754189e-03 1.60937371e-10
 5.05199212e-03 1.08948235e-02 8.24345658e-03 1.02392796e-02
 4.74992065e-03 3.09539292e-03 1.62872191e-10 4.67209721e-03
 4.68200649e-03 7.81357048e-03 5.89520875e-03 8.35418202e-03
 7.39446774e-03]

 Iteration 700:
############################
Gradient = 
[-2.50904002e-03 -6.38803128e-04  3.05319029e-03  2.48906024e-03
 -3.11820712e-03  9.01943074e-04 -3.58198154e-04 -6.13884467e-03
 -1.08854926e-03 -4.40045420e-04 -1.75794112e-03  7.23823764e-05
 -2.17544696e-03 -1.32457835e-03 -2.18679626e-03 -2.41871653e-03
  9.53195891e-03  6.00146347e-05 -9.57399340e-03  1.56618005e-03
  7.23055183e-03  7.17593401e-03  5.55161395e-03  4.66244853e-03
 -6.07128857e-03  1.39519415e-02 -8.48198765e-04 -3.31242411e-03
  3.13308013e-04 -5.01225520e-03 -3.55586064e-03 -5.14519906e-04
  2.31106722e-02 -5.50417811e-03 -7.03439224e-03 -3.79073623e-03
 -7.51413015e-03 -6.86699076e-03  5.54654178e-03  4.41899691e-03
 -6.92438186e-05 -2.61737716e-04 -5.70644146e-04  6.60568515e-04
  1.94432379e-03 -2.35099155e-03  1.80405091e-02  1.05055905e-03
 -6.03190042e-03 -5.64215068e-03 -6.41225439e-03 -4.92108039e-03
  3.60682068e-03]

Gradient approximate =
[-2.50904001e-03 -3.89383976e-03 -3.02767706e-04  2.48906023e-03
 -1.33554112e-02 -1.76442404e-03 -3.58198169e-04 -1.22686020e-02
 -5.07640946e-03 -4.40045427e-04 -1.09237201e-02 -1.25039669e-03
 -2.17544697e-03 -6.76415985e-03 -6.52454503e-03 -2.41871654e-03
  9.70616615e-03 -2.10621686e-03 -9.57399324e-03  8.68090237e-03
  2.10199208e-02  1.61697826e-02  1.73939546e-02  1.47743390e-02
 -2.75813780e-03  1.39519417e-02  5.77107268e-03  3.45182960e-03
  4.63291695e-03  4.35601084e-03  4.95725679e-03  7.05470802e-03
  2.31106723e-02  2.96424098e-03 -1.19539292e-03 -6.35113488e-04
  6.49318490e-04  7.35755301e-05  1.00520000e-02  4.41899707e-03
  4.99206515e-03  1.06397494e-02  7.66554580e-03  1.09384585e-02
  6.77558467e-03  6.83816748e-04  1.80405093e-02  5.76894174e-03
 -1.54374709e-03  1.99220914e-03 -7.24975484e-04  3.27464764e-03
  1.11223865e-02]

Diff = 
[2.55286981e-12 3.25503663e-03 3.35595800e-03 8.36404557e-12
 1.02372041e-02 2.66636711e-03 1.45929169e-11 6.12975736e-03
 3.98786020e-03 6.46317348e-12 9.16577902e-03 1.32277906e-03
 8.94022443e-12 5.43958151e-03 4.33774876e-03 1.49865281e-11
 1.74207241e-04 2.16623149e-03 1.59443448e-10 7.11472233e-03
 1.37893690e-02 8.99384860e-03 1.18423406e-02 1.01118905e-02
 3.31315077e-03 1.58744759e-10 6.61927144e-03 6.76425371e-03
 4.31960894e-03 9.36826604e-03 8.51311742e-03 7.56922793e-03
 1.52182829e-10 8.46841909e-03 5.83899933e-03 3.15562274e-03
 8.16344864e-03 6.94056629e-03 4.50545824e-03 1.62249319e-10
 5.06130897e-03 1.09014871e-02 8.23618994e-03 1.02778900e-02
 4.83126088e-03 3.03480829e-03 1.70417000e-10 4.71838269e-03
 4.48815332e-03 7.63435982e-03 5.68727890e-03 8.19572803e-03
 7.51556585e-03]

 Iteration 800:
############################
Gradient = 
[-2.31392860e-03 -4.53825393e-04  2.88178116e-03  2.95307741e-03
 -2.70577502e-03  9.66278110e-04 -1.73442155e-05 -5.92196828e-03
 -9.70746667e-04 -8.48588711e-06 -1.54902781e-03  1.75473626e-04
 -1.84220119e-03 -1.52174410e-03 -2.07145221e-03 -2.36747189e-03
  1.09922963e-02  5.01558014e-04 -1.04668108e-02  8.68486099e-04
  6.40306035e-03  6.71825958e-03  4.73107495e-03  4.02270131e-03
 -7.39010533e-03  1.34333702e-02 -1.11636559e-03 -3.61501402e-03
 -1.09524006e-04 -5.23154027e-03 -3.78925914e-03 -6.51826479e-04
  2.25461332e-02 -5.57516479e-03 -7.22612123e-03 -4.17226354e-03
 -7.66386390e-03 -7.04642387e-03  5.74495600e-03  3.74326078e-03
 -4.01045009e-04 -7.15918621e-04 -8.80539316e-04  1.45447263e-04
  1.40893069e-03 -3.15500008e-03  1.75752881e-02  6.68314903e-04
 -6.23306477e-03 -5.95294993e-03 -6.54380422e-03 -5.05352430e-03
  3.87616083e-03]

Gradient approximate =
[-2.31392859e-03 -3.72633292e-03 -3.74339875e-04  2.95307739e-03
 -1.30397741e-02 -1.66845076e-03 -1.73442327e-05 -1.22532859e-02
 -4.99289876e-03 -8.48590087e-06 -1.07693645e-02 -1.14284464e-03
 -1.84220119e-03 -7.00816363e-03 -6.48034859e-03 -2.36747189e-03
  1.15110679e-02 -1.65513253e-03 -1.04668106e-02  8.02296817e-03
  2.04198404e-02  1.59440649e-02  1.67446060e-02  1.42790567e-02
 -4.30326808e-03  1.34333704e-02  5.46931545e-03  3.03222612e-03
  4.21282062e-03  3.96407671e-03  4.59993557e-03  6.89723711e-03
  2.25461333e-02  2.70682513e-03 -1.62702329e-03 -1.15084278e-03
  2.44286982e-04 -3.39861819e-04  1.04390702e-02  3.74326094e-03
  4.65157160e-03  1.01681409e-02  7.33041192e-03  1.04358486e-02
  6.29552956e-03 -2.13070206e-04  1.75752882e-02  5.41498465e-03
 -1.95136180e-03  1.48625091e-03 -1.07455976e-03  2.97428871e-03
  1.15165676e-02]

Diff = 
[6.74643371e-12 3.27250753e-03 3.25612103e-03 2.46020721e-11
 1.03339990e-02 2.63472887e-03 1.71895531e-11 6.33131762e-03
 4.02215210e-03 1.37642887e-11 9.22033671e-03 1.31831827e-03
 4.15165298e-13 5.48641953e-03 4.40889637e-03 3.63425783e-12
 5.18771620e-04 2.15669055e-03 1.48915382e-10 7.15448207e-03
 1.40167800e-02 9.22580532e-03 1.20135310e-02 1.02563554e-02
 3.08683724e-03 1.49931657e-10 6.58568103e-03 6.64724014e-03
 4.32234462e-03 9.19561698e-03 8.38919471e-03 7.54906359e-03
 1.53480836e-10 8.28198991e-03 5.59909794e-03 3.02142076e-03
 7.90815089e-03 6.70656205e-03 4.69411424e-03 1.59396211e-10
 5.05261661e-03 1.08840595e-02 8.21095124e-03 1.02904014e-02
 4.88659887e-03 2.94192987e-03 1.59901113e-10 4.74666975e-03
 4.28170298e-03 7.43920084e-03 5.46924445e-03 8.02781301e-03
 7.64040680e-03]

 Iteration 900:
############################
Gradient = 
[-2.18605170e-03 -4.89552711e-04  2.65885038e-03  3.33733122e-03
 -2.53851179e-03  9.56453872e-04  2.67754225e-04 -5.90373978e-03
 -9.20196151e-04  3.40896589e-04 -1.57138421e-03  2.00154927e-04
 -1.58232939e-03 -1.92491489e-03 -2.03366645e-03 -2.37912135e-03
  1.23767318e-02  9.01539830e-04 -1.08821772e-02  4.92724275e-04
  5.96123215e-03  6.58295547e-03  4.29684386e-03  3.74747164e-03
 -8.56734048e-03  1.31654981e-02 -1.21987003e-03 -3.71328682e-03
 -3.45326454e-04 -5.25334205e-03 -3.84766610e-03 -6.34259616e-04
  2.21848975e-02 -5.52077256e-03 -7.25912369e-03 -4.39150824e-03
 -7.65674981e-03 -7.08870227e-03  6.15620475e-03  3.41144334e-03
 -5.15237107e-04 -8.92128038e-04 -9.53001366e-04 -9.07432100e-05
  1.13593095e-03 -3.81241016e-03  1.73198883e-02  4.36863537e-04
 -6.26490942e-03 -6.10054271e-03 -6.51340043e-03 -5.05276072e-03
  4.32346876e-03]

Gradient approximate =
[-2.18605169e-03 -3.77748657e-03 -5.04192266e-04  3.33733120e-03
 -1.29600936e-02 -1.64588270e-03  2.67754232e-04 -1.24331530e-02
 -4.97397012e-03  3.40896595e-04 -1.08436822e-02 -1.11172665e-03
 -1.58232939e-03 -7.46877045e-03 -6.51131290e-03 -2.37912134e-03
  1.32874035e-02 -1.23162025e-03 -1.08821771e-02  7.66946445e-03
  2.01847971e-02  1.60313442e-02  1.64611724e-02  1.41335167e-02
 -5.74821480e-03  1.31654983e-02  5.32633858e-03  2.81064783e-03
  3.96908782e-03  3.76601017e-03  4.41309717e-03  6.89293599e-03
  2.21848977e-02  2.57483685e-03 -1.90333422e-03 -1.51403172e-03
 -5.92472071e-06 -6.19524609e-04  1.10494731e-02  3.41144349e-03
  4.52161952e-03  9.96446681e-03  7.22676174e-03  1.02000963e-02
  6.06477133e-03 -9.87503077e-04  1.73198885e-02  5.20184837e-03
 -2.19319774e-03  1.13614812e-03 -1.26352238e-03  2.80527164e-03
  1.21010152e-02]

Diff = 
[7.03537879e-12 3.28793386e-03 3.16304265e-03 2.69181600e-11
 1.04215818e-02 2.60233658e-03 7.50309840e-12 6.52941319e-03
 4.05377397e-03 5.91946267e-12 9.27229798e-03 1.31188158e-03
 1.24235236e-12 5.54385556e-03 4.47764645e-03 7.73101505e-12
 9.10671646e-04 2.13316008e-03 1.56849448e-10 7.17674018e-03
 1.42235649e-02 9.44838870e-03 1.21643286e-02 1.03860451e-02
 2.81912568e-03 1.63492556e-10 6.54620861e-03 6.52393464e-03
 4.31441428e-03 9.01935222e-03 8.26076327e-03 7.52719560e-03
 1.65439922e-10 8.09560942e-03 5.35578947e-03 2.87747652e-03
 7.65082509e-03 6.46917766e-03 4.89326833e-03 1.47938781e-10
 5.03685662e-03 1.08565948e-02 8.17976310e-03 1.02908395e-02
 4.92884038e-03 2.82490708e-03 1.61516515e-10 4.76498483e-03
 4.07171167e-03 7.23669083e-03 5.24987806e-03 7.85803237e-03
 7.77754647e-03]

 