Iteration 0:
############################
Gradient = 
[ 4.72645132e-05  4.45028228e-03  9.40466143e-03 -4.15613517e-05
  1.60548754e-03  4.91888095e-03  7.83434012e-05  3.49937256e-03
 -8.54575290e-03  1.59703862e-05  5.23965071e-03  9.56177850e-03
 -8.22412174e-03 -5.25123331e-03 -3.84175279e-03 -7.46761887e-03
 -6.31619319e-03 -3.97478442e-05 -5.79605557e-03  8.48290974e-03
  8.40132314e-03  6.91518659e-03 -1.82280644e-03 -1.11221111e-02
  8.70245880e-03 -7.73379916e-03  8.04388639e-04  4.93442931e-04
 -7.59438224e-03  4.69203874e-03 -9.18301377e-03 -3.67373822e-03
  3.19096237e-01  1.51553923e-01  1.78458751e-01  1.63004258e-01
  1.64171390e-01  2.79374789e-01  1.26511919e-01  1.42000570e-01
  1.39067600e-01  1.29108569e-01  3.04781809e-01  1.38428876e-01
  1.59217063e-01  1.61551958e-01  1.55570919e-01  2.86841697e-01
  1.41159462e-01  1.44586627e-01  1.38583008e-01  1.51334625e-01
  2.84923433e-01  1.41840508e-01  1.50536174e-01  1.34022412e-01
  1.35705302e-01]

Gradient approximate =
[ 1.83596314e-04  7.85030703e-04  3.12740425e-04 -2.03995509e-04
 -8.33943581e-04 -2.60195350e-04  3.11362778e-04  1.21587524e-03
  3.50866676e-04 -5.51233570e-05 -2.36333793e-04 -2.96246272e-05
  5.93858582e-04  5.41841252e-04  3.87986792e-04  3.76250284e-04
  5.76586994e-04  1.08314225e-02  5.90897306e-03  5.68718000e-03
  3.34519817e-01  1.65253727e-01  1.48604655e-01  1.51398754e-01
  1.51342887e-01  2.80897991e-01  1.26948025e-01  1.66542976e-01
  1.53657198e-01  1.52715480e-01  2.89865512e-01  1.44233752e-01
  1.49342352e-01  1.42494514e-01  1.41908934e-01  3.00734598e-01
  1.45156465e-01  1.58311527e-01  1.50784243e-01  1.49987821e-01
  2.76942433e-01  1.33649011e-01  1.45645083e-01  1.38982407e-01
  1.38336192e-01  0.00000000e+00  0.00000000e+00  0.00000000e+00
  0.00000000e+00  0.00000000e+00  0.00000000e+00  0.00000000e+00
  0.00000000e+00  0.00000000e+00  0.00000000e+00  0.00000000e+00
  0.00000000e+00]

Diff = 
[1.36331801e-04 3.66525158e-03 9.09192100e-03 1.62434158e-04
 2.43943113e-03 5.17907630e-03 2.33019377e-04 2.28349732e-03
 8.89661957e-03 7.10937432e-05 5.47598450e-03 9.59140313e-03
 8.81798033e-03 5.79307456e-03 4.22973959e-03 7.84386915e-03
 6.89278019e-03 1.08711703e-02 1.17050286e-02 2.79572975e-03
 3.26118494e-01 1.58338540e-01 1.50427461e-01 1.62520865e-01
 1.42640429e-01 2.88631790e-01 1.26143636e-01 1.66049533e-01
 1.61251580e-01 1.48023441e-01 2.99048526e-01 1.47907490e-01
 1.69753885e-01 9.05940893e-03 3.65498174e-02 1.37730341e-01
 1.90149256e-02 1.21063262e-01 2.42723236e-02 7.98725091e-03
 1.37874833e-01 4.54044204e-03 1.59136727e-01 5.53531056e-04
 2.08808716e-02 1.61551958e-01 1.55570919e-01 2.86841697e-01
 1.41159462e-01 1.44586627e-01 1.38583008e-01 1.51334625e-01
 2.84923433e-01 1.41840508e-01 1.50536174e-01 1.34022412e-01
 1.35705302e-01]

 Iteration 100:
############################
Gradient = 
[ 9.54151892e-04  6.75524259e-03  9.01219110e-03 -1.37180500e-03
 -2.59904744e-03  3.35261081e-03  8.39324673e-05  3.33391835e-03
 -7.72312513e-03 -5.83358796e-04  2.93660314e-03  7.98915485e-03
 -9.56991444e-03 -5.33976075e-03 -4.18862418e-03 -7.29201233e-03
 -6.34348740e-03 -2.60218242e-02 -1.80016298e-02 -5.05819214e-03
 -4.42387230e-03 -7.54511714e-03 -3.61195258e-02 -2.62717459e-02
 -8.24245973e-03 -2.19405840e-02 -1.68023036e-02 -7.50597977e-03
 -1.08383749e-02  1.82677389e-04 -1.21921048e-02 -7.62391471e-03
  3.36822393e-01  1.70582521e-01  1.85853351e-01  1.67780944e-01
  1.79198329e-01  3.00400536e-01  1.49870260e-01  1.67887392e-01
  1.48836384e-01  1.54605457e-01  1.99689095e-01  9.35274323e-02
  6.82963798e-02  8.21832382e-02  9.01981056e-02  1.63704951e-01
  6.47393421e-02  5.61215567e-02  6.00024634e-02  5.83562613e-02
  1.65104748e-01  5.27151688e-02  6.08440817e-02  6.41265012e-02
  6.93509777e-02]

Gradient approximate =
[-5.46575807e-05 -6.54582761e-04  1.80636031e-04  8.57851767e-05
  5.53349049e-04 -8.08083023e-05  9.61837787e-05 -1.78998221e-04
  2.12555999e-04  4.82891171e-05 -8.36382896e-05  8.43318415e-05
  1.39411149e-02  7.61217028e-03  7.31913198e-03  6.74002977e-03
  8.15795222e-03  9.07801713e-03  4.84908844e-03  4.76891441e-03
  3.41291099e-01  1.69178945e-01  1.73808927e-01  1.72023455e-01
  1.66244132e-01  2.98069431e-01  1.43215819e-01  1.60904313e-01
  1.56915630e-01  1.51614035e-01  3.03595017e-01  1.48345547e-01
  1.60375242e-01  1.57082250e-01  1.51866918e-01  3.04021216e-01
  1.47974303e-01  1.61211959e-01  1.57835609e-01  1.52448609e-01
  2.33643663e-01  1.13735081e-01  1.23744860e-01  1.21310724e-01
  1.17043483e-01  0.00000000e+00  0.00000000e+00  0.00000000e+00
  0.00000000e+00  0.00000000e+00  0.00000000e+00  0.00000000e+00
  0.00000000e+00  0.00000000e+00  0.00000000e+00  0.00000000e+00
  0.00000000e+00]

Diff = 
[1.00880947e-03 7.40982535e-03 8.83155507e-03 1.45759018e-03
 3.15239649e-03 3.43341911e-03 1.22513114e-05 3.51291658e-03
 7.93568113e-03 6.31647913e-04 3.02024143e-03 7.90482301e-03
 2.35110293e-02 1.29519310e-02 1.15077562e-02 1.40320421e-02
 1.45014396e-02 3.50998413e-02 2.28507182e-02 9.82710655e-03
 3.45714971e-01 1.76724062e-01 2.09928453e-01 1.98295201e-01
 1.74486592e-01 3.20010015e-01 1.60018122e-01 1.68410293e-01
 1.67754005e-01 1.51431358e-01 3.15787122e-01 1.55969462e-01
 1.76447151e-01 1.35002710e-02 3.39864327e-02 1.36240272e-01
 3.12240267e-02 1.39188578e-01 7.96534891e-03 1.54387831e-02
 8.48072793e-02 4.08703765e-02 7.59442344e-02 2.77832920e-02
 4.87471029e-02 8.21832382e-02 9.01981056e-02 1.63704951e-01
 6.47393421e-02 5.61215567e-02 6.00024634e-02 5.83562613e-02
 1.65104748e-01 5.27151688e-02 6.08440817e-02 6.41265012e-02
 6.93509777e-02]

 Iteration 200:
############################
Gradient = 
[ 4.25320233e-04  3.94026383e-03  7.22124035e-03 -1.03258900e-03
 -9.86510129e-05  4.06641442e-03 -1.37766410e-04  2.59937551e-03
 -6.95142573e-03 -5.75772849e-04  3.30570646e-03  7.52712742e-03
 -2.71835990e-03 -1.22427742e-03 -2.95687584e-04 -3.33515899e-03
 -1.85895729e-03 -1.79994014e-02 -1.13143965e-02 -1.60858906e-04
 -2.45480820e-04 -1.64338247e-03 -2.67771661e-02 -1.82188803e-02
 -2.57342439e-03 -1.52956770e-02 -9.46124519e-03 -3.57729990e-03
 -7.37522764e-03  2.30315161e-03 -9.11128294e-03 -4.33494399e-03
  3.46826400e-01  1.77585375e-01  1.98493482e-01  1.81346712e-01
  1.86880396e-01  3.09154358e-01  1.56957519e-01  1.76494037e-01
  1.59561607e-01  1.60647109e-01  1.15388367e-01  5.37381532e-02
 -1.42223455e-02  2.03847427e-02  2.65948367e-02  3.74260234e-02
 -1.74298390e-02 -4.51874083e-02 -2.24279526e-02 -2.43914296e-02
  8.26778954e-02 -5.04712449e-03  8.45994461e-06  1.42336073e-02
  2.52954985e-02]

Gradient approximate =
[ 2.46134890e-06 -7.28544982e-04  2.78846914e-04  2.72162246e-04
  1.60067463e-03  1.06466240e-04  3.43455284e-04  5.36098561e-04
  6.11613209e-04  2.81508046e-04  7.98271897e-04  4.02381546e-04
  1.66394732e-02  8.90806005e-03  8.74140933e-03  8.03978161e-03
  9.61628884e-03  1.58624088e-02  8.41192385e-03  8.34115219e-03
  3.54562675e-01  1.79348032e-01  1.87639891e-01  1.85690026e-01
  1.75810691e-01  3.09203888e-01  1.51608887e-01  1.59420910e-01
  1.61626029e-01  1.52920506e-01  3.09005559e-01  1.49107463e-01
  1.68665493e-01  1.67164462e-01  1.58429637e-01  3.16077253e-01
  1.55130773e-01  1.70854766e-01  1.69308248e-01  1.60267229e-01
  1.95562237e-01  9.59861416e-02  1.05556659e-01  1.04712024e-01
  9.87803762e-02  0.00000000e+00  0.00000000e+00  0.00000000e+00
  0.00000000e+00  0.00000000e+00  0.00000000e+00  0.00000000e+00
  0.00000000e+00  0.00000000e+00  0.00000000e+00  0.00000000e+00
  0.00000000e+00]

Diff = 
[4.22858884e-04 4.66880881e-03 6.94239343e-03 1.30475125e-03
 1.69932565e-03 3.95994818e-03 4.81221694e-04 2.06327695e-03
 7.56303894e-03 8.57280895e-04 2.50743457e-03 7.12474587e-03
 1.93578331e-02 1.01323375e-02 9.03709691e-03 1.13749406e-02
 1.14752461e-02 3.38618102e-02 1.97263204e-02 8.50201110e-03
 3.54808156e-01 1.80991414e-01 2.14417057e-01 2.03908906e-01
 1.78384116e-01 3.24499565e-01 1.61070133e-01 1.62998210e-01
 1.69001256e-01 1.50617355e-01 3.18116842e-01 1.53442407e-01
 1.78160907e-01 1.04209132e-02 4.00638450e-02 1.34730541e-01
 3.17496234e-02 1.38299593e-01 1.23507290e-02 1.62268083e-02
 3.60006302e-02 6.46609678e-02 9.83170836e-03 5.09738712e-02
 1.13002722e-01 2.03847427e-02 2.65948367e-02 3.74260234e-02
 1.74298390e-02 4.51874083e-02 2.24279526e-02 2.43914296e-02
 8.26778954e-02 5.04712449e-03 8.45994461e-06 1.42336073e-02
 2.52954985e-02]

 Iteration 300:
############################
Gradient = 
[-2.00827048e-04  1.15777737e-03  5.49385242e-03  2.07375042e-04
  4.81265785e-03  5.57042925e-03  3.04684931e-05  3.18015371e-03
 -5.88312326e-03  2.29440117e-05  5.39890362e-03  7.66026493e-03
  1.14741065e-02  5.94755926e-03  6.68624267e-03  3.48548212e-03
  5.90414689e-03  1.48000956e-02  6.57650248e-03  1.61511579e-02
  1.46286457e-02  1.64593511e-02 -6.28861604e-03 -5.81651793e-03
  7.91545252e-03 -4.35673465e-03  2.81091375e-03  1.29209518e-02
  1.77535300e-03  1.02290386e-02 -7.26621145e-04  5.09686823e-03
  3.47780967e-01  1.76563095e-01  2.00303803e-01  1.85719016e-01
  1.86845634e-01  3.11033611e-01  1.57657652e-01  1.76500747e-01
  1.63120731e-01  1.60692950e-01  3.92365697e-02  1.62891378e-02
 -9.50983063e-02 -4.03961223e-02 -3.49039579e-02 -5.65416204e-02
 -8.48051160e-02 -1.31285469e-01 -9.11439810e-02 -9.22075696e-02
  3.06374073e-02 -4.90214901e-02 -3.68631212e-02 -1.73824677e-02
  5.12278003e-03]

Gradient approximate =
[ 5.35400235e-05 -8.33722686e-04  3.87070589e-04  2.67945952e-04
  1.74432375e-03  1.03913509e-04  4.38275489e-04  6.47499365e-04
  8.20693682e-04  3.37636492e-04  9.04476334e-04  5.28447099e-04
  1.56501951e-02  8.29462570e-03  8.15244722e-03  7.54822569e-03
  8.92653170e-03  1.82214794e-02  9.60692338e-03  9.51182065e-03
  3.56630669e-01  1.80359270e-01  1.88830704e-01  1.89417203e-01
  1.76760508e-01  3.11718908e-01  1.52700214e-01  1.53700327e-01
  1.61675534e-01  1.50484466e-01  3.07870975e-01  1.45940839e-01
  1.69029402e-01  1.70282801e-01  1.59064930e-01  3.20159490e-01
  1.56491087e-01  1.72482802e-01  1.73775083e-01  1.62116610e-01
  1.54981118e-01  7.57609236e-02  8.33700694e-02  8.40697400e-02
  7.78590824e-02  0.00000000e+00  0.00000000e+00  0.00000000e+00
  0.00000000e+00  0.00000000e+00  0.00000000e+00  0.00000000e+00
  0.00000000e+00  0.00000000e+00  0.00000000e+00  0.00000000e+00
  0.00000000e+00]

Diff = 
[2.54367071e-04 1.99150006e-03 5.10678183e-03 6.05709104e-05
 3.06833411e-03 5.46651574e-03 4.07806996e-04 2.53265435e-03
 6.70381694e-03 3.14692480e-04 4.49442728e-03 7.13181783e-03
 4.17608855e-03 2.34706644e-03 1.46620454e-03 4.06274357e-03
 3.02238481e-03 3.42138377e-03 3.03042090e-03 6.63933720e-03
 3.42002023e-01 1.63899919e-01 1.95119320e-01 1.95233721e-01
 1.68845056e-01 3.16075642e-01 1.49889301e-01 1.40779376e-01
 1.59900181e-01 1.40255427e-01 3.08597596e-01 1.40843971e-01
 1.78751565e-01 6.28029407e-03 4.12388732e-02 1.34440474e-01
 3.03545476e-02 1.38550808e-01 1.61174303e-02 1.43841368e-02
 8.13961242e-03 8.49320262e-02 4.41334997e-02 6.77806022e-02
 1.72957389e-01 4.03961223e-02 3.49039579e-02 5.65416204e-02
 8.48051160e-02 1.31285469e-01 9.11439810e-02 9.22075696e-02
 3.06374073e-02 4.90214901e-02 3.68631212e-02 1.73824677e-02
 5.12278003e-03]

 Iteration 400:
############################
Gradient = 
[-1.11531747e-03 -2.80870016e-03  3.16124913e-03  9.86056968e-04
  6.59189743e-03  5.76614161e-03 -7.03451339e-05  2.12429739e-03
 -5.70970121e-03  2.03210757e-04  4.94804458e-03  6.69465326e-03
  2.47210134e-02  1.18292835e-02  1.22037661e-02  9.08636443e-03
  1.20821338e-02  5.29031625e-02  2.49755559e-02  3.25821856e-02
  3.01629162e-02  3.46959646e-02  1.57204457e-02  5.82769243e-03
  1.76798372e-02  6.02137684e-03  1.41652566e-02  3.17126464e-02
  1.09707476e-02  1.80569102e-02  7.71886254e-03  1.43509303e-02
  3.35976310e-01  1.64790328e-01  1.86527668e-01  1.77754400e-01
  1.75990784e-01  3.03689426e-01  1.50343321e-01  1.63894756e-01
  1.57061123e-01  1.52304184e-01 -1.81691746e-02 -1.26982366e-02
 -1.64642446e-01 -9.09700455e-02 -8.59458666e-02 -1.13307889e-01
 -1.32291693e-01 -1.94700169e-01 -1.39070860e-01 -1.39322492e-01
  3.49215503e-03 -8.02163102e-02 -5.25427183e-02 -3.22365557e-02
  6.24259558e-03]

Gradient approximate =
[ 1.09208973e-04 -1.17395353e-03  5.52110140e-04  4.38584857e-05
  6.57541526e-04 -8.28382007e-05  3.92547190e-04 -1.13893472e-05
  8.88421690e-04  2.17533580e-04 -2.71801470e-06  5.03490158e-04
  1.00099855e-02  5.30734536e-03  5.12199053e-03  4.81447515e-03
  5.63083835e-03  1.42690106e-02  7.54272860e-03  7.33108901e-03
  3.42885210e-01  1.69170353e-01  1.72392889e-01  1.79829553e-01
  1.65746477e-01  3.02826513e-01  1.44617320e-01  1.38923848e-01
  1.54000326e-01  1.41327251e-01  2.96006973e-01  1.35965777e-01
  1.57732240e-01  1.63693044e-01  1.51116923e-01  3.14093165e-01
  1.50678033e-01  1.62859172e-01  1.69078629e-01  1.55876697e-01
  1.15040442e-01  5.52034944e-02  5.95770221e-02  6.18947433e-02
  5.62626860e-02  0.00000000e+00  0.00000000e+00  0.00000000e+00
  0.00000000e+00  0.00000000e+00  0.00000000e+00  0.00000000e+00
  0.00000000e+00  0.00000000e+00  0.00000000e+00  0.00000000e+00
  0.00000000e+00]

Diff = 
[1.22452644e-03 1.63474664e-03 2.60913899e-03 9.42198482e-04
 5.93435590e-03 5.84897981e-03 4.62892324e-04 2.13568674e-03
 6.59812290e-03 1.43228227e-05 4.95076260e-03 6.19116310e-03
 1.47110279e-02 6.52193815e-03 7.08177560e-03 4.27188928e-03
 6.45129546e-03 3.86341520e-02 1.74328273e-02 2.52510965e-02
 3.12722294e-01 1.34474389e-01 1.56672444e-01 1.74001861e-01
 1.48066640e-01 2.96805136e-01 1.30452064e-01 1.07211202e-01
 1.43029579e-01 1.23270341e-01 2.88288110e-01 1.21614847e-01
 1.78244069e-01 1.09728316e-03 3.54107451e-02 1.36338765e-01
 2.53127511e-02 1.40830254e-01 1.87353088e-02 8.01805880e-03
 4.20206811e-02 9.71006893e-02 7.77461967e-02 7.45929799e-02
 2.20905132e-01 9.09700455e-02 8.59458666e-02 1.13307889e-01
 1.32291693e-01 1.94700169e-01 1.39070860e-01 1.39322492e-01
 3.49215503e-03 8.02163102e-02 5.25427183e-02 3.22365557e-02
 6.24259558e-03]

 Iteration 500:
############################
Gradient = 
[-0.00282964 -0.00966057 -0.00058172  0.000396    0.0024952   0.00347678
 -0.00111109 -0.00275851 -0.00737373 -0.0008621  -0.0006208   0.00350242
  0.03353453  0.0150861   0.01487263  0.0121587   0.01522416  0.08497643
  0.03895053  0.04384914  0.04154863  0.04752006  0.03395886  0.01455994
  0.02428276  0.0136692   0.0221077   0.04709827  0.01772536  0.02318475
  0.01384497  0.02068435  0.3138274   0.14496906  0.16051697  0.16010103
  0.15676548  0.28932992  0.13729306  0.14131895  0.14356498  0.13751175
 -0.05469011 -0.03143256 -0.21856846 -0.12750163 -0.12288874 -0.14361054
 -0.16383265 -0.2389998  -0.16977643 -0.16920899 -0.0068537  -0.10162764
 -0.05329241 -0.03509059  0.02319456]

Gradient approximate =
[ 3.64917767e-04 -1.10049399e-03  1.02145917e-03 -8.38534397e-05
 -5.17590657e-04 -6.60346244e-05  4.45251189e-04 -6.09922364e-04
  1.11773284e-03  2.24639485e-04 -8.47946564e-04  7.02026541e-04
  1.57654829e-03  8.74253412e-04  7.86565835e-04  7.62550720e-04
  8.95078387e-04  5.43176233e-03  2.96410049e-03  2.75526687e-03
  3.16480805e-01  1.49103673e-01  1.43033071e-01  1.60101509e-01
  1.45820202e-01  2.85458234e-01  1.30267674e-01  1.17080864e-01
  1.40318822e-01  1.26997849e-01  2.75716594e-01  1.21113775e-01
  1.37707422e-01  1.49678213e-01  1.36717221e-01  3.00062463e-01
  1.39701722e-01  1.44525893e-01  1.57226921e-01  1.43377824e-01
  8.01710591e-02  3.73507666e-02  3.85959709e-02  4.19955384e-02
  3.72957073e-02  0.00000000e+00  0.00000000e+00  0.00000000e+00
  0.00000000e+00  0.00000000e+00  0.00000000e+00  0.00000000e+00
  0.00000000e+00  0.00000000e+00  0.00000000e+00  0.00000000e+00
  0.00000000e+00]

Diff = 
[3.19456226e-03 8.56007802e-03 1.60318075e-03 4.79850431e-04
 3.01278986e-03 3.54281230e-03 1.55634558e-03 2.14859119e-03
 8.49145974e-03 1.08673921e-03 2.27147479e-04 2.80038906e-03
 3.19579849e-02 1.42118475e-02 1.40860640e-02 1.13961470e-02
 1.43290776e-02 7.95446635e-02 3.59864342e-02 4.10938750e-02
 2.74932176e-01 1.01583613e-01 1.09074212e-01 1.45541564e-01
 1.21537438e-01 2.71789035e-01 1.08159978e-01 6.99825945e-02
 1.22593464e-01 1.03813104e-01 2.61871619e-01 1.00429421e-01
 1.76119977e-01 4.70915052e-03 2.37997471e-02 1.39961433e-01
 1.70637569e-02 1.44804023e-01 1.99338654e-02 2.05887064e-03
 6.33939161e-02 1.00160988e-01 9.32860775e-02 7.34280960e-02
 2.55864165e-01 1.27501625e-01 1.22888741e-01 1.43610541e-01
 1.63832648e-01 2.38999802e-01 1.69776426e-01 1.69208987e-01
 6.85369902e-03 1.01627639e-01 5.32924132e-02 3.50905862e-02
 2.31945629e-02]

 Iteration 600:
############################
Gradient = 
[-0.00528648 -0.01845391 -0.00549008 -0.00147618 -0.00600527 -0.00090296
 -0.00309702 -0.01068989 -0.01069724 -0.00309162 -0.00994154 -0.00154946
  0.03787592  0.01619287  0.0153596   0.01318475  0.01600448  0.10649993
  0.04757263  0.04949964  0.0480252   0.05431472  0.04696384  0.02041586
  0.02791519  0.01862489  0.0268211   0.05758902  0.02192257  0.02573766
  0.01760502  0.02417633  0.28602587  0.12124543  0.12836478  0.13726815
  0.13333565  0.27162249  0.12165434  0.11362775  0.12618667  0.11961582
 -0.07417106 -0.04175746 -0.2584056  -0.15123337 -0.14678123 -0.158915
 -0.18484636 -0.27068557 -0.18917123 -0.18723355 -0.00702584 -0.11622403
 -0.04548158 -0.03076419  0.05060161]

Gradient approximate =
[ 1.01609202e-03  1.86899138e-04  2.01308513e-03  1.86742477e-04
 -5.44340233e-04  4.97713717e-04  8.41971006e-04 -1.57494402e-04
  1.79881259e-03  6.51522756e-04 -4.30624578e-04  1.45562758e-03
 -7.31770388e-03 -3.98413947e-03 -3.71043042e-03 -3.60211380e-03
 -4.08645503e-03 -5.41090911e-03 -2.83036864e-03 -2.72803853e-03
  2.83393670e-01  1.25177179e-01  1.08339128e-01  1.35297917e-01
  1.21742103e-01  2.64141841e-01  1.13423858e-01  9.21466171e-02
  1.23687414e-01  1.10291903e-01  2.51419771e-01  1.04471770e-01
  1.14097960e-01  1.32138968e-01  1.19476189e-01  2.81634031e-01
  1.26315268e-01  1.21903988e-01  1.41479469e-01  1.27604198e-01
  5.29421129e-02  2.37971647e-02  2.29834356e-02  2.66107632e-02
  2.28463273e-02  0.00000000e+00  0.00000000e+00  0.00000000e+00
  0.00000000e+00  0.00000000e+00  0.00000000e+00  0.00000000e+00
  0.00000000e+00  0.00000000e+00  0.00000000e+00  0.00000000e+00
  0.00000000e+00]

Diff = 
[0.00630257 0.01864081 0.00750316 0.00166292 0.00546092 0.00140067
 0.00393899 0.01053239 0.01249605 0.00374314 0.00951091 0.00300509
 0.04519363 0.02017701 0.01907003 0.01678687 0.02009093 0.11191084
 0.050403   0.05222768 0.23536847 0.07086245 0.06137529 0.11488206
 0.09382691 0.24551696 0.08660276 0.0345576  0.10176485 0.08455425
 0.23381475 0.08029544 0.17192791 0.01089353 0.00888859 0.14436588
 0.00702038 0.14971851 0.01982513 0.01397645 0.07324455 0.09581866
 0.09715449 0.06836822 0.28125192 0.15123337 0.14678123 0.158915
 0.18484636 0.27068557 0.18917123 0.18723355 0.00702584 0.11622403
 0.04548158 0.03076419 0.05060161]

 Iteration 700:
############################
Gradient = 
[-0.00788848 -0.02623076 -0.01038028 -0.00397614 -0.01550105 -0.00609149
 -0.00553092 -0.01905421 -0.01467482 -0.00578262 -0.0194411  -0.00707814
  0.03882031  0.01589323  0.01462154  0.01294889  0.01538931  0.1162162
  0.05087886  0.05045303  0.05000482  0.0557817   0.05484168  0.02390925
  0.02944913  0.02151564  0.02913423  0.06348207  0.02401083  0.02651508
  0.01957162  0.02558254  0.25707678  0.09704483  0.09540335  0.11309778
  0.1092106   0.25369199  0.10578531  0.08503372  0.10779163  0.10123017
 -0.08118781 -0.04613654 -0.28761251 -0.16487947 -0.16015903 -0.16619534
 -0.19894153 -0.2947383  -0.20139752 -0.19715596 -0.00168435 -0.12630136
 -0.03394462 -0.02290296  0.08436667]

Gradient approximate =
[ 0.00207371  0.00287382  0.00349622  0.00092165  0.0009838   0.00165801
  0.00164867  0.00172721  0.00299152  0.00155104  0.00162108  0.00278776
 -0.01519285 -0.0087306  -0.00788559 -0.0077954  -0.00877196 -0.01548099
 -0.00867612 -0.00799012  0.2492082   0.10140415  0.07447926  0.10953425
  0.09724933  0.24251164  0.09670173  0.06728931  0.10640522  0.09332704
  0.22695941  0.08829639  0.09123646  0.11431421  0.10234626  0.26192433
  0.11260236  0.0988144   0.12449997  0.11099105  0.03380744  0.01465568
  0.0130076   0.0161575   0.01314665  0.          0.          0.
  0.          0.          0.          0.          0.          0.
  0.          0.          0.        ]

Diff = 
[0.00996219 0.02910458 0.01387651 0.00489779 0.01648485 0.0077495
 0.0071796  0.02078142 0.01766634 0.00733366 0.02106218 0.0098659
 0.05401316 0.02462383 0.02250714 0.02074428 0.02416127 0.13169719
 0.05955498 0.05844314 0.19920338 0.04562245 0.01963758 0.085625
 0.0678002  0.220996   0.0675675  0.00380724 0.08239439 0.06681196
 0.20738779 0.06271386 0.16584032 0.01726938 0.0069429  0.14882654
 0.00339176 0.15487758 0.01871466 0.02595733 0.07398419 0.08657449
 0.09419541 0.06229404 0.30075916 0.16487947 0.16015903 0.16619534
 0.19894153 0.2947383  0.20139752 0.19715596 0.00168435 0.12630136
 0.03394462 0.02290296 0.08436667]

 Iteration 800:
############################
Gradient = 
[-0.00985907 -0.02983534 -0.01375893 -0.00631125 -0.02256517 -0.0105978
 -0.00771135 -0.02482771 -0.01795009 -0.00806341 -0.02545209 -0.01142643
  0.03754826  0.0146589   0.01325417  0.0119655   0.01397467  0.11502001
  0.04878463  0.04739317  0.0477846   0.05238486  0.05817091  0.02520162
  0.02940133  0.02268155  0.02947368  0.06551376  0.02414434  0.02594504
  0.02003495  0.02527032  0.2304784   0.07477121  0.0653469   0.09026166
  0.08680479  0.23758648  0.09109984  0.05845888  0.09023227  0.08400571
 -0.07935633 -0.04656315 -0.30977447 -0.17111059 -0.1656751  -0.16905939
 -0.2082501  -0.31458557 -0.20895384 -0.20136473  0.00588892 -0.13356245
 -0.02188709 -0.0140073   0.12167676]

Gradient approximate =
[ 0.00335497  0.00643355  0.00518888  0.00198057  0.00370156  0.0032065
  0.00274375  0.00473172  0.00451163  0.00274949  0.00483032  0.00443385
 -0.02148439 -0.01312433 -0.01166814 -0.01168204 -0.01301721 -0.02299593
 -0.0136844  -0.01237068  0.21814366  0.08040937  0.04534806  0.0855943
  0.07477923  0.22288366  0.08157242  0.04450184  0.08972411  0.07729071
  0.20488056  0.07375219  0.07181379  0.09826531  0.08716335  0.24319108
  0.09988168  0.07798543  0.10809663  0.09521059  0.02192037  0.00924466
  0.00758232  0.00998096  0.00746519  0.          0.          0.
  0.          0.          0.          0.          0.          0.
  0.          0.          0.        ]

Diff = 
[0.01321404 0.03626889 0.01894782 0.00829183 0.02626673 0.0138043
 0.0104551  0.02955943 0.02246172 0.0108129  0.03028241 0.01586028
 0.05903265 0.02778323 0.02492231 0.02364754 0.02699188 0.13801594
 0.06246902 0.05976385 0.17035906 0.02802451 0.01282286 0.06039268
 0.0453779  0.20020212 0.05209874 0.02101192 0.06557977 0.05134567
 0.18484561 0.04848186 0.15866461 0.0234941  0.02181645 0.15292941
 0.01307689 0.15960106 0.01699679 0.03675171 0.06831191 0.07476105
 0.08693865 0.05654411 0.31723965 0.17111059 0.1656751  0.16905939
 0.2082501  0.31458557 0.20895384 0.20136473 0.00588892 0.13356245
 0.02188709 0.0140073  0.12167676]

 Iteration 900:
############################
Gradient = 
[-0.01076502 -0.02819615 -0.01481788 -0.00789413 -0.02516742 -0.01332673
 -0.00909273 -0.02615573 -0.01947267 -0.00937085 -0.02624288 -0.01354497
  0.03505993  0.01276848  0.01152864  0.01049438  0.01205512  0.10615835
  0.04201305  0.04112998  0.04199319  0.04499026  0.05790175  0.02431317
  0.02793038  0.02219299  0.02796322  0.06470267  0.02243127  0.02416856
  0.01908542  0.02339238  0.20842399  0.05593561  0.04025937  0.07041833
  0.06757306  0.22429586  0.07833406  0.03556014  0.07460557  0.06887652
 -0.07175879 -0.04465816 -0.32813339 -0.17249318 -0.16595713 -0.16944568
 -0.21421272 -0.33267354 -0.21353263 -0.20162661  0.0136098  -0.13915509
 -0.011075   -0.00555197  0.16089849]

Gradient approximate =
[ 0.0046025   0.01002522  0.00673855  0.0031367   0.00688842  0.00482068
  0.00390707  0.00813673  0.00604689  0.00398227  0.008333    0.00602681
 -0.02619578 -0.0169673  -0.01504384 -0.01517865 -0.01672882 -0.0275216
 -0.01733187 -0.01558697  0.19276349  0.06358824  0.02279448  0.06521499
  0.05579881  0.20647578  0.06881193  0.02493013  0.07428597  0.06276726
  0.18644267  0.06123318  0.05687562  0.08498106  0.07475258  0.2268576
  0.0889158   0.06104287  0.09344464  0.08134949  0.01571649  0.00655299
  0.00511844  0.00692998  0.00464661  0.          0.          0.
  0.          0.          0.          0.          0.          0.
  0.          0.          0.        ]

Diff = 
[0.01536752 0.03822137 0.02155642 0.01103083 0.03205585 0.01814741
 0.0129998  0.03429247 0.02551955 0.01335312 0.03457588 0.01957178
 0.06125572 0.02973578 0.02657248 0.02567302 0.02878394 0.13367995
 0.05934492 0.05671695 0.15077031 0.01859798 0.03510727 0.04090182
 0.02786843 0.18428279 0.04084871 0.03977254 0.05185471 0.03859869
 0.16735725 0.0378408  0.15154837 0.02904545 0.03449321 0.15643927
 0.02134275 0.16325299 0.01511058 0.04578935 0.05888908 0.06232353
 0.07687723 0.05158814 0.33278    0.17249318 0.16595713 0.16944568
 0.21421272 0.33267354 0.21353263 0.20162661 0.0136098  0.13915509
 0.011075   0.00555197 0.16089849]

 