Iteration 0:
############################
Gradient = 
[ 1.54300450e-05  1.70659325e-02  5.65693545e-03 -4.96588921e-06
 -5.43517083e-03  5.85046414e-03 -5.32411473e-06 -1.57599876e-02
 -5.01492505e-04 -5.58853332e-06  6.27634815e-03 -3.00151362e-03
  1.98323296e-06 -4.28864574e-03 -1.03532822e-03  7.83161261e-06
  8.26229988e-03  5.08305265e-03  2.51324405e-04  2.68691580e-03
 -1.73023987e-03 -2.53549689e-03 -1.33533418e-02  3.44518800e-03
  1.37330138e-02 -4.13603937e-05 -2.54271814e-03  3.38080477e-03
 -1.37114643e-02 -3.04305731e-03  1.69172719e-02 -9.09807536e-03
  9.78373115e-05  9.53419516e-03 -9.09627965e-03 -1.13500752e-02
  1.25716620e-02  5.76312835e-03 -1.27212634e-02 -8.39739145e-05
 -1.16580994e-02  1.12193116e-02  8.70571354e-03  1.32563674e-03
 -9.82027947e-03  1.59535599e-02 -2.73389850e-04 -1.68005925e-02
 -1.41539074e-03  1.53620721e-02  1.25263802e-02 -7.54966362e-04
 -1.22790466e-02  2.33296618e-04  1.66545879e-02 -5.47818812e-03
  1.13352124e-02  7.67871514e-03 -1.31865022e-03  4.25761597e-03
 -8.02101114e-03  2.03394581e-03 -1.23840810e-02 -1.48847436e-02
 -1.92758566e-02 -7.60499724e-03  2.38191490e-03 -1.96106107e-02
 -2.26445222e-02 -1.61892328e-02 -1.16584048e-02 -2.89847403e-03
  1.30570498e-03 -2.68505926e-02 -3.00745386e-03  1.06197371e-02
  7.31817477e-03  1.13626685e-02 -5.07031897e-03 -6.06730645e-04
 -1.02141628e-02 -4.75629799e-03  2.22135748e-03  1.14831896e-03
 -1.62452320e-02  4.83653735e-03 -9.92975172e-03  1.34630559e-02
  7.82031464e-03  2.69835796e-03 -6.74430413e-03 -7.35956386e-03
  4.21952475e-04  6.33196385e-03 -3.42358138e-03  5.44350473e-03
  7.15493771e-03 -1.29245747e-02  1.44989320e-03  5.87276773e-03
 -8.62148789e-03  3.45721814e-03  3.24406169e-01  1.58706164e-01
  1.50063781e-01  1.60945966e-01  1.65665055e-01  1.67656128e-01
  1.73033294e-01  2.64797530e-01  1.13713912e-01  1.14545080e-01
  1.34162043e-01  1.32253374e-01  1.27970065e-01  1.38566101e-01
  3.00261025e-01  1.36337773e-01  1.31704033e-01  1.69208642e-01
  1.60240562e-01  1.37407726e-01  1.46222245e-01  2.73693297e-01
  1.23654603e-01  1.19225798e-01  1.30742975e-01  1.24331156e-01
  1.27252657e-01  1.52648593e-01  2.79459972e-01  1.13494645e-01
  1.40438192e-01  1.46135888e-01  1.23901833e-01  1.38938681e-01
  1.32692877e-01]

Gradient approximate =
[ 7.60018271e-06  1.37694471e-04  4.48866921e-05 -3.14771764e-06
 -5.53065926e-05  2.73372081e-05 -3.33846728e-06 -1.25679165e-04
 -1.02994058e-05 -1.58177249e-06  3.78135878e-05 -1.79359927e-05
  1.44211754e-06 -1.37181089e-05 -3.97409439e-06  2.72384115e-06
  3.55667873e-05  2.92326563e-05  1.33405238e-04  8.55540327e-05
  5.62365621e-05  4.45921144e-05 -8.20140622e-06  8.62946825e-05
  1.46990713e-04 -2.45902143e-05 -3.53292817e-05  8.79751827e-06
 -8.25704793e-05 -3.23469340e-05  8.63522631e-05 -6.87508450e-05
  1.27118671e-04  1.45260757e-04  5.39804423e-06 -2.87736435e-05
  1.44973804e-04  9.08404951e-05  5.04840614e-06 -2.90286284e-05
 -9.39542577e-05  5.25898813e-05  3.06189257e-01  1.52279550e-01
  1.63468172e-01  1.56588675e-01  1.41757949e-01  1.57252708e-01
  1.56747758e-01  3.33710243e-01  1.66286112e-01  1.78518792e-01
  1.70437731e-01  1.54331819e-01  1.72494150e-01  1.70645707e-01
  3.11556395e-01  1.55249572e-01  1.66737516e-01  1.59499592e-01
  1.43702537e-01  1.60761295e-01  1.59239473e-01  2.56837008e-01
  1.27790508e-01  1.37477244e-01  1.31593542e-01  1.18496134e-01
  1.32476006e-01  1.31244067e-01  3.19668086e-01  1.59124066e-01
  1.71118390e-01  1.63180274e-01  1.48044404e-01  1.64908504e-01
  1.63763151e-01 -5.31475055e-03 -2.56078420e-03 -2.73528563e-03
 -2.60304347e-03 -2.79510756e-03 -2.52571043e-03 -2.82491696e-03
  0.00000000e+00  0.00000000e+00  0.00000000e+00  0.00000000e+00
  0.00000000e+00  0.00000000e+00  0.00000000e+00  0.00000000e+00
  0.00000000e+00  0.00000000e+00  0.00000000e+00  0.00000000e+00
  0.00000000e+00  0.00000000e+00  0.00000000e+00  0.00000000e+00
  0.00000000e+00  0.00000000e+00  0.00000000e+00  0.00000000e+00
  0.00000000e+00  0.00000000e+00  0.00000000e+00  0.00000000e+00
  0.00000000e+00  0.00000000e+00  0.00000000e+00  0.00000000e+00
  0.00000000e+00  0.00000000e+00  0.00000000e+00  0.00000000e+00
  0.00000000e+00  0.00000000e+00  0.00000000e+00  0.00000000e+00
  0.00000000e+00  0.00000000e+00  0.00000000e+00  0.00000000e+00
  0.00000000e+00  0.00000000e+00  0.00000000e+00  0.00000000e+00
  0.00000000e+00  0.00000000e+00  0.00000000e+00  0.00000000e+00
  0.00000000e+00  0.00000000e+00  0.00000000e+00  0.00000000e+00
  0.00000000e+00]

Diff = 
[7.82986233e-06 1.69282380e-02 5.61204876e-03 1.81817156e-06
 5.37986424e-03 5.82312693e-03 1.98564745e-06 1.56343084e-02
 4.91193100e-04 4.00676083e-06 6.23853457e-03 2.98357763e-03
 5.41115424e-07 4.27492763e-03 1.03135412e-03 5.10777146e-06
 8.22673309e-03 5.05381999e-03 1.17919167e-04 2.60136177e-03
 1.78647643e-03 2.58008900e-03 1.33451404e-02 3.35889332e-03
 1.35860231e-02 1.67701794e-05 2.50738886e-03 3.37200725e-03
 1.36288938e-02 3.01071038e-03 1.68309196e-02 9.02932451e-03
 2.92813596e-05 9.38893441e-03 9.10167769e-03 1.13213016e-02
 1.24266882e-02 5.67228785e-03 1.27263118e-02 5.49452861e-05
 1.15641452e-02 1.11667217e-02 2.97483543e-01 1.50953913e-01
 1.73288452e-01 1.40635115e-01 1.42031339e-01 1.74053301e-01
 1.58163149e-01 3.18348171e-01 1.53759732e-01 1.79273758e-01
 1.82716778e-01 1.54098522e-01 1.55839562e-01 1.76123895e-01
 3.00221183e-01 1.47570857e-01 1.68056167e-01 1.55241976e-01
 1.51723548e-01 1.58727349e-01 1.71623554e-01 2.71721752e-01
 1.47066365e-01 1.45082241e-01 1.29211627e-01 1.38106745e-01
 1.55120528e-01 1.47433300e-01 3.31326491e-01 1.62022540e-01
 1.69812685e-01 1.90030866e-01 1.51051857e-01 1.54288767e-01
 1.56444976e-01 1.66774190e-02 2.50953477e-03 2.12855499e-03
 7.61111929e-03 1.96119043e-03 4.74706791e-03 3.97323592e-03
 1.62452320e-02 4.83653735e-03 9.92975172e-03 1.34630559e-02
 7.82031464e-03 2.69835796e-03 6.74430413e-03 7.35956386e-03
 4.21952475e-04 6.33196385e-03 3.42358138e-03 5.44350473e-03
 7.15493771e-03 1.29245747e-02 1.44989320e-03 5.87276773e-03
 8.62148789e-03 3.45721814e-03 3.24406169e-01 1.58706164e-01
 1.50063781e-01 1.60945966e-01 1.65665055e-01 1.67656128e-01
 1.73033294e-01 2.64797530e-01 1.13713912e-01 1.14545080e-01
 1.34162043e-01 1.32253374e-01 1.27970065e-01 1.38566101e-01
 3.00261025e-01 1.36337773e-01 1.31704033e-01 1.69208642e-01
 1.60240562e-01 1.37407726e-01 1.46222245e-01 2.73693297e-01
 1.23654603e-01 1.19225798e-01 1.30742975e-01 1.24331156e-01
 1.27252657e-01 1.52648593e-01 2.79459972e-01 1.13494645e-01
 1.40438192e-01 1.46135888e-01 1.23901833e-01 1.38938681e-01
 1.32692877e-01]

 Iteration 100:
############################
Gradient = 
[ 4.04516913e-06  1.43392627e-02  4.76307311e-03 -1.77480849e-06
 -4.57630350e-03  4.93115541e-03 -1.03733657e-06 -1.33013593e-02
 -4.25727637e-04 -8.09555165e-07  5.31982022e-03 -2.52435894e-03
  4.47422303e-07 -3.59537510e-03 -8.67752874e-04  1.81244887e-06
  6.90682100e-03  4.27524178e-03  9.76711883e-05  2.18360028e-03
 -1.52099147e-03 -2.18639264e-03 -1.13267933e-02  2.83964575e-03
  1.15005248e-02 -2.85693602e-05 -2.12059290e-03  2.85111253e-03
 -1.15658848e-02 -2.55421065e-03  1.42591916e-02 -7.65363461e-03
  7.11676538e-05  8.04404633e-03 -7.68515515e-03 -9.59741667e-03
  1.05892062e-02  4.83825982e-03 -1.07238348e-02 -1.82078016e-05
 -9.79480035e-03  9.48374627e-03  7.36175911e-03  1.14672818e-03
 -8.24849897e-03  1.34756572e-02 -6.39081174e-05 -1.40498004e-02
 -1.10653671e-03  1.30160868e-02  1.06561689e-02 -5.48348525e-04
 -1.02481319e-02  6.94215910e-05  1.39409446e-02 -4.67986730e-03
  9.51083130e-03  6.39133382e-03 -1.17635023e-03  3.50534759e-03
  6.09437370e-03  4.06804167e-03 -5.09451165e-03  1.64094739e-02
 -6.14847117e-03 -1.10639501e-02  2.15701477e-03 -1.19803312e-03
  1.01175806e-02 -1.13621182e-03 -1.07909315e-02  6.54267731e-03
  1.33411337e-02 -5.35624641e-03 -2.23064388e-03  5.29567471e-03
 -2.36535816e-03  2.41072203e-03 -1.51179086e-02  3.99703192e-03
 -8.49284558e-03 -4.82657593e-03 -1.64151365e-02 -4.19869662e-03
  3.91953765e-03 -6.76594020e-04 -1.74099344e-02 -8.39448157e-03
  2.34790885e-03  7.31096083e-03  9.48025940e-03 -1.41912204e-02
  4.14545010e-03  1.21941279e-02  1.05046036e-02 -3.96263415e-03
 -2.94540418e-03 -1.97280731e-03 -8.97707211e-03 -8.01367933e-03
  5.43638692e-03  2.36178979e-03  2.97574082e-01  1.49088973e-01
  1.49612265e-01  1.64406764e-01  1.27272917e-01  1.39738092e-01
  1.52621471e-01  3.30596454e-01  1.75017948e-01  1.74869962e-01
  1.57453622e-01  1.58885487e-01  1.84731287e-01  1.66043119e-01
  3.09064521e-01  1.59973698e-01  1.62758575e-01  1.60217877e-01
  1.27881474e-01  1.64786153e-01  1.52326797e-01  2.57965310e-01
  1.14122899e-01  1.35141763e-01  1.37066958e-01  1.20216852e-01
  1.18201103e-01  1.27411313e-01  3.16553283e-01  1.63533493e-01
  1.76210778e-01  1.45235486e-01  1.48200567e-01  1.74612078e-01
  1.72773841e-01]

Gradient approximate =
[-5.87376592e-06  7.47564322e-05  2.51665089e-05  1.45020884e-06
 -2.55474908e-05  2.77143575e-05  8.69783578e-06 -5.84646531e-05
  2.52961208e-06  7.83094922e-06  5.82937032e-05 -7.79535547e-06
 -7.97181210e-06 -4.37194037e-05 -1.20630173e-05  3.88525656e-06
  4.68376760e-05  2.77160872e-05  5.15870457e-06  1.08280562e-05
 -4.80163687e-06 -6.51561249e-06 -6.40672115e-05  1.96139816e-05
  6.61747035e-05 -2.29095205e-04 -1.38805254e-04 -9.74697789e-05
 -1.64453917e-04 -1.34182538e-04 -3.28064798e-05 -1.65252652e-04
  2.13705429e-04  1.69771366e-04  6.04922246e-05  3.16759308e-05
  1.73914632e-04  1.32670626e-04  5.48438361e-05  3.76763902e-04
  1.48353962e-04  2.41255054e-04  3.05025318e-01  1.51598074e-01
  1.61638082e-01  1.58566328e-01  1.58238189e-01  1.54501362e-01
  1.44443454e-01  3.26685254e-01  1.62671111e-01  1.73381389e-01
  1.69827236e-01  1.69538575e-01  1.66244178e-01  1.53806967e-01
  3.20908884e-01  1.59593607e-01  1.70210259e-01  1.66855040e-01
  1.66576060e-01  1.62993521e-01  1.51383967e-01  3.31974877e-01
  1.64654072e-01  1.75764634e-01  1.72017317e-01  1.72389841e-01
  1.68418465e-01  1.57508570e-01  3.17602850e-01  1.57764173e-01
  1.68531931e-01  1.64673542e-01  1.64907741e-01  1.61185301e-01
  1.50462387e-01 -7.38990457e-03 -3.60805759e-03 -3.78702323e-03
 -3.58695707e-03 -3.90602742e-03 -3.64540379e-03 -3.93294139e-03
  0.00000000e+00  0.00000000e+00  0.00000000e+00  0.00000000e+00
  0.00000000e+00  0.00000000e+00  0.00000000e+00  0.00000000e+00
  0.00000000e+00  0.00000000e+00  0.00000000e+00  0.00000000e+00
  0.00000000e+00  0.00000000e+00  0.00000000e+00  0.00000000e+00
  0.00000000e+00  0.00000000e+00  0.00000000e+00  0.00000000e+00
  0.00000000e+00  0.00000000e+00  0.00000000e+00  0.00000000e+00
  0.00000000e+00  0.00000000e+00  0.00000000e+00  0.00000000e+00
  0.00000000e+00  0.00000000e+00  0.00000000e+00  0.00000000e+00
  0.00000000e+00  0.00000000e+00  0.00000000e+00  0.00000000e+00
  0.00000000e+00  0.00000000e+00  0.00000000e+00  0.00000000e+00
  0.00000000e+00  0.00000000e+00  0.00000000e+00  0.00000000e+00
  0.00000000e+00  0.00000000e+00  0.00000000e+00  0.00000000e+00
  0.00000000e+00  0.00000000e+00  0.00000000e+00  0.00000000e+00
  0.00000000e+00]

Diff = 
[9.91893505e-06 1.42645063e-02 4.73790660e-03 3.22501733e-06
 4.55075601e-03 4.90344106e-03 9.73517236e-06 1.32428946e-02
 4.28257249e-04 8.64050439e-06 5.26152652e-03 2.51656358e-03
 8.41923440e-06 3.55165570e-03 8.55689856e-04 2.07280769e-06
 6.85998332e-03 4.24752569e-03 9.25124838e-05 2.17277222e-03
 1.51618983e-03 2.17987702e-03 1.12627260e-02 2.82003177e-03
 1.14343501e-02 2.00525845e-04 1.98178765e-03 2.94858231e-03
 1.14014309e-02 2.42002811e-03 1.42919981e-02 7.48838195e-03
 1.42537775e-04 7.87427496e-03 7.74564737e-03 9.62909260e-03
 1.04152915e-02 4.70558920e-03 1.07786786e-02 3.94971704e-04
 9.94315431e-03 9.24249122e-03 2.97663559e-01 1.50451346e-01
 1.69886581e-01 1.45090671e-01 1.58302097e-01 1.68551162e-01
 1.45549990e-01 3.13669167e-01 1.52014942e-01 1.73929738e-01
 1.80075368e-01 1.69469153e-01 1.52303234e-01 1.58486834e-01
 3.11398053e-01 1.53202273e-01 1.71386609e-01 1.63349693e-01
 1.60481687e-01 1.58925479e-01 1.56478478e-01 3.15565403e-01
 1.70802543e-01 1.86828584e-01 1.69860302e-01 1.73587874e-01
 1.58300885e-01 1.58644782e-01 3.28393782e-01 1.51221495e-01
 1.55190797e-01 1.70029789e-01 1.67138385e-01 1.55889626e-01
 1.52827745e-01 9.80062660e-03 1.15098510e-02 7.78405515e-03
 4.90588852e-03 9.20548517e-04 1.27697327e-02 2.65755231e-04
 3.91953765e-03 6.76594020e-04 1.74099344e-02 8.39448157e-03
 2.34790885e-03 7.31096083e-03 9.48025940e-03 1.41912204e-02
 4.14545010e-03 1.21941279e-02 1.05046036e-02 3.96263415e-03
 2.94540418e-03 1.97280731e-03 8.97707211e-03 8.01367933e-03
 5.43638692e-03 2.36178979e-03 2.97574082e-01 1.49088973e-01
 1.49612265e-01 1.64406764e-01 1.27272917e-01 1.39738092e-01
 1.52621471e-01 3.30596454e-01 1.75017948e-01 1.74869962e-01
 1.57453622e-01 1.58885487e-01 1.84731287e-01 1.66043119e-01
 3.09064521e-01 1.59973698e-01 1.62758575e-01 1.60217877e-01
 1.27881474e-01 1.64786153e-01 1.52326797e-01 2.57965310e-01
 1.14122899e-01 1.35141763e-01 1.37066958e-01 1.20216852e-01
 1.18201103e-01 1.27411313e-01 3.16553283e-01 1.63533493e-01
 1.76210778e-01 1.45235486e-01 1.48200567e-01 1.74612078e-01
 1.72773841e-01]

 Iteration 200:
############################
Gradient = 
[ 1.87018255e-06  1.20757126e-02  4.01125748e-03 -9.96401380e-07
 -3.85206393e-03  4.15739146e-03  2.80801125e-07 -1.12029135e-02
 -3.56510836e-04 -2.15357723e-07  4.48365412e-03 -2.12712339e-03
 -9.11766516e-08 -3.03241608e-03 -7.31945231e-04  1.13743593e-06
  5.82246485e-03  3.60316030e-03  7.20579223e-05  1.82767243e-03
 -1.29359639e-03 -1.85301137e-03 -9.55858690e-03  2.38153001e-03
  9.68055409e-03 -3.20854742e-05 -1.78709121e-03  2.40096071e-03
 -9.75097264e-03 -2.15383270e-03  1.20157847e-02 -6.45129020e-03
  3.64957453e-05  6.75820389e-03 -6.49191074e-03 -8.09903635e-03
  8.90691456e-03  4.06295751e-03 -9.05705704e-03 -8.18112093e-06
 -8.24831703e-03  7.99727437e-03  6.20705212e-03  9.71826311e-04
 -6.94783222e-03  1.13633584e-02 -1.49403495e-05 -1.18148158e-02
 -9.10619320e-04  1.09880263e-02  9.00516862e-03 -4.40172741e-04
 -8.61252405e-03  5.50914992e-05  1.17431572e-02 -3.95099376e-03
  8.00958810e-03  5.38012021e-03 -9.98202220e-04  2.94779420e-03
  4.62221313e-03  3.18302835e-03 -4.55527423e-03  1.35862888e-02
 -6.91071520e-03 -9.56501614e-03  1.53248358e-03 -8.02038526e-04
  8.63058784e-03 -8.48212517e-04 -8.99013547e-03  6.73668305e-03
  1.13368495e-02 -4.40550910e-03 -2.37032056e-03  4.22479136e-03
 -2.25349043e-03  1.79014920e-03 -1.60981402e-02  3.31429728e-03
 -7.73733851e-03 -4.95004840e-03 -1.53550533e-02 -2.50601480e-03
  3.54667911e-03 -5.64622009e-04 -1.90753194e-02 -8.27384435e-03
  9.87083330e-04  5.52732010e-03  6.67286589e-03 -1.40082164e-02
  3.83098738e-03  1.07211008e-02  1.01757919e-02 -2.81998858e-03
  2.71041723e-04 -2.00761211e-03 -7.04213925e-03 -6.58265193e-03
  8.70116773e-03  3.54971856e-03  2.96983866e-01  1.48418485e-01
  1.49436111e-01  1.60932632e-01  1.26206124e-01  1.41840438e-01
  1.53924071e-01  3.26540105e-01  1.71116016e-01  1.71521316e-01
  1.55843202e-01  1.56132639e-01  1.80662038e-01  1.66261555e-01
  3.05429356e-01  1.56970886e-01  1.59814817e-01  1.56736900e-01
  1.24477388e-01  1.62491607e-01  1.52747873e-01  2.55139198e-01
  1.13669015e-01  1.34404504e-01  1.34412005e-01  1.18400904e-01
  1.15313041e-01  1.27353351e-01  3.17227999e-01  1.62533905e-01
  1.73216964e-01  1.45281352e-01  1.48048820e-01  1.74358812e-01
  1.75048966e-01]

Gradient approximate =
[-4.13117096e-06  6.27741681e-05  2.15097873e-05  1.15892629e-06
 -2.07165640e-05  2.35577624e-05  5.33159517e-06 -5.35547051e-05
  5.88433746e-07  4.47037740e-06  4.11163237e-05 -8.61204663e-06
 -4.86713114e-06 -3.07911785e-05 -8.21287482e-06  2.73504108e-06
  3.87618249e-05  2.28049690e-05  2.19469554e-05  1.98070893e-05
  4.25359747e-06  1.08556941e-06 -4.44105597e-05  2.50175125e-05
  6.55388943e-05 -1.60138551e-04 -9.62289781e-05 -6.62484601e-05
 -1.26548130e-04 -9.51411061e-05 -1.18108456e-05 -1.20453112e-04
  1.51004853e-04  1.23470125e-04  3.73284115e-05  1.71843384e-05
  1.30232021e-04  9.81387949e-05  2.89515123e-05  2.88480568e-04
  1.06059357e-04  1.89547751e-04  3.02969600e-01  1.50376497e-01
  1.59415067e-01  1.56572424e-01  1.55964251e-01  1.53394640e-01
  1.43045139e-01  3.23397823e-01  1.60778903e-01  1.70335426e-01
  1.67094795e-01  1.66531216e-01  1.64356497e-01  1.51980650e-01
  3.17598212e-01  1.57727996e-01  1.67207860e-01  1.64133087e-01
  1.63587611e-01  1.61166320e-01  1.49499832e-01  3.25693219e-01
  1.61368790e-01  1.71265825e-01  1.67870142e-01  1.67844628e-01
  1.65128742e-01  1.54028189e-01  3.15408331e-01  1.56507312e-01
  1.66159619e-01  1.62647894e-01  1.62515853e-01  1.59954801e-01
  1.48978550e-01 -6.16709383e-03 -3.02723072e-03 -3.16350956e-03
 -2.99604565e-03 -3.27978915e-03 -3.05560293e-03 -3.25275480e-03
  0.00000000e+00  0.00000000e+00  0.00000000e+00  0.00000000e+00
  0.00000000e+00  0.00000000e+00  0.00000000e+00  0.00000000e+00
  0.00000000e+00  0.00000000e+00  0.00000000e+00  0.00000000e+00
  0.00000000e+00  0.00000000e+00  0.00000000e+00  0.00000000e+00
  0.00000000e+00  0.00000000e+00  0.00000000e+00  0.00000000e+00
  0.00000000e+00  0.00000000e+00  0.00000000e+00  0.00000000e+00
  0.00000000e+00  0.00000000e+00  0.00000000e+00  0.00000000e+00
  0.00000000e+00  0.00000000e+00  0.00000000e+00  0.00000000e+00
  0.00000000e+00  0.00000000e+00  0.00000000e+00  0.00000000e+00
  0.00000000e+00  0.00000000e+00  0.00000000e+00  0.00000000e+00
  0.00000000e+00  0.00000000e+00  0.00000000e+00  0.00000000e+00
  0.00000000e+00  0.00000000e+00  0.00000000e+00  0.00000000e+00
  0.00000000e+00  0.00000000e+00  0.00000000e+00  0.00000000e+00
  0.00000000e+00]

Diff = 
[6.00135351e-06 1.20129384e-02 3.98974769e-03 2.15532767e-06
 3.83134737e-03 4.13383370e-03 5.05079404e-06 1.11493588e-02
 3.57099270e-04 4.68573512e-06 4.44253780e-03 2.11851134e-03
 4.77595449e-06 3.00162490e-03 7.23732356e-04 1.59760515e-06
 5.78370302e-03 3.58035533e-03 5.01109670e-05 1.80786534e-03
 1.29784999e-03 1.85409694e-03 9.51417634e-03 2.35651250e-03
 9.61501520e-03 1.28053077e-04 1.69086223e-03 2.46720917e-03
 9.62442451e-03 2.05869159e-03 1.20275956e-02 6.33083709e-03
 1.14509108e-04 6.63473376e-03 6.52923915e-03 8.11622069e-03
 8.77668254e-03 3.96481871e-03 9.08600855e-03 2.96661689e-04
 8.35437639e-03 7.80772662e-03 2.96762548e-01 1.49404671e-01
 1.66362900e-01 1.45209066e-01 1.55979192e-01 1.65209456e-01
 1.43955758e-01 3.12409796e-01 1.51773734e-01 1.70775599e-01
 1.75707319e-01 1.66476125e-01 1.52613340e-01 1.55931644e-01
 3.09588624e-01 1.52347876e-01 1.68206062e-01 1.61185293e-01
 1.58965398e-01 1.57983291e-01 1.54055106e-01 3.12106930e-01
 1.68279506e-01 1.80830841e-01 1.66337659e-01 1.68646666e-01
 1.56498154e-01 1.54876402e-01 3.24398466e-01 1.49770629e-01
 1.54822770e-01 1.67053403e-01 1.64886174e-01 1.55730010e-01
 1.51232041e-01 7.95724302e-03 1.30709095e-02 6.47780684e-03
 4.74129287e-03 1.67025925e-03 1.22994504e-02 7.46739995e-04
 3.54667911e-03 5.64622009e-04 1.90753194e-02 8.27384435e-03
 9.87083330e-04 5.52732010e-03 6.67286589e-03 1.40082164e-02
 3.83098738e-03 1.07211008e-02 1.01757919e-02 2.81998858e-03
 2.71041723e-04 2.00761211e-03 7.04213925e-03 6.58265193e-03
 8.70116773e-03 3.54971856e-03 2.96983866e-01 1.48418485e-01
 1.49436111e-01 1.60932632e-01 1.26206124e-01 1.41840438e-01
 1.53924071e-01 3.26540105e-01 1.71116016e-01 1.71521316e-01
 1.55843202e-01 1.56132639e-01 1.80662038e-01 1.66261555e-01
 3.05429356e-01 1.56970886e-01 1.59814817e-01 1.56736900e-01
 1.24477388e-01 1.62491607e-01 1.52747873e-01 2.55139198e-01
 1.13669015e-01 1.34404504e-01 1.34412005e-01 1.18400904e-01
 1.15313041e-01 1.27353351e-01 3.17227999e-01 1.62533905e-01
 1.73216964e-01 1.45281352e-01 1.48048820e-01 1.74358812e-01
 1.75048966e-01]

 Iteration 300:
############################
Gradient = 
[ 5.66015712e-07  1.01718219e-02  3.37879940e-03 -5.62372018e-07
 -3.24354292e-03  3.50473893e-03  9.73432439e-07 -9.43724087e-03
 -2.99137011e-04  1.84261879e-07  3.77905459e-03 -1.79249410e-03
 -3.53035855e-07 -2.55710713e-03 -6.17247403e-04  6.62753671e-07
  4.90831186e-03  3.03680692e-03  5.55473589e-05  1.53237115e-03
 -1.09778733e-03 -1.56847777e-03 -8.06394098e-03  1.99958566e-03
  8.15111660e-03 -3.49995908e-05 -1.50631551e-03  2.02195951e-03
 -8.22058431e-03 -1.81627701e-03  1.01254353e-02 -5.43796825e-03
  1.63069252e-05  5.68349642e-03 -5.48004829e-03 -6.83194288e-03
  7.49651860e-03  3.41570199e-03 -7.64435377e-03  7.59292550e-07
 -6.94603148e-03  6.74406649e-03  5.23388845e-03  8.23729747e-04
 -5.85196145e-03  9.58224396e-03  2.53595611e-05 -9.93701124e-03
 -7.49165854e-04  9.27656803e-03  7.60910271e-03 -3.52593867e-04
 -7.23901461e-03  4.38028964e-05  9.89244926e-03 -3.33534513e-03
  6.74541843e-03  4.52934177e-03 -8.46688672e-04  2.47938626e-03
  3.40259477e-03  2.44726378e-03 -4.09216592e-03  1.12159449e-02
 -7.54589890e-03 -8.29807285e-03  1.02159338e-03 -4.79789720e-04
  7.36770266e-03 -6.14396301e-04 -7.48234179e-03  6.89440865e-03
  9.64474236e-03 -3.61177180e-03 -2.48041982e-03  3.32709183e-03
 -2.15442971e-03  1.27222392e-03 -1.68344178e-02  2.78260703e-03
 -7.05158504e-03 -4.98894212e-03 -1.41360074e-02 -1.00505375e-03
  3.31058333e-03 -4.70540013e-04 -2.04634045e-02 -8.15554474e-03
 -1.06481717e-04  3.84166941e-03  4.31736392e-03 -1.38469969e-02
  3.67961805e-03  9.54469225e-03  9.97738606e-03 -1.84386786e-03
  3.55325823e-03 -2.02330365e-03 -5.31038567e-03 -5.22677584e-03
  1.16935345e-02  4.36880796e-03  2.96483686e-01  1.47852562e-01
  1.49280229e-01  1.58042910e-01  1.25383684e-01  1.43581543e-01
  1.55205097e-01  3.23098916e-01  1.67815793e-01  1.68700301e-01
  1.54534290e-01  1.53909266e-01  1.77191393e-01  1.66614081e-01
  3.02496953e-01  1.54508329e-01  1.57418565e-01  1.53928396e-01
  1.21853033e-01  1.60638900e-01  1.53384618e-01  2.53029684e-01
  1.13719111e-01  1.33976483e-01  1.32405729e-01  1.17041544e-01
  1.12979469e-01  1.27572733e-01  3.17736853e-01  1.61451422e-01
  1.70635155e-01  1.45308815e-01  1.48062042e-01  1.74129963e-01
  1.77190240e-01]

Gradient approximate =
[-2.88594926e-06  5.30684052e-05  1.83769511e-05  9.06497100e-07
 -1.70424608e-05  1.99562211e-05  3.25468541e-06 -4.77551509e-05
 -4.25359747e-07  2.50254706e-06  2.99041325e-05 -8.46457349e-06
 -2.99198000e-06 -2.24355712e-05 -5.77734971e-06  1.95438998e-06
  3.23045390e-05  1.88882998e-05  3.04843861e-05  2.36496778e-05
  9.31624333e-06  5.66731106e-06 -3.10086246e-05  2.69448686e-05
  6.17205265e-05 -1.12015266e-04 -6.72432066e-05 -4.46336679e-05
 -9.77441350e-05 -6.78528922e-05  1.23762556e-06 -8.87223472e-05
  1.06628562e-04  9.08193987e-05  2.16300267e-05  7.17743198e-06
  9.83863679e-05  7.28503902e-05  1.25071709e-05  2.22953342e-04
  7.66566566e-05  1.50078301e-04  3.01247036e-01  1.49357622e-01
  1.57542593e-01  1.54901725e-01  1.54053665e-01  1.52461282e-01
  1.41996851e-01  3.20582299e-01  1.59165314e-01  1.67762852e-01
  1.64786996e-01  1.63995610e-01  1.62749554e-01  1.50549458e-01
  3.14805193e-01  1.56158090e-01  1.64690235e-01  1.61854602e-01
  1.61081493e-01  1.59624444e-01  1.48038037e-01  3.20400641e-01
  1.58605769e-01  1.67487900e-01  1.64392726e-01  1.64037196e-01
  1.62351911e-01  1.51238096e-01  3.13616492e-01  1.55476270e-01
  1.64185175e-01  1.60970855e-01  1.60531253e-01  1.58942376e-01
  1.47886580e-01 -5.15760958e-03 -2.54814644e-03 -2.64733024e-03
 -2.50814950e-03 -2.76483614e-03 -2.56435378e-03 -2.69703817e-03
  0.00000000e+00  0.00000000e+00  0.00000000e+00  0.00000000e+00
  0.00000000e+00  0.00000000e+00  0.00000000e+00  0.00000000e+00
  0.00000000e+00  0.00000000e+00  0.00000000e+00  0.00000000e+00
  0.00000000e+00  0.00000000e+00  0.00000000e+00  0.00000000e+00
  0.00000000e+00  0.00000000e+00  0.00000000e+00  0.00000000e+00
  0.00000000e+00  0.00000000e+00  0.00000000e+00  0.00000000e+00
  0.00000000e+00  0.00000000e+00  0.00000000e+00  0.00000000e+00
  0.00000000e+00  0.00000000e+00  0.00000000e+00  0.00000000e+00
  0.00000000e+00  0.00000000e+00  0.00000000e+00  0.00000000e+00
  0.00000000e+00  0.00000000e+00  0.00000000e+00  0.00000000e+00
  0.00000000e+00  0.00000000e+00  0.00000000e+00  0.00000000e+00
  0.00000000e+00  0.00000000e+00  0.00000000e+00  0.00000000e+00
  0.00000000e+00  0.00000000e+00  0.00000000e+00  0.00000000e+00
  0.00000000e+00]

Diff = 
[3.45196497e-06 1.01187535e-02 3.36042245e-03 1.46886912e-06
 3.22650046e-03 3.48478271e-03 2.28125297e-06 9.38948572e-03
 2.98711651e-04 2.31828518e-06 3.74915046e-03 1.78402952e-03
 2.63894414e-06 2.53467156e-03 6.11470053e-04 1.29163631e-06
 4.87600732e-03 3.01791862e-03 2.50629728e-05 1.50872147e-03
 1.10710357e-03 1.57414508e-03 8.03293236e-03 1.97264079e-03
 8.08939608e-03 7.70156752e-05 1.43907230e-03 2.06659318e-03
 8.12284017e-03 1.74842412e-03 1.01241977e-02 5.34924591e-03
 9.03216363e-05 5.59267702e-03 5.50167831e-03 6.83912031e-03
 7.39813224e-03 3.34285160e-03 7.65686094e-03 2.22194050e-04
 7.02268814e-03 6.59398819e-03 2.96013147e-01 1.48533892e-01
 1.63394554e-01 1.45319481e-01 1.54028306e-01 1.62398293e-01
 1.42746017e-01 3.11305731e-01 1.51556212e-01 1.68115446e-01
 1.72026010e-01 1.63951807e-01 1.52857105e-01 1.53884803e-01
 3.08059775e-01 1.51628748e-01 1.65536924e-01 1.59375216e-01
 1.57678898e-01 1.57177180e-01 1.52130203e-01 3.09184696e-01
 1.66151668e-01 1.75785973e-01 1.63371133e-01 1.64516986e-01
 1.54984208e-01 1.51852492e-01 3.21098834e-01 1.48581862e-01
 1.54540432e-01 1.64582627e-01 1.63011673e-01 1.55615284e-01
 1.50041010e-01 6.42983350e-03 1.42862714e-02 5.42993727e-03
 4.54343554e-03 2.22410598e-03 1.15716536e-02 1.69198442e-03
 3.31058333e-03 4.70540013e-04 2.04634045e-02 8.15554474e-03
 1.06481717e-04 3.84166941e-03 4.31736392e-03 1.38469969e-02
 3.67961805e-03 9.54469225e-03 9.97738606e-03 1.84386786e-03
 3.55325823e-03 2.02330365e-03 5.31038567e-03 5.22677584e-03
 1.16935345e-02 4.36880796e-03 2.96483686e-01 1.47852562e-01
 1.49280229e-01 1.58042910e-01 1.25383684e-01 1.43581543e-01
 1.55205097e-01 3.23098916e-01 1.67815793e-01 1.68700301e-01
 1.54534290e-01 1.53909266e-01 1.77191393e-01 1.66614081e-01
 3.02496953e-01 1.54508329e-01 1.57418565e-01 1.53928396e-01
 1.21853033e-01 1.60638900e-01 1.53384618e-01 2.53029684e-01
 1.13719111e-01 1.33976483e-01 1.32405729e-01 1.17041544e-01
 1.12979469e-01 1.27572733e-01 3.17736853e-01 1.61451422e-01
 1.70635155e-01 1.45308815e-01 1.48062042e-01 1.74129963e-01
 1.77190240e-01]

 Iteration 400:
############################
Gradient = 
[-1.94009077e-07  8.56956579e-03  2.84651301e-03 -3.23682736e-07
 -2.73181275e-03  2.95435976e-03  1.28379992e-06 -7.95094376e-03
 -2.51401464e-04  4.18175170e-07  3.18515317e-03 -1.51060779e-03
 -4.54913465e-07 -2.15598321e-03 -5.20421854e-04  3.49809049e-07
  4.13769998e-03  2.55952717e-03  4.70110004e-05  1.28741953e-03
 -9.29097100e-04 -1.32542381e-03 -6.80043764e-03  1.68136226e-03
  6.86590125e-03 -3.73045126e-05 -1.26976552e-03  1.70288982e-03
 -6.93016784e-03 -1.53160552e-03  8.53259761e-03 -4.58383928e-03
  5.86708522e-06  4.78350651e-03 -4.62301577e-03 -5.76092823e-03
  6.31275273e-03  2.87441812e-03 -6.44852767e-03  8.81900072e-06
 -5.84933146e-03  5.68752395e-03  4.41370935e-03  6.98362170e-04
 -4.92863580e-03  8.08042633e-03  5.89107362e-05 -8.35861213e-03
 -6.16021245e-04  7.83214491e-03  6.42901333e-03 -2.81665947e-04
 -6.08512209e-03  3.42903805e-05  8.33354062e-03 -2.81566841e-03
  5.68064148e-03  3.81314215e-03 -7.18180400e-04  2.08545916e-03
  2.39039722e-03  1.83442845e-03 -3.69546371e-03  9.22463026e-03
 -8.07746417e-03 -7.22727217e-03  6.01669732e-04 -2.12820588e-04
  6.29784362e-03 -4.22299369e-04 -6.21714433e-03  7.02508883e-03
  8.21812068e-03 -2.94604254e-03 -2.56559528e-03  2.57505321e-03
 -2.06627394e-03  8.40405199e-04 -1.73681670e-02  2.37721141e-03
 -6.42631732e-03 -4.96079782e-03 -1.27859116e-02  3.31681101e-04
  3.18569414e-03 -3.92692498e-04 -2.16186539e-02 -8.04078712e-03
 -9.85688454e-04  2.23384547e-03  2.33785137e-03 -1.37083684e-02
  3.65786284e-03  8.61286587e-03  9.88000069e-03 -1.00453433e-03
  6.87780821e-03 -2.02878240e-03 -3.75617654e-03 -3.94268039e-03
  1.44017294e-02  4.86824034e-03  2.96056388e-01  1.47371776e-01
  1.49141599e-01  1.55642223e-01  1.24764539e-01  1.45019308e-01
  1.56444036e-01  3.20183706e-01  1.65025079e-01  1.66323996e-01
  1.53475313e-01  1.52127887e-01  1.74232170e-01  1.67061454e-01
  3.00148907e-01  1.52495196e-01  1.55474105e-01  1.51673646e-01
  1.19871653e-01  1.59155956e-01  1.54178942e-01  2.51525392e-01
  1.14191528e-01  1.33804229e-01  1.30936611e-01  1.16062463e-01
  1.11117927e-01  1.28013931e-01  3.18104828e-01  1.60298793e-01
  1.68404050e-01  1.45321466e-01  1.48213441e-01  1.73921216e-01
  1.79190944e-01]

Gradient approximate =
[-2.00538475e-06  4.50240467e-05  1.56794266e-05  6.99365010e-07
 -1.41612166e-05  1.68677339e-05  1.97611039e-06 -4.18413371e-05
 -9.02076192e-07  1.35860434e-06  2.23924790e-05 -7.84594389e-06
 -1.85439664e-06 -1.68779346e-05 -4.20005586e-06  1.41719303e-06
  2.70541545e-05  1.57207736e-05  3.40129769e-05  2.45602871e-05
  1.18769905e-05  8.24428303e-06 -2.17461382e-05  2.68238876e-05
  5.64143909e-05 -7.84299381e-05 -4.73802797e-05 -2.97440983e-05
 -7.58672569e-05 -4.87001062e-05  8.93016328e-06 -6.60522703e-05
  7.51615481e-05  6.75197143e-05  1.11357679e-05  4.97399899e-07
  7.49481277e-05  5.42727330e-05  2.28317143e-06  1.74055126e-04
  5.61141467e-05  1.19788868e-04  2.99799530e-01  1.48503651e-01
  1.55963969e-01  1.53498976e-01  1.52446164e-01  1.51673604e-01
  1.41235826e-01  3.18176151e-01  1.57790486e-01  1.65590505e-01
  1.62838452e-01  1.61856720e-01  1.61382897e-01  1.49451176e-01
  3.12449847e-01  1.54835848e-01  1.62577724e-01  1.59945597e-01
  1.58978002e-01  1.58324115e-01  1.46927160e-01  3.15938059e-01
  1.56278346e-01  1.64312348e-01  1.61472977e-01  1.60843097e-01
  1.60007906e-01  1.49016916e-01  3.12147296e-01  1.54626180e-01
  1.62538615e-01  1.59578659e-01  1.58880076e-01  1.58107079e-01
  1.47111159e-01 -4.32206294e-03 -2.15168880e-03 -2.21902486e-03
 -2.10403877e-03 -2.34005916e-03 -2.15443172e-03 -2.24098165e-03
  0.00000000e+00  0.00000000e+00  0.00000000e+00  0.00000000e+00
  0.00000000e+00  0.00000000e+00  0.00000000e+00  0.00000000e+00
  0.00000000e+00  0.00000000e+00  0.00000000e+00  0.00000000e+00
  0.00000000e+00  0.00000000e+00  0.00000000e+00  0.00000000e+00
  0.00000000e+00  0.00000000e+00  0.00000000e+00  0.00000000e+00
  0.00000000e+00  0.00000000e+00  0.00000000e+00  0.00000000e+00
  0.00000000e+00  0.00000000e+00  0.00000000e+00  0.00000000e+00
  0.00000000e+00  0.00000000e+00  0.00000000e+00  0.00000000e+00
  0.00000000e+00  0.00000000e+00  0.00000000e+00  0.00000000e+00
  0.00000000e+00  0.00000000e+00  0.00000000e+00  0.00000000e+00
  0.00000000e+00  0.00000000e+00  0.00000000e+00  0.00000000e+00
  0.00000000e+00  0.00000000e+00  0.00000000e+00  0.00000000e+00
  0.00000000e+00  0.00000000e+00  0.00000000e+00  0.00000000e+00
  0.00000000e+00]

Diff = 
[1.81137567e-06 8.52454175e-03 2.83083358e-03 1.02304775e-06
 2.71765154e-03 2.93749203e-03 6.92310466e-07 7.90910243e-03
 2.50499388e-04 9.40429171e-07 3.16276069e-03 1.50276184e-03
 1.39948317e-06 2.13910528e-03 5.16221799e-04 1.06738398e-06
 4.11064583e-03 2.54380640e-03 1.29980235e-05 1.26285924e-03
 9.40974091e-04 1.33366810e-03 6.77869150e-03 1.65453838e-03
 6.80948685e-03 4.11254255e-05 1.22238524e-03 1.73263392e-03
 6.85430058e-03 1.48290542e-03 8.52366744e-03 4.51778701e-03
 6.92944629e-05 4.71598680e-03 4.63415154e-03 5.76142563e-03
 6.23780460e-03 2.82014539e-03 6.45081084e-03 1.65236125e-04
 5.90544560e-03 5.56773508e-03 2.95385821e-01 1.47805289e-01
 1.60892605e-01 1.45418550e-01 1.52387253e-01 1.60032216e-01
 1.41851847e-01 3.10344006e-01 1.51361472e-01 1.65872171e-01
 1.68923574e-01 1.61822430e-01 1.53049357e-01 1.52266845e-01
 3.06769205e-01 1.51022706e-01 1.63295904e-01 1.57860138e-01
 1.56587605e-01 1.56489687e-01 1.50622624e-01 3.06713429e-01
 1.64355811e-01 1.71539620e-01 1.60871308e-01 1.61055918e-01
 1.53710062e-01 1.49439215e-01 3.18364441e-01 1.47601092e-01
 1.54320495e-01 1.62524701e-01 1.61445671e-01 1.55532026e-01
 1.49177433e-01 5.16246814e-03 1.52164782e-02 4.59623627e-03
 4.32227854e-03 2.62073866e-03 1.06314798e-02 2.57266275e-03
 3.18569414e-03 3.92692498e-04 2.16186539e-02 8.04078712e-03
 9.85688454e-04 2.23384547e-03 2.33785137e-03 1.37083684e-02
 3.65786284e-03 8.61286587e-03 9.88000069e-03 1.00453433e-03
 6.87780821e-03 2.02878240e-03 3.75617654e-03 3.94268039e-03
 1.44017294e-02 4.86824034e-03 2.96056388e-01 1.47371776e-01
 1.49141599e-01 1.55642223e-01 1.24764539e-01 1.45019308e-01
 1.56444036e-01 3.20183706e-01 1.65025079e-01 1.66323996e-01
 1.53475313e-01 1.52127887e-01 1.74232170e-01 1.67061454e-01
 3.00148907e-01 1.52495196e-01 1.55474105e-01 1.51673646e-01
 1.19871653e-01 1.59155956e-01 1.54178942e-01 2.51525392e-01
 1.14191528e-01 1.33804229e-01 1.30936611e-01 1.16062463e-01
 1.11117927e-01 1.28013931e-01 3.18104828e-01 1.60298793e-01
 1.68404050e-01 1.45321466e-01 1.48213441e-01 1.73921216e-01
 1.79190944e-01]

 Iteration 500:
############################
Gradient = 
[-6.14953538e-07  7.22061038e-03  2.39838085e-03 -1.94731661e-07
 -2.30121426e-03  2.49029856e-03  1.36550990e-06 -6.69942094e-03
 -2.11562578e-04  5.25214700e-07  2.68449713e-03 -1.27313954e-03
 -4.67476317e-07 -1.81758285e-03 -4.38714256e-04  1.58399383e-07
  3.48810913e-03  2.15729384e-03  4.53748101e-05  1.08425271e-03
 -7.83740416e-04 -1.11766997e-03 -5.73228560e-03  1.41637594e-03
  5.78594105e-03 -3.90287090e-05 -1.07037466e-03  1.43429393e-03
 -5.84212280e-03 -1.29148215e-03  7.19046157e-03 -3.86382462e-03
  1.94965388e-06  4.02869489e-03 -3.89784042e-03 -4.85606012e-03
  5.31831172e-03  2.42108781e-03 -5.43728801e-03  1.61271936e-05
 -4.92572564e-03  4.79677020e-03  3.72242612e-03  5.92246141e-04
 -4.15070383e-03  6.81412774e-03  8.69714654e-05 -7.03151962e-03
 -5.06240129e-04  6.61294283e-03  5.43166925e-03 -2.24297519e-04
 -5.11550244e-03  2.56884813e-05  7.02010165e-03 -2.37725854e-03
  4.78360314e-03  3.20994158e-03 -6.09450768e-04  1.75387626e-03
  1.54993467e-03  1.32359590e-03 -3.35593018e-03  7.55136886e-03
 -8.52382160e-03 -6.32198300e-03  2.55557297e-04  1.23559586e-05
  5.39359055e-03 -2.62528386e-04 -5.15337459e-03  7.13554423e-03
  7.01703715e-03 -2.38524164e-03 -2.62962566e-03  1.94568396e-03
 -1.98729167e-03  4.81004877e-04 -1.77335393e-02  2.07750152e-03
 -5.85320961e-03 -4.87953006e-03 -1.13273950e-02  1.52783755e-03
  3.15149095e-03 -3.30119095e-04 -2.25787326e-02 -7.93049422e-03
 -1.69213717e-03  6.87876880e-04  6.71384863e-04 -1.35921531e-02
  3.73930410e-03  7.88291400e-03  9.86126646e-03 -2.78191253e-04
  1.02246722e-02 -2.03194346e-03 -2.35839630e-03 -2.72764966e-03
  1.68160248e-02  5.08862851e-03  2.95688596e-01  1.46960966e-01
  1.49017665e-01  1.53651248e-01  1.24314649e-01  1.46201762e-01
  1.57624465e-01  3.17717056e-01  1.62665663e-01  1.64322333e-01
  1.52623942e-01  1.50715849e-01  1.71708248e-01  1.67570090e-01
  2.98287739e-01  1.50856865e-01  1.53903626e-01  1.49876593e-01
  1.18422034e-01  1.57982088e-01  1.55083466e-01  2.50531584e-01
  1.15018292e-01  1.33843706e-01  1.29913439e-01  1.15400154e-01
  1.09656423e-01  1.28628994e-01  3.18351283e-01  1.59085673e-01
  1.66469636e-01  1.45320624e-01  1.48478976e-01  1.73727297e-01
  1.81045044e-01]

Gradient approximate =
[-1.38793643e-06  3.82572884e-05  1.33553901e-05  5.34836619e-07
 -1.18466370e-05  1.42368273e-05  1.19124488e-06 -3.62262020e-05
 -1.07691633e-06  7.00917102e-07  1.72121806e-05 -7.03183956e-06
 -1.16054277e-06 -1.30591116e-05 -3.14958726e-06  1.04218634e-06
  2.27310593e-05  1.31310451e-05  3.46041973e-05  2.38736853e-05
  1.29104594e-05  9.52821599e-06 -1.52422541e-05  2.55707411e-05
  5.06159759e-05 -5.49933477e-05 -3.36800232e-05 -1.95475192e-05
 -5.92285776e-05 -3.52001583e-05  1.30687527e-05 -4.97109198e-05
  5.28172639e-05  5.06985720e-05  4.25078195e-06 -3.76995102e-06
  5.75384163e-05  4.05779721e-05 -3.85662835e-06  1.37371476e-04
  4.17001966e-05  9.64178049e-05  2.98579818e-01  1.47784797e-01
  1.54631779e-01  1.52319065e-01  1.51091691e-01  1.51008175e-01
  1.40711418e-01  3.16123675e-01  1.56619968e-01  1.63756363e-01
  1.61193658e-01  1.60051650e-01  1.60221704e-01  1.48633602e-01
  3.10464365e-01  1.53721448e-01  1.60804139e-01  1.58345023e-01
  1.57211017e-01  1.57228094e-01  1.46108598e-01  3.12172426e-01
  1.54315082e-01  1.61640576e-01  1.59018479e-01  1.58159693e-01
  1.58028774e-01  1.47266291e-01  3.10938298e-01  1.53922232e-01
  1.61163210e-01  1.58420384e-01  1.57503013e-01  1.57416273e-01
  1.46593003e-01 -3.62887157e-03 -1.82265215e-03 -1.86288377e-03
 -1.76841736e-03 -1.98865972e-03 -1.81165348e-03 -1.86524587e-03
  0.00000000e+00  0.00000000e+00  0.00000000e+00  0.00000000e+00
  0.00000000e+00  0.00000000e+00  0.00000000e+00  0.00000000e+00
  0.00000000e+00  0.00000000e+00  0.00000000e+00  0.00000000e+00
  0.00000000e+00  0.00000000e+00  0.00000000e+00  0.00000000e+00
  0.00000000e+00  0.00000000e+00  0.00000000e+00  0.00000000e+00
  0.00000000e+00  0.00000000e+00  0.00000000e+00  0.00000000e+00
  0.00000000e+00  0.00000000e+00  0.00000000e+00  0.00000000e+00
  0.00000000e+00  0.00000000e+00  0.00000000e+00  0.00000000e+00
  0.00000000e+00  0.00000000e+00  0.00000000e+00  0.00000000e+00
  0.00000000e+00  0.00000000e+00  0.00000000e+00  0.00000000e+00
  0.00000000e+00  0.00000000e+00  0.00000000e+00  0.00000000e+00
  0.00000000e+00  0.00000000e+00  0.00000000e+00  0.00000000e+00
  0.00000000e+00  0.00000000e+00  0.00000000e+00  0.00000000e+00
  0.00000000e+00]

Diff = 
[7.72982894e-07 7.18235309e-03 2.38502546e-03 7.29568281e-07
 2.28936763e-03 2.47606173e-03 1.74265016e-07 6.66319474e-03
 2.10485661e-04 1.75702402e-07 2.66728495e-03 1.26610770e-03
 6.93066456e-07 1.80452374e-03 4.35564668e-04 8.83786954e-07
 3.46537807e-03 2.14416280e-03 1.07706128e-05 1.06037903e-03
 7.96650875e-04 1.12719818e-03 5.71704334e-03 1.39080520e-03
 5.73532507e-03 1.59646386e-05 1.03669464e-03 1.45384145e-03
 5.78289422e-03 1.25628199e-03 7.17739282e-03 3.81411370e-03
 5.08676100e-05 3.97799631e-03 3.90209120e-03 4.85229017e-03
 5.26077331e-03 2.38050984e-03 5.43343138e-03 1.21244283e-04
 4.96742584e-03 4.70035239e-03 2.94857392e-01 1.47192551e-01
 1.58782483e-01 1.45504937e-01 1.51004719e-01 1.58039695e-01
 1.41217658e-01 3.09510732e-01 1.51188299e-01 1.63980661e-01
 1.66309161e-01 1.60025962e-01 1.53201602e-01 1.51010861e-01
 3.05680762e-01 1.50511506e-01 1.61413590e-01 1.56591147e-01
 1.55661082e-01 1.55904498e-01 1.49464528e-01 3.04621057e-01
 1.62838903e-01 1.67962559e-01 1.58762922e-01 1.58147337e-01
 1.52635183e-01 1.47528819e-01 3.16091673e-01 1.46786687e-01
 1.54146173e-01 1.60805626e-01 1.60132639e-01 1.55470589e-01
 1.48580295e-01 4.10987645e-03 1.59108872e-02 3.94038528e-03
 4.08479225e-03 2.89087034e-03 9.51574154e-03 3.39308342e-03
 3.15149095e-03 3.30119095e-04 2.25787326e-02 7.93049422e-03
 1.69213717e-03 6.87876880e-04 6.71384863e-04 1.35921531e-02
 3.73930410e-03 7.88291400e-03 9.86126646e-03 2.78191253e-04
 1.02246722e-02 2.03194346e-03 2.35839630e-03 2.72764966e-03
 1.68160248e-02 5.08862851e-03 2.95688596e-01 1.46960966e-01
 1.49017665e-01 1.53651248e-01 1.24314649e-01 1.46201762e-01
 1.57624465e-01 3.17717056e-01 1.62665663e-01 1.64322333e-01
 1.52623942e-01 1.50715849e-01 1.71708248e-01 1.67570090e-01
 2.98287739e-01 1.50856865e-01 1.53903626e-01 1.49876593e-01
 1.18422034e-01 1.57982088e-01 1.55083466e-01 2.50531584e-01
 1.15018292e-01 1.33843706e-01 1.29913439e-01 1.15400154e-01
 1.09656423e-01 1.28628994e-01 3.18351283e-01 1.59085673e-01
 1.66469636e-01 1.45320624e-01 1.48478976e-01 1.73727297e-01
 1.81045044e-01]

 Iteration 600:
############################
Gradient = 
[-8.25620246e-07  6.08457351e-03  2.02100029e-03 -1.26625849e-07
 -1.93872557e-03  2.09906079e-03  1.31533534e-06 -5.64533601e-03
 -1.78229660e-04  5.42495015e-07  2.26243601e-03 -1.07307349e-03
 -4.33309450e-07 -1.53217424e-03 -3.69785769e-04  5.34632929e-08
  2.94053599e-03  1.81829298e-03  4.96737916e-05  9.15758496e-04
 -6.58482221e-04 -9.40004476e-04 -4.82925535e-03  1.19582899e-03
  4.87847481e-03 -4.02232735e-05 -9.02246249e-04  1.20819887e-03
 -4.92472861e-03 -1.08890544e-03  6.05957683e-03 -3.25682500e-03
  2.34928457e-06  3.39489853e-03 -3.28474565e-03 -4.09189459e-03
  4.48231044e-03  2.04093629e-03 -4.58280974e-03  2.27688593e-05
 -4.14787129e-03  4.04576653e-03  3.13973507e-03  5.02423286e-04
 -3.49529660e-03  5.74641910e-03  1.10376617e-04 -5.91556434e-03
 -4.15814304e-04  5.58368476e-03  4.58881351e-03 -1.78036975e-04
 -4.30065485e-03  1.74055507e-05  5.91325065e-03 -2.00760644e-03
  4.02770724e-03  2.70169338e-03 -5.17661878e-04  1.47455413e-03
  8.52738748e-04  8.97975659e-04 -3.06505864e-03  6.14558030e-03
 -8.89952112e-03 -5.55603749e-03 -2.98872341e-05  2.05614315e-04
  4.63097523e-03 -1.27969088e-04 -4.25724540e-03  7.23083392e-03
  6.00734558e-03 -1.91085266e-03 -2.67567641e-03  1.41970301e-03
 -1.91597402e-03  1.82608645e-04 -1.79589399e-02  1.86619933e-03
 -5.32499878e-03 -4.75631746e-03 -9.77899178e-03  2.60360490e-03
  3.19127296e-03 -2.82340201e-04 -2.33755347e-02 -7.82543694e-03
 -2.25877346e-03 -8.09001427e-04 -7.34359877e-04 -1.34976102e-02
  3.90293578e-03  7.31969834e-03  9.90396228e-03  3.54306160e-04
  1.35768312e-02 -2.03971758e-03 -1.09957009e-03 -1.57942810e-03
  1.89283023e-02  5.06368421e-03  2.95369791e-01  1.46608138e-01
  1.48906329e-01  1.52003836e-01  1.24005702e-01  1.47168892e-01
  1.58733218e-01  3.15632228e-01  1.60671289e-01  1.62636317e-01
  1.51945352e-01  1.49612707e-01  1.69553706e-01  1.68111300e-01
  2.96832758e-01  1.49531663e-01  1.52643526e-01  1.48458923e-01
  1.17412994e-01  1.57066086e-01  1.56059089e-01  2.49967585e-01
  1.16142496e-01  1.34058462e-01  1.29261051e-01  1.15001508e-01
  1.08532460e-01  1.29376337e-01  3.18491320e-01  1.57819385e-01
  1.64784774e-01  1.45306180e-01  1.48837293e-01  1.73542592e-01
  1.82747283e-01]

Gradient approximate =
[-9.57951496e-07  3.25163785e-05  1.13564225e-05  4.06914502e-07
 -9.95382887e-06  1.20053767e-05  7.11322112e-07 -3.11073944e-05
 -1.08903331e-06  3.28939098e-07  1.35289846e-05 -6.17252693e-06
 -7.34896588e-07 -1.03428843e-05 -2.42761145e-06  7.76489983e-07
  1.91392124e-05  1.09959442e-05  3.35684058e-05  2.23897856e-05
  1.30472277e-05  1.00083430e-05 -1.05908282e-05  2.37628117e-05
  4.48901116e-05 -3.86421783e-05 -2.41683273e-05 -1.26141875e-05
 -4.65366656e-05 -2.56423416e-05  1.48967749e-05 -3.78229892e-05
  3.69381392e-05  3.84173582e-05 -1.46269663e-07 -6.32432551e-06
  4.44918435e-05  3.04457792e-05 -7.33006100e-06  1.09707368e-04
  3.15516790e-05  7.82873166e-05  2.97549359e-01  1.47177360e-01
  1.53506447e-01  1.51324996e-01  1.49948725e-01  1.50445343e-01
  1.40382489e-01  3.14375795e-01  1.55624099e-01  1.62208011e-01
  1.59805639e-01  1.58527718e-01  1.59236089e-01  1.48052837e-01
  3.08791372e-01  1.52781754e-01  1.59314472e-01  1.57002374e-01
  1.55725650e-01  1.56304821e-01  1.45533995e-01  3.08992501e-01
  1.52656888e-01  1.59390617e-01  1.56952858e-01  1.55902273e-01
  1.56357140e-01  1.45906052e-01  3.09940503e-01  1.53337191e-01
  1.60012820e-01  1.57455107e-01  1.56352242e-01  1.56843906e-01
  1.46285004e-01 -3.05257267e-03 -1.54885348e-03 -1.56616965e-03
 -1.48901476e-03 -1.69719497e-03 -1.52435919e-03 -1.55461404e-03
  0.00000000e+00  0.00000000e+00  0.00000000e+00  0.00000000e+00
  0.00000000e+00  0.00000000e+00  0.00000000e+00  0.00000000e+00
  0.00000000e+00  0.00000000e+00  0.00000000e+00  0.00000000e+00
  0.00000000e+00  0.00000000e+00  0.00000000e+00  0.00000000e+00
  0.00000000e+00  0.00000000e+00  0.00000000e+00  0.00000000e+00
  0.00000000e+00  0.00000000e+00  0.00000000e+00  0.00000000e+00
  0.00000000e+00  0.00000000e+00  0.00000000e+00  0.00000000e+00
  0.00000000e+00  0.00000000e+00  0.00000000e+00  0.00000000e+00
  0.00000000e+00  0.00000000e+00  0.00000000e+00  0.00000000e+00
  0.00000000e+00  0.00000000e+00  0.00000000e+00  0.00000000e+00
  0.00000000e+00  0.00000000e+00  0.00000000e+00  0.00000000e+00
  0.00000000e+00  0.00000000e+00  0.00000000e+00  0.00000000e+00
  0.00000000e+00  0.00000000e+00  0.00000000e+00  0.00000000e+00
  0.00000000e+00]

Diff = 
[1.32331250e-07 6.05205713e-03 2.00964386e-03 5.33540351e-07
 1.92877174e-03 2.08705541e-03 6.04013225e-07 5.61422862e-03
 1.77140627e-04 2.13555917e-07 2.24890702e-03 1.06690096e-03
 3.01587138e-07 1.52183135e-03 3.67358158e-04 7.23026690e-07
 2.92139678e-03 1.80729704e-03 1.61053857e-05 8.93368711e-04
 6.71529449e-04 9.50012819e-04 4.81866452e-03 1.17206618e-03
 4.83358470e-03 1.58109519e-06 8.78077922e-04 1.22081305e-03
 4.87819195e-03 1.06326310e-03 6.04468006e-03 3.21900201e-03
 3.45888546e-05 3.35648118e-03 3.28459938e-03 4.08557027e-03
 4.43781859e-03 2.01049051e-03 4.57547968e-03 8.69385083e-05
 4.17942296e-03 3.96747922e-03 2.94409624e-01 1.46674936e-01
 1.57001744e-01 1.45578577e-01 1.49838348e-01 1.56360907e-01
 1.40798303e-01 3.08792110e-01 1.51035286e-01 1.62386048e-01
 1.64106294e-01 1.58510313e-01 1.53322838e-01 1.50060443e-01
 3.04763665e-01 1.50080061e-01 1.59832134e-01 1.55527820e-01
 1.54872911e-01 1.55406845e-01 1.48599054e-01 3.02846921e-01
 1.61556409e-01 1.64946655e-01 1.56982746e-01 1.55696658e-01
 1.51726165e-01 1.46034021e-01 3.14197748e-01 1.46106357e-01
 1.54005474e-01 1.59365959e-01 1.59027918e-01 1.55424203e-01
 1.48200978e-01 3.23518131e-03 1.64100865e-02 3.43236897e-03
 3.83598402e-03 3.05912249e-03 8.25463259e-03 4.15821895e-03
 3.19127296e-03 2.82340201e-04 2.33755347e-02 7.82543694e-03
 2.25877346e-03 8.09001427e-04 7.34359877e-04 1.34976102e-02
 3.90293578e-03 7.31969834e-03 9.90396228e-03 3.54306160e-04
 1.35768312e-02 2.03971758e-03 1.09957009e-03 1.57942810e-03
 1.89283023e-02 5.06368421e-03 2.95369791e-01 1.46608138e-01
 1.48906329e-01 1.52003836e-01 1.24005702e-01 1.47168892e-01
 1.58733218e-01 3.15632228e-01 1.60671289e-01 1.62636317e-01
 1.51945352e-01 1.49612707e-01 1.69553706e-01 1.68111300e-01
 2.96832758e-01 1.49531663e-01 1.52643526e-01 1.48458923e-01
 1.17412994e-01 1.57066086e-01 1.56059089e-01 2.49967585e-01
 1.16142496e-01 1.34058462e-01 1.29261051e-01 1.15001508e-01
 1.08532460e-01 1.29376337e-01 3.18491320e-01 1.57819385e-01
 1.64784774e-01 1.45306180e-01 1.48837293e-01 1.73542592e-01
 1.82747283e-01]

 Iteration 700:
############################
Gradient = 
[-9.07174917e-07  5.12763854e-03  1.70313715e-03 -9.16820756e-08
 -1.63347753e-03  1.76924464e-03  1.19396698e-06 -4.75738135e-03
 -1.50281812e-04  5.01006956e-07  1.90664303e-03 -9.04501903e-04
 -3.77786555e-07 -1.29150902e-03 -3.11653157e-04  6.98843598e-09
  2.47895419e-03  1.53257411e-03  5.90679616e-05  7.76040935e-04
 -5.50543110e-04 -7.88013010e-04 -4.06580055e-03  1.01235579e-03
  4.11597044e-03 -4.09531206e-05 -7.60446036e-04  1.01788376e-03
 -4.15123248e-03 -9.17989220e-04  5.10669501e-03 -2.74507995e-03
  5.55648933e-06  2.86222183e-03 -2.76677366e-03 -3.44681367e-03
  3.77908764e-03  1.72179932e-03 -3.86124225e-03  2.88027399e-05
 -3.49275616e-03  3.41255952e-03  2.64852984e-03  4.26381592e-04
 -2.94314659e-03  4.84615259e-03  1.29685480e-04 -4.97712346e-03
 -3.41472442e-04  4.71460858e-03  3.87647177e-03 -1.40920521e-04
 -3.61589866e-03  9.03721168e-06  4.98032290e-03 -1.69608844e-03
  3.39060127e-03  2.27328149e-03 -4.40338884e-04  1.23908965e-03
  2.75905153e-04  5.43981040e-04 -2.81518966e-03  4.96516341e-03
 -9.21613376e-03 -4.90711006e-03 -2.64859223e-04  3.74197884e-04
  3.98918989e-03 -1.32072444e-05 -3.50091759e-03  7.31472708e-03
  5.15989079e-03 -1.50792246e-03 -2.70646004e-03  9.80894547e-04
 -1.85104412e-03 -6.43557805e-05 -1.80681837e-02  1.72873128e-03
 -4.83548694e-03 -4.60024638e-03 -8.15603079e-03  3.57610371e-03
  3.29127841e-03 -2.49196356e-04 -2.40360625e-02 -7.72630194e-03
 -2.71187705e-03 -2.26708062e-03 -1.92297343e-03 -1.34237081e-02
  4.13193495e-03  6.89422844e-03  9.99468623e-03  9.08433306e-04
  1.69199008e-02 -2.05812367e-03  3.48355198e-05 -4.96070903e-04
  2.07317615e-02  4.82153246e-03  2.95091649e-01  1.46303701e-01
  1.48805908e-01  1.50644693e-01  1.23814075e-01  1.47954081e-01
  1.59759774e-01  3.13872004e-01  1.58985881e-01  1.61216383e-01
  1.51410801e-01  1.48768068e-01  1.67711803e-01  1.68660645e-01
  2.95716815e-01  1.48468360e-01  1.51641536e-01  1.47356334e-01
  1.16769204e-01  1.56364628e-01  1.57073218e-01  2.49764607e-01
  1.17516252e-01  1.34418126e-01  1.28917074e-01  1.14821906e-01
  1.07691994e-01  1.30219777e-01  3.18536801e-01  1.56505484e-01
  1.63308623e-01  1.45277142e-01  1.49269554e-01  1.73361538e-01
  1.84293225e-01]

Gradient approximate =
[-6.60098642e-07  2.76249157e-05  9.64142544e-06  3.08826298e-07
 -8.38643377e-06  1.01179953e-05  4.19269064e-07 -2.65578848e-05
 -1.01942677e-06  1.23889787e-07  1.08294662e-05 -5.34585043e-06
 -4.71660488e-07 -8.34401215e-06 -1.91470617e-06  5.85611559e-07
  1.61361480e-05  9.22485421e-06  3.17216564e-05  2.05794448e-05
  1.26895383e-05  1.00130482e-05 -7.19456050e-06  2.17546603e-05
  3.95383237e-05 -2.72372680e-05 -1.75204518e-05 -7.94065924e-06
 -3.68141762e-05 -1.88430804e-05  1.52650448e-05 -2.90926638e-05
  2.56525445e-05  2.93543945e-05 -2.84204882e-06 -7.68872521e-06
  3.46321616e-05  2.29207608e-05 -9.08028763e-06  8.87384100e-05
  2.43885268e-05  6.41472919e-05  2.96676651e-01  1.46662323e-01
  1.52554980e-01  1.50486321e-01  1.48982840e-01  1.49968721e-01
  1.40215403e-01  3.12889646e-01  1.54777421e-01  1.60901252e-01
  1.58634723e-01  1.57240804e-01  1.58400468e-01  1.47671873e-01
  3.07382383e-01  1.51989127e-01  1.58062962e-01  1.55875760e-01
  1.54476298e-01  1.55527615e-01  1.45163240e-01  3.06305276e-01
  1.51254761e-01  1.57494317e-01  1.55212863e-01  1.54000835e-01
  1.54944722e-01  1.44870488e-01  3.09115237e-01  1.52849587e-01
  1.59049794e-01  1.56649744e-01  1.55389030e-01  1.56369131e-01
  1.46149377e-01 -2.57252867e-03 -1.32046681e-03 -1.31850993e-03
 -1.25591478e-03 -1.45484850e-03 -1.28296290e-03 -1.29700923e-03
  0.00000000e+00  0.00000000e+00  0.00000000e+00  0.00000000e+00
  0.00000000e+00  0.00000000e+00  0.00000000e+00  0.00000000e+00
  0.00000000e+00  0.00000000e+00  0.00000000e+00  0.00000000e+00
  0.00000000e+00  0.00000000e+00  0.00000000e+00  0.00000000e+00
  0.00000000e+00  0.00000000e+00  0.00000000e+00  0.00000000e+00
  0.00000000e+00  0.00000000e+00  0.00000000e+00  0.00000000e+00
  0.00000000e+00  0.00000000e+00  0.00000000e+00  0.00000000e+00
  0.00000000e+00  0.00000000e+00  0.00000000e+00  0.00000000e+00
  0.00000000e+00  0.00000000e+00  0.00000000e+00  0.00000000e+00
  0.00000000e+00  0.00000000e+00  0.00000000e+00  0.00000000e+00
  0.00000000e+00  0.00000000e+00  0.00000000e+00  0.00000000e+00
  0.00000000e+00  0.00000000e+00  0.00000000e+00  0.00000000e+00
  0.00000000e+00  0.00000000e+00  0.00000000e+00  0.00000000e+00
  0.00000000e+00]

Diff = 
[2.47076275e-07 5.10001362e-03 1.69349573e-03 4.00508373e-07
 1.62509109e-03 1.75912664e-03 7.74697912e-07 4.73082346e-03
 1.49262386e-04 3.77117169e-07 1.89581357e-03 8.99156053e-04
 9.38739337e-08 1.28316501e-03 3.09738450e-04 5.78623123e-07
 2.46281804e-03 1.52334926e-03 2.73463052e-05 7.55461491e-04
 5.63232648e-04 7.98026058e-04 4.05860599e-03 9.90601132e-04
 4.07643212e-03 1.37158526e-05 7.42925584e-04 1.02582442e-03
 4.11441831e-03 8.99146139e-04 5.09142997e-03 2.71598728e-03
 2.00960552e-05 2.83286744e-03 2.76393161e-03 3.43912495e-03
 3.74445548e-03 1.69887856e-03 3.85216196e-03 5.99356700e-05
 3.51714469e-03 3.34841223e-03 2.94028121e-01 1.46235942e-01
 1.55498127e-01 1.45640168e-01 1.48853155e-01 1.54945845e-01
 1.40556875e-01 3.08175037e-01 1.50900949e-01 1.61042172e-01
 1.62250622e-01 1.57231767e-01 1.53420145e-01 1.49367962e-01
 3.03991782e-01 1.49715846e-01 1.58503301e-01 1.54636670e-01
 1.54200393e-01 1.54983634e-01 1.47978430e-01 3.01340113e-01
 1.60470895e-01 1.62401428e-01 1.55477722e-01 1.53626637e-01
 1.50955532e-01 1.44883696e-01 3.12616154e-01 1.45534860e-01
 1.53889903e-01 1.58157667e-01 1.58095490e-01 1.55388236e-01
 1.48000421e-01 2.50817289e-03 1.67477169e-02 3.04724121e-03
 3.57957215e-03 3.14539787e-03 6.87306788e-03 4.87311293e-03
 3.29127841e-03 2.49196356e-04 2.40360625e-02 7.72630194e-03
 2.71187705e-03 2.26708062e-03 1.92297343e-03 1.34237081e-02
 4.13193495e-03 6.89422844e-03 9.99468623e-03 9.08433306e-04
 1.69199008e-02 2.05812367e-03 3.48355198e-05 4.96070903e-04
 2.07317615e-02 4.82153246e-03 2.95091649e-01 1.46303701e-01
 1.48805908e-01 1.50644693e-01 1.23814075e-01 1.47954081e-01
 1.59759774e-01 3.13872004e-01 1.58985881e-01 1.61216383e-01
 1.51410801e-01 1.48768068e-01 1.67711803e-01 1.68660645e-01
 2.95716815e-01 1.48468360e-01 1.51641536e-01 1.47356334e-01
 1.16769204e-01 1.56364628e-01 1.57073218e-01 2.49764607e-01
 1.17516252e-01 1.34418126e-01 1.28917074e-01 1.14821906e-01
 1.07691994e-01 1.30219777e-01 3.18536801e-01 1.56505484e-01
 1.63308623e-01 1.45277142e-01 1.49269554e-01 1.73361538e-01
 1.84293225e-01]

 Iteration 800:
############################
Gradient = 
[-9.10980596e-07  4.32143812e-03  1.43536263e-03 -7.44310107e-08
 -1.37637346e-03  1.49122322e-03  1.03911560e-06 -4.00927122e-03
 -1.26808398e-04  4.24681261e-07  1.60673210e-03 -7.62452201e-04
 -3.15703450e-07 -1.08860541e-03 -2.62636555e-04 -2.21162514e-09
  2.08985252e-03  1.29175554e-03  7.28386840e-05  6.60214707e-04
 -4.57528258e-04 -6.57945163e-04 -3.42032653e-03  8.59798874e-04
  3.47529431e-03 -4.12907703e-05 -6.40836441e-04  8.57683860e-04
 -3.49907542e-03 -7.73781032e-04  4.30379472e-03 -2.31363363e-03
  1.05380970e-05  2.41419914e-03 -2.32942954e-03 -2.90246291e-03
  3.18726255e-03  1.45362677e-03 -3.25222045e-03  3.42712087e-05
 -2.94101073e-03  2.87864264e-03  2.23440094e-03  3.61990849e-04
 -2.47801788e-03  4.08705912e-03  1.45274556e-04 -4.18800825e-03
 -2.80530043e-04  3.98060571e-03  3.27433460e-03 -1.11362435e-04
 -3.04055142e-03  3.07206879e-07  4.19385540e-03 -1.43369436e-03
  2.85349339e-03  1.91202869e-03 -3.75337971e-04  1.04046337e-03
 -1.99146814e-04  2.50530795e-04 -2.59954341e-03  3.97497325e-03
 -9.48291773e-03 -4.35618937e-03 -4.57364844e-04  5.23426657e-04
  3.45026404e-03  8.58964769e-05 -2.86137872e-03  7.39004500e-03
  4.44980786e-03 -1.16430915e-03 -2.72433831e-03  6.15591218e-04
 -1.79144515e-03 -2.67949922e-04 -1.80813818e-02  1.65273753e-03
 -4.37948042e-03 -4.41878011e-03 -6.47130847e-03  4.45976217e-03
  3.44003855e-03 -2.30728238e-04 -2.45831755e-02 -7.63372377e-03
 -3.07255974e-03 -3.69472590e-03 -2.93083806e-03 -1.33692949e-02
  4.41274213e-03  6.58251959e-03  1.01229020e-02  1.39675124e-03
  2.02418131e-02 -2.09232809e-03  1.05697434e-03  5.24169430e-04
  2.22207106e-02  4.38575891e-03  2.94847546e-01  1.46039919e-01
  1.48715077e-01  1.49527496e-01  1.23720009e-01  1.48585272e-01
  1.60695782e-01  3.12387528e-01  1.57562035e-01  1.60020949e-01
  1.50996486e-01  1.48139828e-01  1.66133925e-01  1.69197381e-01
  2.94883749e-01  1.47624201e-01  1.50854480e-01  1.46515679e-01
  1.16427971e-01  1.55840956e-01  1.58098445e-01  2.49863908e-01
  1.19099076e-01  1.34897221e-01  1.28829398e-01  1.14823691e-01
  1.07088421e-01  1.31127756e-01  3.18497098e-01  1.55148200e-01
  1.62005994e-01  1.45232001e-01  1.49759223e-01  1.73178862e-01
  1.85679271e-01]

Gradient approximate =
[-4.54591920e-07  2.34507325e-05  8.17398149e-06  2.34248176e-07
 -7.07735870e-06  8.52430571e-06  2.42768028e-07 -2.25812147e-05
 -9.14441856e-07  1.53899116e-08  8.79367024e-06 -4.58870719e-06
 -3.07596171e-07 -6.82634838e-06 -1.53806523e-06  4.46487292e-07
  1.36146960e-05  7.74886821e-06  2.95598546e-05  1.87114924e-05
  1.20886590e-05  9.75768577e-06 -4.65834704e-06  1.97553418e-05
  3.47021434e-05 -1.92839589e-05 -1.28418454e-05 -4.82468510e-06
 -2.93266078e-05 -1.39807099e-05  1.47488266e-05 -2.26181296e-05
  1.76379089e-05  2.25984276e-05 -4.38657111e-06 -8.24688096e-06
  2.71208456e-05  1.73101178e-05 -9.73474856e-06  7.27644056e-05
  1.93249083e-05  5.30617772e-05  2.95935894e-01  1.46224330e-01
  1.51749883e-01  1.49777905e-01  1.48165493e-01  1.49564695e-01
  1.40182480e-01  3.11628045e-01  1.54058155e-01  1.59798864e-01
  1.57647455e-01  1.56153956e-01  1.57692991e-01  1.47459432e-01
  3.06196465e-01  1.51320464e-01  1.57011508e-01  1.54930366e-01
  1.53425030e-01  1.54873961e-01  1.44962888e-01  3.04032965e-01
  1.50067970e-01  1.55894979e-01  1.53746004e-01  1.52397457e-01
  1.53750971e-01  1.44105458e-01  3.08431793e-01  1.52442367e-01
  1.58243304e-01  1.55977412e-01  1.54581877e-01  1.55975206e-01
  1.46155540e-01 -2.17192992e-03 -1.12951960e-03 -1.11142235e-03
 -1.06105263e-03 -1.25287035e-03 -1.07957456e-03 -1.08277104e-03
  0.00000000e+00  0.00000000e+00  0.00000000e+00  0.00000000e+00
  0.00000000e+00  0.00000000e+00  0.00000000e+00  0.00000000e+00
  0.00000000e+00  0.00000000e+00  0.00000000e+00  0.00000000e+00
  0.00000000e+00  0.00000000e+00  0.00000000e+00  0.00000000e+00
  0.00000000e+00  0.00000000e+00  0.00000000e+00  0.00000000e+00
  0.00000000e+00  0.00000000e+00  0.00000000e+00  0.00000000e+00
  0.00000000e+00  0.00000000e+00  0.00000000e+00  0.00000000e+00
  0.00000000e+00  0.00000000e+00  0.00000000e+00  0.00000000e+00
  0.00000000e+00  0.00000000e+00  0.00000000e+00  0.00000000e+00
  0.00000000e+00  0.00000000e+00  0.00000000e+00  0.00000000e+00
  0.00000000e+00  0.00000000e+00  0.00000000e+00  0.00000000e+00
  0.00000000e+00  0.00000000e+00  0.00000000e+00  0.00000000e+00
  0.00000000e+00  0.00000000e+00  0.00000000e+00  0.00000000e+00
  0.00000000e+00]

Diff = 
[4.56388676e-07 4.29798739e-03 1.42718865e-03 3.08679187e-07
 1.36929610e-03 1.48269891e-03 7.96347569e-07 3.98669001e-03
 1.25893956e-04 4.09291350e-07 1.59793843e-03 7.57863494e-04
 8.10727946e-09 1.08177906e-03 2.61098489e-04 4.48698917e-07
 2.07623783e-03 1.28400667e-03 4.32788294e-05 6.41503215e-04
 4.69616917e-04 6.67702849e-04 3.41566818e-03 8.40043532e-04
 3.44059217e-03 2.20068115e-05 6.27994596e-04 8.62508545e-04
 3.46974882e-03 7.59800322e-04 4.28904589e-03 2.29101550e-03
 7.09981194e-06 2.39160071e-03 2.32504297e-03 2.89421603e-03
 3.16014170e-03 1.43631665e-03 3.24248570e-03 3.84931969e-05
 2.96033564e-03 2.82558086e-03 2.93701493e-01 1.45862339e-01
 1.54227901e-01 1.45690846e-01 1.48020219e-01 1.53752703e-01
 1.40463010e-01 3.07647439e-01 1.50783821e-01 1.59910227e-01
 1.60688006e-01 1.56153649e-01 1.53499135e-01 1.48893127e-01
 3.03342971e-01 1.49408435e-01 1.57386845e-01 1.53889903e-01
 1.53624177e-01 1.54623430e-01 1.47562432e-01 3.00057992e-01
 1.59550888e-01 1.60251168e-01 1.54203369e-01 1.51874031e-01
 1.50300707e-01 1.44019562e-01 3.11293172e-01 1.45052322e-01
 1.53793496e-01 1.57141721e-01 1.57306215e-01 1.55359615e-01
 1.47946985e-01 1.90398000e-03 1.69518622e-02 2.76415988e-03
 3.31842779e-03 3.16590976e-03 5.39173392e-03 5.54253321e-03
 3.44003855e-03 2.30728238e-04 2.45831755e-02 7.63372377e-03
 3.07255974e-03 3.69472590e-03 2.93083806e-03 1.33692949e-02
 4.41274213e-03 6.58251959e-03 1.01229020e-02 1.39675124e-03
 2.02418131e-02 2.09232809e-03 1.05697434e-03 5.24169430e-04
 2.22207106e-02 4.38575891e-03 2.94847546e-01 1.46039919e-01
 1.48715077e-01 1.49527496e-01 1.23720009e-01 1.48585272e-01
 1.60695782e-01 3.12387528e-01 1.57562035e-01 1.60020949e-01
 1.50996486e-01 1.48139828e-01 1.66133925e-01 1.69197381e-01
 2.94883749e-01 1.47624201e-01 1.50854480e-01 1.46515679e-01
 1.16427971e-01 1.55840956e-01 1.58098445e-01 2.49863908e-01
 1.19099076e-01 1.34897221e-01 1.28829398e-01 1.14823691e-01
 1.07088421e-01 1.31127756e-01 3.18497098e-01 1.55148200e-01
 1.62005994e-01 1.45232001e-01 1.49759223e-01 1.73178862e-01
 1.85679271e-01]

 Iteration 900:
############################
Gradient = 
[-8.69661743e-07  3.64214607e-03  1.20975539e-03 -6.63978975e-08
 -1.15978537e-03  1.25687230e-03  8.73808937e-07 -3.37891541e-03
 -1.07064659e-04  3.30963651e-07  1.35394537e-03 -6.42739561e-04
 -2.55364757e-07 -9.17559636e-04 -2.21314338e-04  1.04804875e-08
  1.76184246e-03  1.08877628e-03  9.03760391e-05  5.64230792e-04
 -3.77371727e-04 -5.46607991e-04 -2.87457733e-03  7.33015297e-04
  2.93700892e-03 -4.13118761e-05 -5.39942354e-04  7.22825464e-04
 -2.94923675e-03 -6.52111422e-04  3.62726028e-03 -1.94988812e-03
  1.65880081e-05  2.03714956e-03 -1.96035517e-03 -2.44327095e-03
  2.68898118e-03  1.22808980e-03 -2.73840539e-03  3.92056760e-05
 -2.47632980e-03  2.42841615e-03  1.88521138e-03  3.07446228e-04
 -2.08622800e-03  3.44698584e-03  1.57396462e-04 -3.52455847e-03
 -2.30774904e-04  3.36049447e-03  2.76521607e-03 -8.80742053e-05
 -2.55726037e-03 -8.97287134e-06  3.53074535e-03 -1.21279094e-03
  2.40058035e-03  1.60729256e-03 -3.20811857e-04  8.72800871e-04
 -5.87611941e-04  8.52044507e-06 -2.41219940e-03  3.14559887e-03
 -9.70732345e-03 -3.88712162e-03 -6.13767548e-04  6.57208956e-04
  2.99873936e-03  1.72519993e-04 -2.31955610e-03  7.45891000e-03
  3.85591428e-03 -8.70108863e-04 -2.73139042e-03  3.12254463e-04
 -1.73631868e-03 -4.34984764e-04 -1.80156286e-02  1.62768330e-03
 -3.95269718e-03 -4.21810384e-03 -4.73560157e-03  5.26666939e-03
  3.62789830e-03 -2.27087297e-04 -2.50362223e-02 -7.54829712e-03
 -3.35789798e-03 -5.09878939e-03 -3.78836703e-03 -1.33332033e-02
  4.73436863e-03  6.36467669e-03  1.02802485e-02  1.82949148e-03
  2.35325391e-02 -2.14670693e-03  1.97707522e-03  1.48292750e-03
  2.33904111e-02  3.77625185e-03  2.94632193e-01  1.45810517e-01
  1.48632808e-01  1.48613375e-01  1.23706933e-01  1.49085901e-01
  1.61534686e-01  3.11137219e-01  1.56359706e-01  1.59015150e-01
  1.50682625e-01  1.47692725e-01  1.64778581e-01  1.69703981e-01
  2.94286359e-01  1.46963363e-01  1.50246508e-01  1.45892761e-01
  1.16336768e-01  1.55463798e-01  1.59111559e-01  2.50215248e-01
  1.20856594e-01  1.35474219e-01  1.28954218e-01  1.14974946e-01
  1.06681626e-01  1.32072711e-01  3.18379670e-01  1.53750758e-01
  1.60846707e-01  1.45168975e-01  1.50291850e-01  1.72989721e-01
  1.86902650e-01]

Gradient approximate =
[-3.13351567e-07  1.98888506e-05  6.92168545e-06  1.77740045e-07
 -5.97830008e-06  7.18022086e-06  1.37092560e-07 -1.91442928e-05
 -7.99345035e-07 -3.80806497e-08  7.21886773e-06 -3.91512822e-06
 -2.04143369e-07 -5.64230884e-06 -1.25318866e-06  3.43793882e-07
  1.14915344e-05  6.51485088e-06  2.73727152e-05  1.69313719e-05
  1.13966547e-05  9.37838474e-06 -2.72029066e-06  1.78801174e-05
  3.04280823e-05 -1.37378575e-05 -9.52491641e-06 -2.77610601e-06
 -2.35246600e-05 -1.04829079e-05  1.37327349e-05 -1.77679538e-05
  1.19564980e-05  1.75142167e-05 -5.16289678e-06 -8.27526270e-06
  2.13549378e-05  1.31101197e-05 -9.71018155e-06  6.05341044e-05
  1.57433577e-05  4.43261650e-05  2.95305915e-01  1.45850911e-01
  1.51068251e-01  1.49178952e-01  1.47473014e-01  1.49221976e-01
  1.40260807e-01  3.10558914e-01  1.53447723e-01  1.58869534e-01
  1.56815648e-01  1.55236223e-01  1.57095040e-01  1.47389006e-01
  3.05199084e-01  1.50756428e-01  1.56128344e-01  1.54137197e-01
  1.52540257e-01  1.54324879e-01  1.44904918e-01  3.02110501e-01
  1.49062606e-01  1.54545402e-01  1.52508649e-01  1.51044139e-01
  1.52741874e-01  1.43566139e-01  3.07865648e-01  1.52101901e-01
  1.57568024e-01  1.55416160e-01  1.53905064e-01  1.55648637e-01
  1.46278529e-01 -1.83702280e-03 -9.69508367e-04 -9.37943476e-04
 -8.97833137e-04 -1.08414726e-03 -9.07689131e-04 -9.04117514e-04
  0.00000000e+00  0.00000000e+00  0.00000000e+00  0.00000000e+00
  0.00000000e+00  0.00000000e+00  0.00000000e+00  0.00000000e+00
  0.00000000e+00  0.00000000e+00  0.00000000e+00  0.00000000e+00
  0.00000000e+00  0.00000000e+00  0.00000000e+00  0.00000000e+00
  0.00000000e+00  0.00000000e+00  0.00000000e+00  0.00000000e+00
  0.00000000e+00  0.00000000e+00  0.00000000e+00  0.00000000e+00
  0.00000000e+00  0.00000000e+00  0.00000000e+00  0.00000000e+00
  0.00000000e+00  0.00000000e+00  0.00000000e+00  0.00000000e+00
  0.00000000e+00  0.00000000e+00  0.00000000e+00  0.00000000e+00
  0.00000000e+00  0.00000000e+00  0.00000000e+00  0.00000000e+00
  0.00000000e+00  0.00000000e+00  0.00000000e+00  0.00000000e+00
  0.00000000e+00  0.00000000e+00  0.00000000e+00  0.00000000e+00
  0.00000000e+00  0.00000000e+00  0.00000000e+00  0.00000000e+00
  0.00000000e+00]

Diff = 
[5.56310176e-07 3.62225722e-03 1.20283371e-03 2.44137942e-07
 1.15380707e-03 1.24969208e-03 7.36716377e-07 3.35977111e-03
 1.06265314e-04 3.69044301e-07 1.34672650e-03 6.38824433e-04
 5.12213883e-08 9.11917327e-04 2.20061149e-04 3.33313395e-07
 1.75035092e-03 1.08226143e-03 6.30033239e-05 5.47299420e-04
 3.88768382e-04 5.55986376e-04 2.87185704e-03 7.15135180e-04
 2.90658084e-03 2.75740186e-05 5.30417437e-04 7.25601570e-04
 2.92571209e-03 6.41628514e-04 3.61352755e-03 1.93212017e-03
 4.63151010e-06 2.01963534e-03 1.95519227e-03 2.43499569e-03
 2.66762625e-03 1.21497968e-03 2.72869520e-03 2.13284284e-05
 2.49207316e-03 2.38408999e-03 2.93420704e-01 1.45543465e-01
 1.53154479e-01 1.45731966e-01 1.47315617e-01 1.52746534e-01
 1.40491582e-01 3.07198420e-01 1.50682507e-01 1.58957608e-01
 1.59372908e-01 1.55245196e-01 1.53564294e-01 1.48601797e-01
 3.02798503e-01 1.49149135e-01 1.56449156e-01 1.53264396e-01
 1.53127869e-01 1.54316359e-01 1.47317117e-01 2.98964902e-01
 1.58769929e-01 1.58432523e-01 1.53122417e-01 1.50386930e-01
 1.49743134e-01 1.43393619e-01 3.10185204e-01 1.44642991e-01
 1.53712110e-01 1.56286268e-01 1.56636454e-01 1.55336383e-01
 1.48014848e-01 1.40203803e-03 1.70461203e-02 2.56562678e-03
 3.05486405e-03 3.13395658e-03 3.82791244e-03 6.17078691e-03
 3.62789830e-03 2.27087297e-04 2.50362223e-02 7.54829712e-03
 3.35789798e-03 5.09878939e-03 3.78836703e-03 1.33332033e-02
 4.73436863e-03 6.36467669e-03 1.02802485e-02 1.82949148e-03
 2.35325391e-02 2.14670693e-03 1.97707522e-03 1.48292750e-03
 2.33904111e-02 3.77625185e-03 2.94632193e-01 1.45810517e-01
 1.48632808e-01 1.48613375e-01 1.23706933e-01 1.49085901e-01
 1.61534686e-01 3.11137219e-01 1.56359706e-01 1.59015150e-01
 1.50682625e-01 1.47692725e-01 1.64778581e-01 1.69703981e-01
 2.94286359e-01 1.46963363e-01 1.50246508e-01 1.45892761e-01
 1.16336768e-01 1.55463798e-01 1.59111559e-01 2.50215248e-01
 1.20856594e-01 1.35474219e-01 1.28954218e-01 1.14974946e-01
 1.06681626e-01 1.32072711e-01 3.18379670e-01 1.53750758e-01
 1.60846707e-01 1.45168975e-01 1.50291850e-01 1.72989721e-01
 1.86902650e-01]

 