Iteration 0:
############################
Gradient = 
[ 5.84844129e-04 -4.99425376e-03  1.06240404e-02  2.58269958e-04
  1.12553009e-02  1.12539382e-02  1.33633263e-02  1.21892254e-02
  5.83358114e-03 -1.92248840e-02 -2.56513268e-02 -2.25884907e-02
  3.23962947e-01  1.76751675e-01  1.52718531e-01  3.10770848e-01
  1.55671850e-01  1.41099229e-01  2.68309014e-01  1.31995341e-01
  1.18588098e-01  3.04156222e-01  1.64343675e-01  1.31987615e-01
  2.96183403e-01  1.44772474e-01  1.27365840e-01]

Gradient approximate =
[3.54542562e-04 1.26835821e-03 4.70192041e-04 1.92743144e-04
 7.63969126e-04 2.99941434e-04 3.00105028e-01 1.48545662e-01
 1.43291129e-01 2.64552731e-01 1.31244432e-01 1.24359398e-01
 3.23962947e-01 1.60619716e-01 1.54430232e-01 3.10770848e-01
 1.53926325e-01 1.48075577e-01 2.68309014e-01 1.32963220e-01
 1.27728168e-01 0.00000000e+00 0.00000000e+00 0.00000000e+00
 0.00000000e+00 0.00000000e+00 0.00000000e+00]

Diff = 
[2.30301567e-04 6.26261197e-03 1.01538483e-02 6.55268147e-05
 1.04913318e-02 1.09539968e-02 2.86741702e-01 1.36356437e-01
 1.37457548e-01 2.83777615e-01 1.56895759e-01 1.46947889e-01
 2.59439692e-11 1.61319591e-02 1.71170113e-03 5.27689004e-13
 1.74552504e-03 6.97634778e-03 3.13055692e-11 9.67879266e-04
 9.14007020e-03 3.04156222e-01 1.64343675e-01 1.31987615e-01
 2.96183403e-01 1.44772474e-01 1.27365840e-01]

 Iteration 100:
############################
Gradient = 
[ 0.00034957 -0.00514641  0.00865833  0.00032489  0.00967067  0.00952469
 -0.01800315 -0.00267698 -0.01153466 -0.02785168 -0.02548479 -0.02340517
  0.29897564  0.15484821  0.14472495  0.2888616   0.13163226  0.13369323
  0.21427573  0.09697059  0.07906442  0.20961329  0.08462601  0.07370037
  0.17249193  0.06171285  0.05501639]

Gradient approximate =
[2.05453927e-04 6.13490849e-04 3.35290984e-04 1.75872525e-04
 6.19081579e-04 2.78234953e-04 2.90513548e-01 1.45110793e-01
 1.41044828e-01 2.73513336e-01 1.36584682e-01 1.32105693e-01
 2.98975635e-01 1.49104857e-01 1.46051061e-01 2.88861598e-01
 1.43909610e-01 1.41066919e-01 2.14275733e-01 1.06804568e-01
 1.04462493e-01 0.00000000e+00 0.00000000e+00 0.00000000e+00
 0.00000000e+00 0.00000000e+00 0.00000000e+00]

Diff = 
[1.44113582e-04 5.75989653e-03 8.32303970e-03 1.49015846e-04
 9.05159129e-03 9.24645659e-03 3.08516701e-01 1.47787770e-01
 1.52579492e-01 3.01365021e-01 1.62069472e-01 1.55510858e-01
 9.86549731e-12 5.74335541e-03 1.32610633e-03 1.61484159e-11
 1.22773448e-02 7.37368846e-03 6.89499569e-11 9.83397996e-03
 2.53980721e-02 2.09613286e-01 8.46260054e-02 7.37003667e-02
 1.72491929e-01 6.17128469e-02 5.50163918e-02]

 Iteration 200:
############################
Gradient = 
[ 1.14461357e-04 -5.08899338e-03  7.04777126e-03  1.12025832e-04
  7.47837331e-03  7.79966318e-03 -1.98266593e-02 -2.97276940e-03
 -1.02504932e-02 -2.44761360e-02 -1.99687827e-02 -1.74367211e-02
  3.05971761e-01  1.61148164e-01  1.54045282e-01  3.01014687e-01
  1.43821292e-01  1.47033262e-01  1.08794956e-01  1.81643885e-02
  3.37401498e-03  1.09241718e-01  1.18309961e-02  2.04674839e-03
  1.23847444e-01  2.84652788e-02  2.57283531e-02]

Gradient approximate =
[6.23487884e-05 9.10323461e-05 1.53105528e-04 5.06909337e-05
 1.34892766e-04 1.28972222e-04 2.98446272e-01 1.51110000e-01
 1.49107442e-01 2.90211780e-01 1.46830700e-01 1.44739070e-01
 3.05971761e-01 1.54776629e-01 1.53325572e-01 3.01014687e-01
 1.52158809e-01 1.50823526e-01 1.08794956e-01 5.48362863e-02
 5.41922831e-02 0.00000000e+00 0.00000000e+00 0.00000000e+00
 0.00000000e+00 0.00000000e+00 0.00000000e+00]

Diff = 
[5.21125690e-05 5.18002572e-03 6.89466573e-03 6.13348986e-05
 7.34348055e-03 7.67069096e-03 3.18272931e-01 1.54082769e-01
 1.59357935e-01 3.14687916e-01 1.66799483e-01 1.62175791e-01
 6.68876066e-12 6.37153525e-03 7.19710178e-04 7.41656736e-12
 8.33751674e-03 3.79026381e-03 1.31579150e-10 3.66718978e-02
 5.08182682e-02 1.09241718e-01 1.18309961e-02 2.04674839e-03
 1.23847444e-01 2.84652788e-02 2.57283531e-02]

 Iteration 300:
############################
Gradient = 
[-2.26131189e-06 -4.59450212e-03  5.87424478e-03 -7.21947352e-07
  6.02060661e-03  6.51406299e-03 -8.52245025e-03  2.49517750e-03
 -2.46508988e-03 -9.34732130e-03 -1.01777407e-02 -6.51178577e-03
  3.10735235e-01  1.65168410e-01  1.60088222e-01  3.08871017e-01
  1.51903804e-01  1.55538351e-01  1.72837923e-02 -5.59790883e-02
 -6.92623458e-02  1.99769393e-02 -5.85558421e-02 -6.84670972e-02
  1.15594830e-01  2.81181228e-02  2.81875094e-02]

Gradient approximate =
[ 6.03628703e-06 -2.01301376e-05  5.36896128e-05  1.73484560e-06
  3.64693520e-05  4.30259717e-05  3.09799284e-01  1.58032836e-01
  1.57859669e-01  3.07106676e-01  1.56489826e-01  1.56428508e-01
  3.10735235e-01  1.58675266e-01  1.58193217e-01  3.08871017e-01
  1.57639797e-01  1.57235548e-01  1.72837924e-02  8.47382172e-03
  8.33435584e-03  0.00000000e+00  0.00000000e+00  0.00000000e+00
  0.00000000e+00  0.00000000e+00  0.00000000e+00]

Diff = 
[8.29759891e-06 4.57437198e-03 5.82055517e-03 2.45679295e-06
 5.98413725e-03 6.47103702e-03 3.18321734e-01 1.55537658e-01
 1.60324759e-01 3.16453997e-01 1.66667566e-01 1.62940294e-01
 1.59485203e-11 6.49314434e-03 1.89500505e-03 7.61657404e-12
 5.73599342e-03 1.69719753e-03 1.45710076e-10 6.44529101e-02
 7.75967016e-02 1.99769393e-02 5.85558421e-02 6.84670972e-02
 1.15594830e-01 2.81181228e-02 2.81875094e-02]

 Iteration 400:
############################
Gradient = 
[-7.80310073e-06 -3.90131859e-03  4.94005868e-03 -7.36336995e-06
  5.03555850e-03  5.46529172e-03  1.10240335e-02  1.07631249e-02
  8.07656607e-03  1.30012158e-02  1.30443642e-03  6.09860809e-03
  3.09414104e-01  1.62994087e-01  1.59048990e-01  3.09189162e-01
  1.52448088e-01  1.55838805e-01 -5.28842924e-02 -1.19875719e-01
 -1.32378109e-01 -4.97573371e-02 -1.20211834e-01 -1.30715022e-01
  1.41254247e-01  5.61760852e-02  5.86355252e-02]

Gradient approximate =
[ 1.47316381e-06 -3.06460723e-05  3.95228650e-05 -2.86900503e-06
 -4.76205297e-06  3.51043949e-05  3.16983014e-01  1.60934762e-01
  1.62060164e-01  3.17188715e-01  1.60861195e-01  1.62175305e-01
  3.09414104e-01  1.57598987e-01  1.57601686e-01  3.09189162e-01
  1.57414613e-01  1.57476891e-01 -5.28842923e-02 -2.74482596e-02
 -2.75499868e-02  0.00000000e+00  0.00000000e+00  0.00000000e+00
  0.00000000e+00  0.00000000e+00  0.00000000e+00]

Diff = 
[9.27626454e-06 3.87067252e-03 4.90053582e-03 4.49436491e-06
 5.04032055e-03 5.43018732e-03 3.05958980e-01 1.50171637e-01
 1.53983597e-01 3.04187499e-01 1.59556758e-01 1.56076697e-01
 3.79596354e-12 5.39510037e-03 1.44730485e-03 2.44537723e-12
 4.96652526e-03 1.63808587e-03 1.37443903e-10 9.24274595e-02
 1.04828122e-01 4.97573371e-02 1.20211834e-01 1.30715022e-01
 1.41254247e-01 5.61760852e-02 5.86355252e-02]

 Iteration 500:
############################
Gradient = 
[-2.19433028e-04 -4.14613809e-03  3.68385600e-03 -2.63862425e-04
  3.21572331e-03  4.02953005e-03  3.61537023e-02  2.02703175e-02
  1.95530636e-02  4.02741339e-02  1.32441294e-02  1.89575766e-02
  2.99925460e-01  1.52677447e-01  1.49129789e-01  3.00298634e-01
  1.43845286e-01  1.46447883e-01 -1.01039761e-01 -1.70531742e-01
 -1.82443763e-01 -9.82483152e-02 -1.69424160e-01 -1.80493311e-01
  1.95199566e-01  1.06752368e-01  1.11381767e-01]

Gradient approximate =
[-7.99936850e-05 -6.30060184e-04  5.78484594e-06 -1.01985889e-04
 -7.41176620e-04 -4.70621542e-06  3.14644958e-01  1.56633918e-01
  1.58390930e-01  3.15721540e-01  1.57030782e-01  1.58967634e-01
  2.99925460e-01  1.49915457e-01  1.50030646e-01  3.00298634e-01
  1.50036617e-01  1.50197947e-01 -1.01039761e-01 -5.11729968e-02
 -5.13036605e-02  0.00000000e+00  0.00000000e+00  0.00000000e+00
  0.00000000e+00  0.00000000e+00  0.00000000e+00]

Diff = 
[1.39439343e-04 3.51607791e-03 3.67807115e-03 1.61876537e-04
 3.95689993e-03 4.03423626e-03 2.78491255e-01 1.36363600e-01
 1.38837866e-01 2.75447406e-01 1.43786652e-01 1.40010057e-01
 9.59549107e-12 2.76199067e-03 9.00856350e-04 3.71230824e-12
 6.19133130e-03 3.75006424e-03 1.17076515e-10 1.19358745e-01
 1.31140102e-01 9.82483152e-02 1.69424160e-01 1.80493311e-01
 1.95199566e-01 1.06752368e-01 1.11381767e-01]

 Iteration 600:
############################
Gradient = 
[-0.00116434 -0.00686994  0.00139004 -0.0013557  -0.00117206  0.00142342
  0.06664729  0.03089307  0.03189349  0.07259645  0.02579764  0.03230406
  0.28106282  0.13347591  0.12972802  0.2812476   0.12559964  0.12699035
 -0.13137265 -0.20773655 -0.21896765 -0.12904737 -0.20549964 -0.21686216
  0.26937573  0.17110364  0.17759934]

Gradient approximate =
[-3.05589760e-04 -2.23276021e-03 -8.75620976e-05 -3.62021213e-04
 -2.59392876e-03 -1.12594134e-04  2.99704681e-01  1.43713327e-01
  1.45473203e-01  3.00185915e-01  1.43863584e-01  1.45753600e-01
  2.81062819e-01  1.35067078e-01  1.35016988e-01  2.81247605e-01
  1.35084539e-01  1.35064734e-01 -1.31372654e-01 -6.39456859e-02
 -6.40032402e-02  0.00000000e+00  0.00000000e+00  0.00000000e+00
  0.00000000e+00  0.00000000e+00  0.00000000e+00]

Diff = 
[8.58753322e-04 4.63717674e-03 1.47759757e-03 9.93683042e-04
 1.42186998e-03 1.53601803e-03 2.33057392e-01 1.12820261e-01
 1.13579708e-01 2.27589461e-01 1.18065947e-01 1.13449542e-01
 2.53926880e-11 1.59116331e-03 5.28896731e-03 1.95716221e-11
 9.48489635e-03 8.07437925e-03 1.14627752e-10 1.43790865e-01
 1.54964409e-01 1.29047369e-01 2.05499644e-01 2.16862157e-01
 2.69375727e-01 1.71103639e-01 1.77599343e-01]

 Iteration 700:
############################
Gradient = 
[-0.0036006  -0.01405292 -0.00276725 -0.00409625 -0.01023719 -0.00320868
  0.10237511  0.04299136  0.04556157  0.10993155  0.03947323  0.04674973
  0.25207468  0.10544528  0.10102425  0.2514594   0.09800166  0.09786829
 -0.14913053 -0.2321886  -0.24250446 -0.14714743 -0.22892382 -0.24019746
  0.3510538   0.2372916   0.24513894]

Gradient approximate =
[-6.25271699e-04 -4.71789234e-03 -1.59638192e-04 -7.13795203e-04
 -5.35338530e-03 -1.90015599e-04  2.71041025e-01  1.22377374e-01
  1.23674643e-01  2.69954785e-01  1.21874028e-01  1.23250055e-01
  2.52074676e-01  1.13381192e-01  1.12990244e-01  2.51459399e-01
  1.12986981e-01  1.12602465e-01 -1.49130526e-01 -6.79889138e-02
 -6.78191688e-02  0.00000000e+00  0.00000000e+00  0.00000000e+00
  0.00000000e+00  0.00000000e+00  0.00000000e+00]

Diff = 
[2.97532635e-03 9.33503045e-03 2.60761276e-03 3.38245458e-03
 4.88380935e-03 3.01866904e-03 1.68665913e-01 7.93860119e-02
 7.81130778e-02 1.60023232e-01 8.24007970e-02 7.65003220e-02
 3.69339559e-11 7.93591039e-03 1.19659969e-02 3.15352744e-11
 1.49853210e-02 1.47341741e-02 9.02939945e-11 1.64199689e-01
 1.74685291e-01 1.47147435e-01 2.28923819e-01 2.40197462e-01
 3.51053802e-01 2.37291595e-01 2.45138938e-01]

 Iteration 800:
############################
Gradient = 
[-0.0083205  -0.02734143 -0.00935779 -0.00924448 -0.02537794 -0.01029329
  0.13978451  0.05612846  0.06004403  0.14838378  0.0537853   0.06170308
  0.21352396  0.07009459  0.06469519  0.21173893  0.06292122  0.06111297
 -0.15850452 -0.24442076 -0.25353235 -0.15668524 -0.24024973 -0.25103288
  0.42539347  0.29301372  0.30154626]

Gradient approximate =
[-9.18909664e-04 -7.49579224e-03 -9.65850977e-05 -1.00521455e-03
 -8.24311081e-03 -1.07064948e-04  2.30249526e-01  9.49667088e-02
  9.55945528e-02  2.27213616e-01  9.38468982e-02  9.45345993e-02
  2.13523964e-01  8.67673076e-02  8.60139766e-02  2.11738928e-01
  8.57377687e-02  8.49534040e-02 -1.58504519e-01 -6.52595119e-02
 -6.47219900e-02  0.00000000e+00  0.00000000e+00  0.00000000e+00
  0.00000000e+00  0.00000000e+00  0.00000000e+00]

Diff = 
[7.40158997e-03 1.98456350e-02 9.26120845e-03 8.23926973e-03
 1.71348306e-02 1.01862288e-02 9.04650146e-02 3.88382458e-02
 3.55505241e-02 7.88298322e-02 4.00616027e-02 3.28315155e-02
 7.49455498e-11 1.66727132e-02 2.13187831e-02 6.84033108e-11
 2.28165488e-02 2.38404304e-02 6.13860907e-11 1.79161249e-01
 1.88810359e-01 1.56685243e-01 2.40249728e-01 2.51032877e-01
 4.25393465e-01 2.93013723e-01 3.01546262e-01]

 Iteration 900:
############################
Gradient = 
[-0.01523007 -0.04483233 -0.01738821 -0.0164263  -0.04358881 -0.01833377
  0.17072686  0.06815338  0.07272421  0.17915459  0.06634944  0.074264
  0.1687441   0.03124634  0.02483442  0.1658352   0.02470722  0.02133248
 -0.16230806 -0.24515802 -0.25284284 -0.16049422 -0.24041081 -0.25039207
  0.48177077  0.33091246  0.33962073]

Gradient approximate =
[-1.10680668e-03 -9.74022930e-03  5.25395483e-05 -1.13297792e-03
 -1.02311979e-02  7.67961117e-05  1.82656713e-01  6.62640929e-02
  6.63107361e-02  1.78064455e-01  6.51544553e-02  6.52941404e-02
  1.68744100e-01  5.93625098e-02  5.84237339e-02  1.65835203e-01
  5.75427462e-02  5.65240712e-02 -1.62308057e-01 -5.74720724e-02
 -5.65216441e-02  0.00000000e+00  0.00000000e+00  0.00000000e+00
  0.00000000e+00  0.00000000e+00  0.00000000e+00]

Diff = 
[1.41232591e-02 3.50920985e-02 1.74407465e-02 1.52933267e-02
 3.33576116e-02 1.84105643e-02 1.19298545e-02 1.88928955e-03
 6.41347102e-03 1.09013767e-03 1.19498767e-03 8.96985566e-03
 1.04205311e-10 2.81161738e-02 3.35893146e-02 9.65846292e-11
 3.28355224e-02 3.51915885e-02 5.46940548e-11 1.87685945e-01
 1.96321196e-01 1.60494217e-01 2.40410808e-01 2.50392068e-01
 4.81770771e-01 3.30912457e-01 3.39620731e-01]

 