Iteration 0:
############################
Gradient = 
[-3.94185147e-04 -1.31687922e-03 -6.78899148e-04  6.68270051e-06
  2.43028898e-04  4.58359003e-04 -3.81687385e-04 -7.34876002e-04
 -1.19133530e-03 -5.44008775e-05  3.09665177e-04  7.92647002e-04
  1.73870328e-04  5.54053561e-04  6.47795435e-04 -1.61455382e-04
 -1.03335432e-03 -2.17908539e-04 -1.92421820e-02 -9.97453759e-03
 -1.03758342e-02 -1.04875503e-02 -1.03836097e-02 -1.00649951e-02
 -9.38790729e-03  3.09121920e-04  8.45491283e-04 -8.76935266e-05
  3.64405048e-04 -4.35424328e-04  3.01792472e-05  8.31711327e-04
  2.80903095e-01  1.46276795e-01  1.47600942e-01  3.18268407e-01
  1.65756259e-01  1.68819917e-01  3.13621192e-01  1.62209703e-01
  1.66216182e-01  2.77991124e-01  1.44214032e-01  1.45831593e-01
  3.09671826e-01  1.60405890e-01  1.62803601e-01]

Gradient approximate =
[ 5.41339171e-04  1.99979322e-03  6.02648771e-04 -3.53762353e-05
 -1.20093024e-04 -3.71915010e-05  3.97135287e-04  1.51061588e-03
  4.38161472e-04 -5.92249627e-05 -1.66073248e-04 -6.22153151e-05
 -1.48563686e-04 -5.85043918e-04  3.17444818e-01  1.66014130e-01
  1.68756414e-01  3.10501216e-01  1.73301172e-01  1.70322317e-01
  3.18308815e-01  1.69343532e-01  1.70931971e-01  3.04138164e-01
  1.61483073e-01  1.69879204e-01  3.36637545e-01  1.78119913e-01
  1.80923979e-01  6.75237888e-03  6.29028939e-03  6.30501245e-03
  0.00000000e+00  0.00000000e+00  0.00000000e+00  0.00000000e+00
  0.00000000e+00  0.00000000e+00  0.00000000e+00  0.00000000e+00
  0.00000000e+00  0.00000000e+00  0.00000000e+00  0.00000000e+00
  0.00000000e+00  0.00000000e+00  0.00000000e+00]

Diff = 
[9.35524319e-04 3.31667245e-03 1.28154792e-03 4.20589358e-05
 3.63121923e-04 4.95550504e-04 7.78822672e-04 2.24549188e-03
 1.62949677e-03 4.82408517e-06 4.75738426e-04 8.54862317e-04
 3.22434014e-04 1.13909748e-03 3.16797023e-01 1.66175585e-01
 1.69789768e-01 3.10719125e-01 1.92543354e-01 1.80296854e-01
 3.28684649e-01 1.79831083e-01 1.81315581e-01 3.14203160e-01
 1.70870980e-01 1.69570083e-01 3.35792054e-01 1.78207607e-01
 1.80559574e-01 7.18780321e-03 6.26011015e-03 5.47330113e-03
 2.80903095e-01 1.46276795e-01 1.47600942e-01 3.18268407e-01
 1.65756259e-01 1.68819917e-01 3.13621192e-01 1.62209703e-01
 1.66216182e-01 2.77991124e-01 1.44214032e-01 1.45831593e-01
 3.09671826e-01 1.60405890e-01 1.62803601e-01]

 Iteration 100:
############################
Gradient = 
[ 4.01577296e-04  2.07331611e-03  3.37391599e-04 -5.57234830e-05
 -3.02432359e-05  3.68690148e-04  2.86435900e-04  2.00216286e-03
 -3.79456980e-04 -7.46554401e-05  1.30810679e-04  7.12223781e-04
 -1.44258905e-04 -7.16499453e-04  2.76543486e-04  2.07519200e-04
  6.13975903e-04  2.84603592e-04  9.50903236e-03  6.21160492e-03
  5.07964056e-03  6.47582068e-03  5.29882252e-03  4.37061291e-03
  5.07182959e-03  9.93007584e-03  6.39237214e-03  5.17781531e-03
  6.18163089e-03  5.03528824e-03  4.84940170e-03  5.58799581e-03
  3.17314876e-01  1.63756649e-01  1.64858618e-01  3.07756192e-01
  1.57636446e-01  1.60674040e-01  3.08702017e-01  1.59065316e-01
  1.60383610e-01  2.94748492e-01  1.51780158e-01  1.53388911e-01
  3.26222747e-01  1.67045032e-01  1.69795710e-01]

Gradient approximate =
[ 4.01577287e-04  1.49517620e-03  4.52273183e-04 -5.57235169e-05
 -1.96996106e-04 -6.05895645e-05  2.86435897e-04  1.11381253e-03
  3.18799955e-04 -7.46554396e-05 -2.23768293e-04 -8.02806666e-05
 -1.44258931e-04 -5.74501786e-04  3.17155189e-01  1.63339636e-01
  1.65733909e-01  3.07991662e-01  1.67434749e-01  1.65315757e-01
  3.13852648e-01  1.64016269e-01  1.65583272e-01  2.99528505e-01
  1.56274715e-01  1.63218185e-01  3.31730359e-01  1.72536231e-01
  1.75055292e-01  5.38505618e-03  5.03529306e-03  5.03306662e-03
  0.00000000e+00  0.00000000e+00  0.00000000e+00  0.00000000e+00
  0.00000000e+00  0.00000000e+00  0.00000000e+00  0.00000000e+00
  0.00000000e+00  0.00000000e+00  0.00000000e+00  0.00000000e+00
  0.00000000e+00  0.00000000e+00  0.00000000e+00]

Diff = 
[9.50861373e-12 5.78139913e-04 1.14881584e-04 3.39615707e-11
 1.66752870e-04 4.29279713e-04 3.27258788e-12 8.88350332e-04
 6.98256935e-04 4.81787312e-13 3.54578972e-04 7.92504447e-04
 2.64683955e-11 1.41997667e-04 3.16878646e-01 1.63132117e-01
 1.65119934e-01 3.07707059e-01 1.57925717e-01 1.59104152e-01
 3.08773007e-01 1.57540449e-01 1.60284450e-01 2.95157893e-01
 1.51202885e-01 1.53288109e-01 3.25337987e-01 1.67358415e-01
 1.68873661e-01 3.49767939e-04 1.85891358e-04 5.54929190e-04
 3.17314876e-01 1.63756649e-01 1.64858618e-01 3.07756192e-01
 1.57636446e-01 1.60674040e-01 3.08702017e-01 1.59065316e-01
 1.60383610e-01 2.94748492e-01 1.51780158e-01 1.53388911e-01
 3.26222747e-01 1.67045032e-01 1.69795710e-01]

 Iteration 200:
############################
Gradient = 
[ 3.00043437e-04  1.68790878e-03  2.25618614e-04 -6.22500500e-05
 -5.66993302e-05  3.56626144e-04  2.08264137e-04  1.70306342e-03
 -4.59453341e-04 -7.72572121e-05  1.17702138e-04  7.00944186e-04
 -1.31631858e-04 -6.68476941e-04  2.85602087e-04  1.47354250e-04
  3.88502881e-04  2.16670037e-04  7.64363031e-03  5.09711747e-03
  4.03152184e-03  5.31494126e-03  4.23598532e-03  3.39506098e-03
  4.07793584e-03  7.92770225e-03  5.19873148e-03  4.05330764e-03
  4.94006887e-03  3.89711599e-03  3.79961173e-03  4.52259343e-03
  3.17082616e-01  1.61628952e-01  1.62688708e-01  3.05807304e-01
  1.54661324e-01  1.57676944e-01  3.06085755e-01  1.55794890e-01
  1.57067987e-01  2.92000669e-01  1.48498295e-01  1.50010909e-01
  3.23442167e-01  1.63588414e-01  1.66269898e-01]

Gradient approximate =
[ 3.00043479e-04  1.12838291e-03  3.43273772e-04 -6.22500584e-05
 -2.23914520e-04 -6.90565183e-05  2.08264104e-04  8.33062355e-04
  2.34611122e-04 -7.72572295e-05 -2.35668907e-04 -8.45428327e-05
 -1.31631868e-04 -5.33382702e-04  3.16934777e-01  1.61153523e-01
  1.63348374e-01  3.05977315e-01  1.62679231e-01  1.61316288e-01
  3.10233412e-01  1.59701861e-01  1.61299311e-01  2.95843598e-01
  1.52089644e-01  1.57926295e-01  3.27813584e-01  1.68046559e-01
  1.70398128e-01  4.29112304e-03  4.02834895e-03  4.01777129e-03
  0.00000000e+00  0.00000000e+00  0.00000000e+00  0.00000000e+00
  0.00000000e+00  0.00000000e+00  0.00000000e+00  0.00000000e+00
  0.00000000e+00  0.00000000e+00  0.00000000e+00  0.00000000e+00
  0.00000000e+00  0.00000000e+00  0.00000000e+00]

Diff = 
[4.15828062e-11 5.59525870e-04 1.17655157e-04 8.43504090e-12
 1.67215190e-04 4.25682663e-04 3.28796149e-11 8.70001061e-04
 6.94064463e-04 1.74480465e-11 3.53371044e-04 7.85487019e-04
 9.59451203e-12 1.35094238e-04 3.16649175e-01 1.61006168e-01
 1.62959871e-01 3.05760645e-01 1.55035601e-01 1.56219171e-01
 3.06201890e-01 1.54386920e-01 1.57063325e-01 2.92448537e-01
 1.48011708e-01 1.49998593e-01 3.22614853e-01 1.63993251e-01
 1.65458059e-01 3.94007048e-04 2.28737216e-04 5.04822136e-04
 3.17082616e-01 1.61628952e-01 1.62688708e-01 3.05807304e-01
 1.54661324e-01 1.57676944e-01 3.06085755e-01 1.55794890e-01
 1.57067987e-01 2.92000669e-01 1.48498295e-01 1.50010909e-01
 3.23442167e-01 1.63588414e-01 1.66269898e-01]

 Iteration 300:
############################
Gradient = 
[ 2.26644955e-04  1.40723562e-03  1.45093813e-04 -6.11104112e-05
 -5.50859852e-05  3.52977923e-04  1.53392260e-04  1.48968855e-03
 -5.13688417e-04 -7.29968930e-05  1.29230437e-04  6.97187560e-04
 -1.15790783e-04 -6.08747211e-04  2.98106050e-04  1.06031727e-04
  2.33734132e-04  1.69731281e-04  6.16181606e-03  4.21458833e-03
  3.19927243e-03  4.39442056e-03  3.39202092e-03  2.62001310e-03
  3.28999895e-03  6.34219347e-03  4.25746402e-03  3.16361990e-03
  3.96094163e-03  2.99751538e-03  2.96740831e-03  3.67998567e-03
  3.16894137e-01  1.59917977e-01  1.60963294e-01  3.04260278e-01
  1.52294573e-01  1.55309017e-01  3.04005519e-01  1.53196971e-01
  1.54452264e-01  2.89855372e-01  1.45914165e-01  1.47367577e-01
  3.21226953e-01  1.60843568e-01  1.63486867e-01]

Gradient approximate =
[ 2.26644956e-04  8.63039407e-04  2.64574560e-04 -6.11103945e-05
 -2.22873182e-04 -6.91816626e-05  1.53392274e-04  6.35512796e-04
  1.75523505e-04 -7.29968996e-05 -2.22927283e-04 -8.13527334e-05
 -1.15790824e-04 -4.80010123e-04  3.16761702e-01  1.59402474e-01
  1.61474298e-01  3.04385260e-01  1.58899093e-01  1.58158169e-01
  3.07356758e-01  1.56279704e-01  1.57915233e-01  2.92953049e-01
  1.48790615e-01  1.53768173e-01  3.24703978e-01  1.64483530e-01
  1.66724188e-01  3.42567027e-03  3.22967059e-03  3.21582279e-03
  0.00000000e+00  0.00000000e+00  0.00000000e+00  0.00000000e+00
  0.00000000e+00  0.00000000e+00  0.00000000e+00  0.00000000e+00
  0.00000000e+00  0.00000000e+00  0.00000000e+00  0.00000000e+00
  0.00000000e+00  0.00000000e+00  0.00000000e+00]

Diff = 
[9.54296239e-13 5.44196210e-04 1.19480747e-04 1.67168307e-11
 1.67787197e-04 4.22159586e-04 1.48185872e-11 8.54175755e-04
 6.89211922e-04 6.59451710e-12 3.52157720e-04 7.78540294e-04
 4.01111810e-11 1.28737089e-04 3.16463596e-01 1.59296442e-01
 1.61240564e-01 3.04215528e-01 1.52737277e-01 1.53943581e-01
 3.04157486e-01 1.51885283e-01 1.54523212e-01 2.90333035e-01
 1.45500616e-01 1.47425980e-01 3.20446514e-01 1.61319910e-01
 1.62763247e-01 4.28154888e-04 2.62262281e-04 4.64162880e-04
 3.16894137e-01 1.59917977e-01 1.60963294e-01 3.04260278e-01
 1.52294573e-01 1.55309017e-01 3.04005519e-01 1.53196971e-01
 1.54452264e-01 2.89855372e-01 1.45914165e-01 1.47367577e-01
 3.21226953e-01 1.60843568e-01 1.63486867e-01]

 Iteration 400:
############################
Gradient = 
[ 1.72787592e-04  1.19942978e-03  8.62684575e-05 -5.61725171e-05
 -3.95660878e-05  3.53535834e-04  1.14279819e-04  1.33440756e-03
 -5.50505878e-04 -6.55705279e-05  1.52011269e-04  6.96956773e-04
 -9.94618178e-05 -5.47284292e-04  3.11123859e-04  7.72239533e-05
  1.26010907e-04  1.36745594e-04  4.97879296e-03  3.51126016e-03
  2.53512959e-03  3.65999755e-03  2.71846387e-03  2.00147758e-03
  2.66176283e-03  5.07974605e-03  3.51016506e-03  2.45592561e-03
  3.18395995e-03  2.28275072e-03  2.30428390e-03  3.00930608e-03
  3.16735503e-01  1.58534547e-01  1.59586334e-01  3.03020855e-01
  1.50399260e-01  1.53427770e-01  3.02343955e-01  1.51121755e-01
  1.52379702e-01  2.88178353e-01  1.43870011e-01  1.45292201e-01
  3.19451576e-01  1.58650975e-01  1.61279295e-01]

Gradient approximate =
[ 1.72787593e-04  6.68152538e-04  2.06887343e-04 -5.61725466e-05
 -2.07832083e-04 -6.51137122e-05  1.14279819e-04  4.94239845e-04
  1.33405491e-04 -6.55705223e-05 -1.98754997e-04 -7.46544204e-05
 -9.94618077e-05 -4.24296205e-04  3.16619115e-01  1.57991140e-01
  1.59993140e-01  3.03114366e-01  1.55875982e-01  1.55650220e-01
  3.05059470e-01  1.53549949e-01  1.55229687e-01  2.90680385e-01
  1.46177232e-01  1.50486960e-01  3.22219814e-01  1.61638922e-01
  1.63810459e-01  2.73705687e-03  2.59266359e-03  2.57830676e-03
  0.00000000e+00  0.00000000e+00  0.00000000e+00  0.00000000e+00
  0.00000000e+00  0.00000000e+00  0.00000000e+00  0.00000000e+00
  0.00000000e+00  0.00000000e+00  0.00000000e+00  0.00000000e+00
  0.00000000e+00  0.00000000e+00  0.00000000e+00]

Diff = 
[1.50064442e-12 5.31277238e-04 1.20618885e-04 2.95619936e-11
 1.68265995e-04 4.18649547e-04 6.21744952e-14 8.40167714e-04
 6.83911369e-04 5.57453088e-12 3.50766266e-04 7.71611194e-04
 1.01246984e-11 1.22988087e-04 3.16307991e-01 1.57913916e-01
 1.59867129e-01 3.02977621e-01 1.50897189e-01 1.52138960e-01
 3.02524341e-01 1.49889952e-01 1.52511223e-01 2.88678908e-01
 1.43515470e-01 1.45407214e-01 3.18709649e-01 1.59182996e-01
 1.60626499e-01 4.54306153e-04 2.88379684e-04 4.30999328e-04
 3.16735503e-01 1.58534547e-01 1.59586334e-01 3.03020855e-01
 1.50399260e-01 1.53427770e-01 3.02343955e-01 1.51121755e-01
 1.52379702e-01 2.88178353e-01 1.43870011e-01 1.45292201e-01
 3.19451576e-01 1.58650975e-01 1.61279295e-01]

 Iteration 500:
############################
Gradient = 
[ 1.32733674e-04  1.04319788e-03  4.27742717e-05 -4.96382311e-05
 -1.81816442e-05  3.55911573e-04  8.59968899e-05  1.21914771e-03
 -5.75356528e-04 -5.70464732e-05  1.78594037e-04  6.98023178e-04
 -8.40325386e-05 -4.89145601e-04  3.23178027e-04  5.68523176e-05
  5.00786297e-05  1.13181515e-04  4.03034022e-03  2.94773740e-03
  2.00299857e-03  3.07101448e-03  2.17868719e-03  1.50609670e-03
  2.15852209e-03  4.06978462e-03  2.91350362e-03  1.89054727e-03
  2.56423468e-03  1.71246391e-03  1.77367531e-03  2.47262848e-03
  3.16597668e-01  1.57410552e-01  1.58484671e-01  3.02019537e-01
  1.48872863e-01  1.51926731e-01  3.01012050e-01  1.49456515e-01
  1.50732565e-01  2.86868458e-01  1.42247896e-01  1.43660289e-01
  3.18021394e-01  1.56890920e-01  1.59521826e-01]

Gradient approximate =
[ 1.32733675e-04  5.23041561e-04  1.64026195e-04 -4.96382491e-05
 -1.86738456e-04 -5.92119731e-05  8.59968785e-05  3.91653052e-04
  1.02950712e-04 -5.70464875e-05 -1.70531091e-04 -6.66535360e-05
 -8.40325542e-05 -3.71308932e-04  3.16496488e-01  1.56847436e-01
  1.58817260e-01  3.02090722e-01  1.53445796e-01  1.53649731e-01
  3.03217925e-01  1.51362498e-01  1.53091323e-01  2.88892481e-01
  1.44099671e-01  1.47890438e-01  3.20224825e-01  1.59356552e-01
  1.61490250e-01  2.18655466e-03  2.08225759e-03  2.06881092e-03
  0.00000000e+00  0.00000000e+00  0.00000000e+00  0.00000000e+00
  0.00000000e+00  0.00000000e+00  0.00000000e+00  0.00000000e+00
  0.00000000e+00  0.00000000e+00  0.00000000e+00  0.00000000e+00
  0.00000000e+00  0.00000000e+00  0.00000000e+00]

Diff = 
[1.41421673e-12 5.20156321e-04 1.21251923e-04 1.79762917e-11
 1.68556812e-04 4.15123546e-04 1.14160820e-11 8.27494657e-04
 6.78307240e-04 1.43367254e-11 3.49125129e-04 7.64676714e-04
 1.56279386e-11 1.17836669e-04 3.16173310e-01 1.56790583e-01
 1.58767181e-01 3.01977541e-01 1.49415456e-01 1.50701993e-01
 3.01214926e-01 1.48291483e-01 1.50912636e-01 2.87386385e-01
 1.41941149e-01 1.43820654e-01 3.17311322e-01 1.57466005e-01
 1.58926016e-01 4.74090746e-04 3.08582280e-04 4.03817564e-04
 3.16597668e-01 1.57410552e-01 1.58484671e-01 3.02019537e-01
 1.48872863e-01 1.51926731e-01 3.01012050e-01 1.49456515e-01
 1.50732565e-01 2.86868458e-01 1.42247896e-01 1.43660289e-01
 3.18021394e-01 1.56890920e-01 1.59521826e-01]

 Iteration 600:
############################
Gradient = 
[ 1.02585350e-04  9.24058815e-04  1.02871192e-05 -4.27314927e-05
  4.60696557e-06  3.58780410e-04  6.52694613e-05  1.13189782e-03
 -5.91860228e-04 -4.85447872e-05  2.04970300e-04  6.99182892e-04
 -7.01354520e-05 -4.36625010e-04  3.33605061e-04  4.22485844e-05
 -4.05228736e-06  9.60765309e-05  3.26729015e-03  2.49418225e-03
  1.57526211e-03  2.59659026e-03  1.74466876e-03  1.10827278e-03
  1.75387778e-03  3.25861345e-03  2.43486222e-03  1.43730293e-03
  2.06787599e-03  1.25596053e-03  1.34768391e-03  2.04127437e-03
  3.16474652e-01  1.56493314e-01  1.57601872e-01  3.01204291e-01
  1.47637479e-01  1.50725151e-01  2.99941446e-01  1.48115250e-01
  1.49421176e-01  2.85848457e-01  1.40958327e-01  1.42377480e-01
  3.16864112e-01  1.55472270e-01  1.58119185e-01]

Gradient approximate =
[ 1.02585367e-04  4.13662438e-04  1.31796729e-04 -4.27315139e-05
 -1.64018421e-04 -5.27902588e-05  6.52694299e-05  3.16076239e-04
  8.06393463e-05 -4.85447638e-05 -1.42248016e-04 -5.85475068e-05
 -7.01354486e-05 -3.23388252e-04  3.16387164e-01  1.55916083e-01
  1.57880762e-01  3.01259408e-01  1.51483543e-01  1.52048588e-01
  3.01737318e-01  1.49603040e-01  1.51384813e-01  2.87487602e-01
  1.42444253e-01  1.45832785e-01  3.18615428e-01  1.57517627e-01
  1.59637175e-01  1.74474773e-03  1.67172803e-03  1.65984152e-03
  0.00000000e+00  0.00000000e+00  0.00000000e+00  0.00000000e+00
  0.00000000e+00  0.00000000e+00  0.00000000e+00  0.00000000e+00
  0.00000000e+00  0.00000000e+00  0.00000000e+00  0.00000000e+00
  0.00000000e+00  0.00000000e+00  0.00000000e+00]

Diff = 
[1.72554847e-11 5.10396377e-04 1.21509610e-04 2.11641610e-11
 1.68625387e-04 4.11570669e-04 3.14563254e-11 8.15821586e-04
 6.72499574e-04 2.34804549e-11 3.47218316e-04 7.57730399e-04
 3.42010304e-12 1.13236758e-04 3.16053559e-01 1.55873835e-01
 1.57884815e-01 3.01163332e-01 1.48216253e-01 1.49554406e-01
 3.00162056e-01 1.47006450e-01 1.49640144e-01 2.86379329e-01
 1.40690375e-01 1.42574171e-01 3.16180566e-01 1.56080324e-01
 1.57569299e-01 4.88787198e-04 3.24044118e-04 3.81432846e-04
 3.16474652e-01 1.56493314e-01 1.57601872e-01 3.01204291e-01
 1.47637479e-01 1.50725151e-01 2.99941446e-01 1.48115250e-01
 1.49421176e-01 2.85848457e-01 1.40958327e-01 1.42377480e-01
 3.16864112e-01 1.55472270e-01 1.58119185e-01]

 Iteration 700:
############################
Gradient = 
[ 7.96501821e-05  8.31996704e-04 -1.41799596e-05 -3.61022454e-05
  2.64358057e-05  3.61439153e-04  4.98903019e-05  1.06455154e-03
 -6.02459097e-04 -4.06343061e-05  2.29123759e-04  6.99824908e-04
 -5.79838757e-05 -3.90487498e-04  3.42189797e-04  3.16426695e-05
 -4.30199263e-05  8.34648333e-05  2.65162801e-03  2.12771670e-03
  1.23056188e-03  2.21299191e-03  1.39474090e-03  7.88159331e-04
  1.42751014e-03  2.60495421e-03  2.04937188e-03  1.07297523e-03
  1.66898265e-03  8.89635036e-04  1.00479145e-03  1.69328854e-03
  3.16362432e-01  1.55741672e-01  1.56893948e-01  3.00535627e-01
  1.46633171e-01  1.49761010e-01  2.99079101e-01  1.47031579e-01
  1.48376417e-01  2.85058714e-01  1.39932525e-01  1.41371328e-01
  3.15923883e-01  1.54324812e-01  1.56998072e-01]

Gradient approximate =
[ 7.96501443e-05  3.30315850e-04  1.07305864e-04 -3.61022101e-05
 -1.42034924e-04 -4.65507677e-05  4.98902986e-05  2.59638884e-04
  6.40994635e-05 -4.06343448e-05 -1.15935346e-04 -5.09499065e-05
 -5.79838910e-05 -2.81359589e-04  3.16286890e-01  1.55154200e-01
  1.57133386e-01  3.00579023e-01  1.49892920e-01  1.50763844e-01
  3.00544177e-01  1.48183496e-01  1.50021251e-01  2.86387131e-01
  1.41123633e-01  1.44202040e-01  3.17311953e-01  1.56030706e-01
  1.58154220e-01  1.38904066e-03  1.34048646e-03  1.33037766e-03
  0.00000000e+00  0.00000000e+00  0.00000000e+00  0.00000000e+00
  0.00000000e+00  0.00000000e+00  0.00000000e+00  0.00000000e+00
  0.00000000e+00  0.00000000e+00  0.00000000e+00  0.00000000e+00
  0.00000000e+00  0.00000000e+00  0.00000000e+00]

Diff = 
[3.78613300e-11 5.01680854e-04 1.21485824e-04 3.53134482e-11
 1.68470730e-04 4.07989920e-04 3.32319794e-12 8.04912657e-04
 6.66558560e-04 3.86378208e-11 3.45059105e-04 7.50774815e-04
 1.53101471e-11 1.09127909e-04 3.15944700e-01 1.55122558e-01
 1.57176406e-01 3.00495558e-01 1.47241292e-01 1.48636128e-01
 2.99313615e-01 1.45970504e-01 1.48626510e-01 2.85598972e-01
 1.39696123e-01 1.41597086e-01 3.15262581e-01 1.54957731e-01
 1.56485237e-01 4.99405622e-04 3.35695005e-04 3.62910872e-04
 3.16362432e-01 1.55741672e-01 1.56893948e-01 3.00535627e-01
 1.46633171e-01 1.49761010e-01 2.99079101e-01 1.47031579e-01
 1.48376417e-01 2.85058714e-01 1.39932525e-01 1.41371328e-01
 3.15923883e-01 1.54324812e-01 1.56998072e-01]

 Iteration 800:
############################
Gradient = 
[ 6.20386800e-05  7.59971948e-04 -3.27241386e-05 -3.00657192e-05
  4.61603910e-05  3.63545708e-04  3.83496835e-05  1.01155614e-03
 -6.08825818e-04 -3.35666701e-05  2.50179119e-04  6.99677998e-04
 -4.75660673e-05 -3.50680228e-04  3.48955561e-04  2.38446539e-05
 -7.12970200e-05  7.40234055e-05  2.15370518e-03  1.83061380e-03
  9.52228033e-04  1.90179516e-03  1.11199648e-03  5.30232543e-04
  1.16361985e-03  2.07677760e-03  1.73785964e-03  7.79529720e-04
  1.34754687e-03  5.95157372e-04  7.28244422e-04  1.41168213e-03
  3.16258258e-01  1.55123196e-01  1.56326319e-01  2.99983225e-01
  1.45813341e-01  1.48986163e-01  2.98383490e-01  1.46153759e-01
  1.47544478e-01  2.84452727e-01  1.39117072e-01  1.40585611e-01
  3.15157152e-01  1.53393900e-01  1.56101509e-01]

Gradient approximate =
[ 6.20386498e-05  2.66194782e-04  8.85251961e-05 -3.00657033e-05
 -1.21948391e-04 -4.08396228e-05  3.83497034e-05  2.16957285e-04
  5.17082999e-05 -3.35667116e-05 -9.24954713e-05 -4.41385528e-05
 -4.75660689e-05 -2.45233871e-04  3.16192919e-01  1.54528202e-01
  1.56536331e-01  3.00017960e-01  1.48598995e-01  1.49731178e-01
  2.99581049e-01  1.47035316e-01  1.48931421e-01  2.85529739e-01
  1.40069986e-01  1.42911356e-01  3.16252499e-01  1.54824692e-01
  1.56966132e-01  1.10190611e-03  1.07251981e-03  1.06417242e-03
  0.00000000e+00  0.00000000e+00  0.00000000e+00  0.00000000e+00
  0.00000000e+00  0.00000000e+00  0.00000000e+00  0.00000000e+00
  0.00000000e+00  0.00000000e+00  0.00000000e+00  0.00000000e+00
  0.00000000e+00  0.00000000e+00  0.00000000e+00]

Diff = 
[3.02558683e-11 4.93777167e-04 1.21249335e-04 1.59841584e-11
 1.68108782e-04 4.04385330e-04 1.98898972e-11 7.94598853e-04
 6.60534118e-04 4.15100355e-11 3.42674590e-04 7.43816551e-04
 1.56904563e-12 1.05446357e-04 3.15843964e-01 1.54504357e-01
 1.56607629e-01 2.99943937e-01 1.46445290e-01 1.47900565e-01
 2.98628821e-01 1.45133520e-01 1.47819424e-01 2.84999506e-01
 1.38906367e-01 1.40834578e-01 3.14514639e-01 1.54045162e-01
 1.55618585e-01 5.06748741e-04 3.44275391e-04 3.47509711e-04
 3.16258258e-01 1.55123196e-01 1.56326319e-01 2.99983225e-01
 1.45813341e-01 1.48986163e-01 2.98383490e-01 1.46153759e-01
 1.47544478e-01 2.84452727e-01 1.39117072e-01 1.40585611e-01
 3.15157152e-01 1.53393900e-01 1.56101509e-01]

 Iteration 900:
############################
Gradient = 
[ 4.84047915e-05  7.02961053e-04 -4.68407017e-05 -2.47450015e-05
  6.33346522e-05  3.64964650e-04  2.96004312e-05  9.69053206e-04
 -6.12122882e-04 -2.74148934e-05  2.67900089e-04  6.98661613e-04
 -3.87572115e-05 -3.16741379e-04  3.54043962e-04  1.80443718e-05
 -9.19378269e-05  6.68496446e-05  1.75022200e-03  1.58901453e-03
  7.27148560e-04  1.64857387e-03  8.83140903e-04  3.22258551e-04
  9.49816717e-04  1.64902612e-03  1.48540213e-03  5.42840330e-04
  1.08797098e-03  3.58175250e-04  5.04893378e-04  1.18318818e-03
  3.16160218e-01  1.54612167e-01  1.55871612e-01  2.99523567e-01
  1.45141448e-01  1.48362903e-01  2.97821864e-01  1.45441127e-01
  1.46883118e-01  2.83993944e-01  1.38470101e-01  1.39976302e-01
  3.14529674e-01  1.52636638e-01  1.55384817e-01]

Gradient approximate =
[ 4.84047824e-05  2.16448806e-04  7.40106154e-05 -2.47450149e-05
 -1.04228457e-04 -3.57983598e-05  2.96003977e-05  1.84295450e-04
  4.23393587e-05 -2.74148970e-05 -7.21970328e-05 -3.82023857e-05
 -3.87572041e-05 -2.14610136e-04  3.16103464e-01  1.54011579e-01
  1.56059352e-01  2.99551827e-01  1.47542976e-01  1.48900261e-01
  2.98802664e-01  1.46104702e-01  1.48060985e-01  2.84867194e-01
  1.39230173e-01  1.41892764e-01  3.15388556e-01  1.53843828e-01
  1.56014015e-01  8.69632673e-04  8.55270956e-04  8.48550761e-04
  0.00000000e+00  0.00000000e+00  0.00000000e+00  0.00000000e+00
  0.00000000e+00  0.00000000e+00  0.00000000e+00  0.00000000e+00
  0.00000000e+00  0.00000000e+00  0.00000000e+00  0.00000000e+00
  0.00000000e+00  0.00000000e+00  0.00000000e+00]

Diff = 
[9.07673624e-12 4.86512247e-04 1.20851317e-04 1.34672750e-11
 1.67563109e-04 4.00763010e-04 3.35170679e-11 7.84757756e-04
 6.54462241e-04 3.61643442e-12 3.40097122e-04 7.36863999e-04
 7.35515567e-12 1.02131242e-04 3.15749420e-01 1.53993534e-01
 1.56151289e-01 2.99484978e-01 1.45792754e-01 1.47311247e-01
 2.98075516e-01 1.44456128e-01 1.47177844e-01 2.84544935e-01
 1.38280356e-01 1.40243738e-01 3.13903154e-01 1.53300988e-01
 1.54926044e-01 5.11457422e-04 3.50377578e-04 3.34637420e-04
 3.16160218e-01 1.54612167e-01 1.55871612e-01 2.99523567e-01
 1.45141448e-01 1.48362903e-01 2.97821864e-01 1.45441127e-01
 1.46883118e-01 2.83993944e-01 1.38470101e-01 1.39976302e-01
 3.14529674e-01 1.52636638e-01 1.55384817e-01]

 