Iteration 0:
############################
Gradient = 
[ 1.25453476e-04 -1.68165733e-04 -4.78623552e-03  1.67920624e-04
 -1.83833188e-03 -5.33798517e-04  1.97536551e-04 -1.81367211e-03
 -1.65881315e-03  4.29522202e-05 -2.20675520e-03  4.63697325e-03
  2.86420180e-03  7.96707136e-04  6.35402014e-03  4.59493429e-03
  4.48291453e-03 -3.46666260e-03 -2.14706882e-03  1.14111702e-03
  1.24616038e-03  3.33490362e-03  9.67194542e-03  6.92797101e-03
  7.46520353e-03  8.33538810e-03  5.95104654e-03 -4.62982377e-04
 -9.63862052e-04 -1.26534694e-03 -4.88405392e-03 -4.91868675e-03
  3.29027020e-01  1.61988912e-01  1.72364938e-01  1.82010989e-01
  1.68433877e-01  3.05075777e-01  1.56629445e-01  1.50677585e-01
  1.67555814e-01  1.49545162e-01  3.14754909e-01  1.64013486e-01
  1.55949431e-01  1.72202921e-01  1.53691228e-01  3.09845044e-01
  1.59892614e-01  1.55453337e-01  1.63731938e-01  1.59713543e-01
  2.80848708e-01  1.37076588e-01  1.47762276e-01  1.50226152e-01
  1.35500878e-01]

Gradient approximate =
[8.61210125e-05 3.42871469e-04 1.43539711e-04 6.37360524e-04
 3.22755819e-03 1.02504767e-03 7.05339520e-04 3.27778393e-03
 1.09521054e-03 7.78632063e-04 3.49595104e-03 1.16368158e-03
 7.35332139e-03 3.01769235e-03 3.06835632e-03 2.97963899e-03
 3.32529761e-03 2.09517727e-02 9.17008463e-03 9.62337775e-03
 3.58158670e-01 1.85906205e-01 1.87414206e-01 1.91866456e-01
 1.78606716e-01 3.35686117e-01 1.72211312e-01 1.64630635e-01
 1.76790545e-01 1.63271373e-01 2.68408397e-01 1.34703924e-01
 1.37858859e-01 1.45921036e-01 1.34735389e-01 3.34303010e-01
 1.68807021e-01 1.70176113e-01 1.80118654e-01 1.66830660e-01
 3.18417928e-01 1.61089897e-01 1.62437755e-01 1.71767086e-01
 1.58621556e-01 0.00000000e+00 0.00000000e+00 0.00000000e+00
 0.00000000e+00 0.00000000e+00 0.00000000e+00 0.00000000e+00
 0.00000000e+00 0.00000000e+00 0.00000000e+00 0.00000000e+00
 0.00000000e+00]

Diff = 
[3.93324639e-05 5.11037202e-04 4.92977524e-03 4.69439900e-04
 5.06589007e-03 1.55884619e-03 5.07802969e-04 5.09145604e-03
 2.75402369e-03 7.35679843e-04 5.70270624e-03 3.47329167e-03
 4.48911959e-03 2.22098522e-03 3.28566382e-03 1.61529530e-03
 1.15761692e-03 2.44184353e-02 1.13171535e-02 8.48226074e-03
 3.56912510e-01 1.82571301e-01 1.77742260e-01 1.84938485e-01
 1.71141512e-01 3.27350729e-01 1.66260265e-01 1.65093617e-01
 1.77754408e-01 1.64536720e-01 2.73292451e-01 1.39622611e-01
 1.91168161e-01 1.60678758e-02 3.76295492e-02 1.52292020e-01
 3.73144267e-04 1.34899664e-01 2.34892090e-02 1.61530745e-02
 1.50862114e-01 1.15447351e-02 1.52317154e-01 7.75360015e-03
 2.67212465e-03 1.72202921e-01 1.53691228e-01 3.09845044e-01
 1.59892614e-01 1.55453337e-01 1.63731938e-01 1.59713543e-01
 2.80848708e-01 1.37076588e-01 1.47762276e-01 1.50226152e-01
 1.35500878e-01]

 Iteration 100:
############################
Gradient = 
[-1.22759316e-04 -9.18947224e-04 -4.73653339e-03 -6.98853438e-04
 -3.67449366e-03 -8.75007964e-04 -3.53364652e-04 -2.43901428e-03
 -1.74122392e-03 -3.60546177e-04 -2.30252830e-03  4.33791580e-03
 -8.03843985e-03 -4.42225751e-03  6.92697071e-04 -8.93043279e-04
 -6.80227791e-04 -2.31389247e-02 -1.08889296e-02 -8.14647516e-03
 -7.81555081e-03 -5.96135607e-03 -1.38254865e-02 -3.79037830e-03
 -3.63321801e-03 -2.56661946e-03 -4.91310872e-03 -2.07872824e-02
 -9.65418430e-03 -1.01066436e-02 -1.33477979e-02 -1.36071277e-02
  3.49189984e-01  1.80976349e-01  1.81356666e-01  1.90976975e-01
  1.80144398e-01  3.34894022e-01  1.70732926e-01  1.76418586e-01
  1.80633380e-01  1.69346607e-01  1.85287855e-01  8.98689773e-02
  7.79220585e-02  8.71246829e-02  8.96314844e-02  1.79475306e-01
  8.57062057e-02  7.66741130e-02  9.06937954e-02  7.74730601e-02
  1.96288006e-01  8.83994722e-02  9.21880054e-02  1.05259645e-01
  8.93183895e-02]

Gradient approximate =
[8.09644884e-05 2.81812587e-04 1.90243576e-05 6.57133645e-04
 3.19139930e-03 8.47700676e-04 6.58572652e-04 2.49427669e-03
 9.06905291e-04 7.29490304e-04 2.77891519e-03 1.05577915e-03
 9.59030446e-03 4.03312356e-03 4.19311760e-03 4.05403205e-03
 4.43246063e-03 2.06351438e-02 9.16974712e-03 9.43549235e-03
 3.58395076e-01 1.85783744e-01 1.87524992e-01 1.92368720e-01
 1.81287849e-01 3.38993217e-01 1.73467938e-01 1.69592498e-01
 1.80189246e-01 1.68518712e-01 2.98158817e-01 1.50064084e-01
 1.53133859e-01 1.61803977e-01 1.51534005e-01 3.47872778e-01
 1.75696075e-01 1.77749333e-01 1.87760324e-01 1.76402252e-01
 2.35943722e-01 1.19431081e-01 1.20804206e-01 1.27485210e-01
 1.19322756e-01 0.00000000e+00 0.00000000e+00 0.00000000e+00
 0.00000000e+00 0.00000000e+00 0.00000000e+00 0.00000000e+00
 0.00000000e+00 0.00000000e+00 0.00000000e+00 0.00000000e+00
 0.00000000e+00]

Diff = 
[2.03723805e-04 1.20075981e-03 4.75555775e-03 1.35598708e-03
 6.86589296e-03 1.72270864e-03 1.01193730e-03 4.93329098e-03
 2.64812921e-03 1.09003648e-03 5.08144349e-03 3.28213665e-03
 1.76287443e-02 8.45538106e-03 3.50042053e-03 4.94707533e-03
 5.11268842e-03 4.37740685e-02 2.00586767e-02 1.75819675e-02
 3.66210627e-01 1.91745100e-01 2.01350479e-01 1.96159099e-01
 1.84921067e-01 3.41559837e-01 1.78381047e-01 1.90379780e-01
 1.89843430e-01 1.78625356e-01 3.11506615e-01 1.63671212e-01
 1.96056126e-01 1.91723711e-02 2.98226603e-02 1.56895803e-01
 4.44832237e-03 1.57144690e-01 1.70273979e-02 1.63337880e-05
 5.53103421e-02 4.99155260e-02 6.44836490e-02 3.76162330e-02
 4.14006971e-02 8.71246829e-02 8.96314844e-02 1.79475306e-01
 8.57062057e-02 7.66741130e-02 9.06937954e-02 7.74730601e-02
 1.96288006e-01 8.83994722e-02 9.21880054e-02 1.05259645e-01
 8.93183895e-02]

 Iteration 200:
############################
Gradient = 
[-1.97742673e-04 -7.99640876e-04 -4.32346476e-03 -5.07045478e-04
 -2.07019594e-03 -6.91603379e-05 -3.46409666e-04 -1.68889781e-03
 -1.22580891e-03 -3.20469748e-04 -1.40145625e-03  4.61542918e-03
 -2.95315315e-03 -1.98721201e-03  2.96606012e-03  1.39249081e-03
  1.69159831e-03 -1.53216259e-02 -7.38169502e-03 -4.46436205e-03
 -4.31936530e-03 -1.86587752e-03 -1.10190582e-02 -2.59506753e-03
 -2.31055489e-03 -1.36734079e-03 -3.26945237e-03 -1.18735005e-02
 -5.56006469e-03 -5.71229493e-03 -8.94476606e-03 -8.72403067e-03
  3.55003172e-01  1.84970381e-01  1.88347074e-01  1.96247365e-01
  1.86450194e-01  3.40995943e-01  1.74800023e-01  1.83645500e-01
  1.86199934e-01  1.75979183e-01  1.02923135e-01  4.90595846e-02
  1.89589580e-02  3.39385810e-02  3.95002874e-02  4.08458229e-02
  6.45065537e-03 -1.09448927e-02  7.30949798e-03 -1.54880472e-03
  1.02727044e-01  3.25692006e-02  3.80138157e-02  5.17787817e-02
  4.04057690e-02]

Gradient approximate =
[1.95424397e-04 8.59208151e-04 1.30798501e-04 9.01787409e-04
 4.21064598e-03 1.11414208e-03 1.05922783e-03 3.72087571e-03
 1.47961343e-03 1.13390341e-03 4.01142042e-03 1.64044238e-03
 1.23309866e-02 5.29324645e-03 5.52940942e-03 5.34433436e-03
 5.73373907e-03 2.60085989e-02 1.15999819e-02 1.20172367e-02
 3.66698815e-01 1.92055310e-01 1.97322558e-01 1.99026723e-01
 1.89087142e-01 3.46722874e-01 1.78960628e-01 1.65928697e-01
 1.80984797e-01 1.69830631e-01 3.01880185e-01 1.49947266e-01
 1.60337481e-01 1.68014001e-01 1.58626971e-01 3.53127772e-01
 1.79125748e-01 1.83744989e-01 1.92515516e-01 1.82251042e-01
 1.96970455e-01 1.00148183e-01 1.02727284e-01 1.07515642e-01
 1.01291779e-01 0.00000000e+00 0.00000000e+00 0.00000000e+00
 0.00000000e+00 0.00000000e+00 0.00000000e+00 0.00000000e+00
 0.00000000e+00 0.00000000e+00 0.00000000e+00 0.00000000e+00
 0.00000000e+00]

Diff = 
[3.93167069e-04 1.65884903e-03 4.45426326e-03 1.40883289e-03
 6.28084192e-03 1.18330242e-03 1.40563750e-03 5.40977352e-03
 2.70542234e-03 1.45437316e-03 5.41287666e-03 2.97498680e-03
 1.52841398e-02 7.28045846e-03 2.56334930e-03 3.95184354e-03
 4.04214075e-03 4.13302248e-02 1.89816770e-02 1.64815988e-02
 3.71018180e-01 1.93921187e-01 2.08341617e-01 2.01621791e-01
 1.91397697e-01 3.48090214e-01 1.82230081e-01 1.77802198e-01
 1.86544861e-01 1.75542926e-01 3.10824951e-01 1.58671297e-01
 1.94665691e-01 1.69563801e-02 2.97201035e-02 1.56880407e-01
 7.32444597e-03 1.57250954e-01 1.77154933e-02 1.39445786e-03
 1.07705213e-02 7.58309992e-02 1.95850624e-04 5.84560572e-02
 8.23328208e-02 3.39385810e-02 3.95002874e-02 4.08458229e-02
 6.45065537e-03 1.09448927e-02 7.30949798e-03 1.54880472e-03
 1.02727044e-01 3.25692006e-02 3.80138157e-02 5.17787817e-02
 4.04057690e-02]

 Iteration 300:
############################
Gradient = 
[ 1.07698291e-04  5.19689306e-04 -3.55508284e-03  6.67719644e-04
  2.75646829e-03  1.74994346e-03  4.65518318e-04  1.73610093e-03
  1.13740245e-04  5.44566429e-04  2.20259493e-03  5.72583372e-03
  1.18150816e-02  4.53955571e-03  9.50025137e-03  7.82525331e-03
  8.31288642e-03  1.99838423e-02  7.92666785e-03  1.15547463e-02
  1.11770759e-02  1.45211279e-02  6.52150405e-03  4.95539372e-03
  5.65507825e-03  6.29419722e-03  4.99394671e-03  9.40134817e-03
  3.73392816e-03  4.14111121e-03  7.51770505e-04  1.56120059e-03
  3.53607831e-01  1.82942505e-01  1.87215299e-01  1.95519331e-01
  1.86244397e-01  3.40847221e-01  1.73692731e-01  1.83119544e-01
  1.86243101e-01  1.76521959e-01  2.98271295e-02  1.20559344e-02
 -3.71312039e-02 -1.52746824e-02 -7.70699254e-03 -5.89084962e-02
 -5.34724691e-02 -8.00785816e-02 -5.59551322e-02 -6.24358230e-02
  3.95896700e-02 -8.56493657e-03  1.74940428e-03  1.58250035e-02
  8.38979785e-03]

Gradient approximate =
[1.88389806e-04 8.78366528e-04 1.15185255e-04 8.60925971e-04
 4.02795346e-03 1.05106888e-03 1.11387043e-03 3.56923681e-03
 1.63204640e-03 1.18181253e-03 3.79939341e-03 1.79064424e-03
 1.19097464e-02 5.13890872e-03 5.33649073e-03 5.17027236e-03
 5.50597008e-03 2.68316180e-02 1.19908803e-02 1.23824742e-02
 3.65675032e-01 1.90658154e-01 1.96397322e-01 1.98510150e-01
 1.89107941e-01 3.46735358e-01 1.78031800e-01 1.59094284e-01
 1.78244462e-01 1.67178479e-01 2.99727864e-01 1.46245543e-01
 1.60292733e-01 1.68534596e-01 1.59585039e-01 3.52605463e-01
 1.77833338e-01 1.82922863e-01 1.92301512e-01 1.82562130e-01
 1.55030973e-01 7.83923915e-02 8.06345702e-02 8.46732879e-02
 7.98234090e-02 0.00000000e+00 0.00000000e+00 0.00000000e+00
 0.00000000e+00 0.00000000e+00 0.00000000e+00 0.00000000e+00
 0.00000000e+00 0.00000000e+00 0.00000000e+00 0.00000000e+00
 0.00000000e+00]

Diff = 
[8.06915153e-05 3.58677222e-04 3.67026810e-03 1.93206327e-04
 1.27148517e-03 6.98874582e-04 6.48352109e-04 1.83313588e-03
 1.51830616e-03 6.37246101e-04 1.59679848e-03 3.93518948e-03
 9.46648118e-05 5.99353013e-04 4.16376064e-03 2.65498095e-03
 2.80691634e-03 6.84777573e-03 4.06421250e-03 8.27727926e-04
 3.54497956e-01 1.76137026e-01 1.89875817e-01 1.93554757e-01
 1.83452863e-01 3.40441161e-01 1.73037853e-01 1.49692936e-01
 1.74510534e-01 1.63037367e-01 2.98976093e-01 1.44684343e-01
 1.93315098e-01 1.44079081e-02 2.76302601e-02 1.57086132e-01
 8.41105851e-03 1.57924358e-01 1.86087813e-02 5.57413690e-04
 3.12121281e-02 9.81295670e-02 5.08074407e-02 7.26173535e-02
 1.16954613e-01 1.52746824e-02 7.70699254e-03 5.89084962e-02
 5.34724691e-02 8.00785816e-02 5.59551322e-02 6.24358230e-02
 3.95896700e-02 8.56493657e-03 1.74940428e-03 1.58250035e-02
 8.38979785e-03]

 Iteration 400:
############################
Gradient = 
[ 5.11846072e-05 -1.79796777e-04 -3.76034656e-03  1.43376105e-03
  5.04095593e-03  2.41648641e-03  9.25215979e-04  2.98900328e-03
  4.24221673e-04  9.78905387e-04  3.27943357e-03  5.67115528e-03
  2.69500537e-02  1.09139905e-02  1.57080188e-02  1.40030505e-02
  1.46038776e-02  6.03634439e-02  2.47407209e-02  2.87036746e-02
  2.79449890e-02  3.19930866e-02  2.73365910e-02  1.35852370e-02
  1.45227695e-02  1.49213857e-02  1.41302335e-02  3.16349257e-02
  1.30237538e-02  1.37670945e-02  1.03071758e-02  1.15715372e-02
  3.40399607e-01  1.71709654e-01  1.72977876e-01  1.84860433e-01
  1.76076120e-01  3.31482945e-01  1.65158033e-01  1.70785856e-01
  1.77769223e-01  1.68411383e-01 -2.48884995e-02 -1.56618123e-02
 -8.27157057e-02 -5.39421127e-02 -4.50210928e-02 -1.17172539e-01
 -9.09021017e-02 -1.25083582e-01 -9.53053089e-02 -1.00590512e-01
  1.72390905e-03 -3.64762041e-02 -1.80313113e-02 -4.73036588e-03
 -8.16084220e-03]

Gradient approximate =
[5.29417443e-05 8.31155411e-05 2.08108730e-05 4.97504551e-04
 2.24556789e-03 6.69261879e-04 8.24306052e-04 1.80757884e-03
 1.41495503e-03 8.86010258e-04 1.94195756e-03 1.57130061e-03
 7.08792116e-03 3.01342046e-03 3.05924497e-03 2.98045860e-03
 3.20209810e-03 2.08887954e-02 9.33953431e-03 9.50042806e-03
 3.49707168e-01 1.77722329e-01 1.78936910e-01 1.86485902e-01
 1.77490532e-01 3.35481830e-01 1.68035459e-01 1.43322008e-01
 1.68202633e-01 1.57199576e-01 2.86987250e-01 1.35581839e-01
 1.49017054e-01 1.60136179e-01 1.51587399e-01 3.42995402e-01
 1.69560586e-01 1.71320925e-01 1.84030821e-01 1.74702828e-01
 1.13653777e-01 5.63538895e-02 5.69144977e-02 6.10802387e-02
 5.73326022e-02 0.00000000e+00 0.00000000e+00 0.00000000e+00
 0.00000000e+00 0.00000000e+00 0.00000000e+00 0.00000000e+00
 0.00000000e+00 0.00000000e+00 0.00000000e+00 0.00000000e+00
 0.00000000e+00]

Diff = 
[1.75713708e-06 2.62912318e-04 3.78115744e-03 9.36256500e-04
 2.79538804e-03 1.74722453e-03 1.00909927e-04 1.18142443e-03
 9.90733356e-04 9.28951281e-05 1.33747601e-03 4.09985468e-03
 1.98621325e-02 7.90057006e-03 1.26487738e-02 1.10225919e-02
 1.14017795e-02 3.94746484e-02 1.54011866e-02 1.92032465e-02
 3.21762179e-01 1.45729243e-01 1.51600319e-01 1.72900665e-01
 1.62967762e-01 3.20560444e-01 1.53905225e-01 1.11687083e-01
 1.55178879e-01 1.43432481e-01 2.76680075e-01 1.24010302e-01
 1.91382553e-01 1.15734748e-02 2.13904772e-02 1.58134970e-01
 6.51553439e-03 1.60162020e-01 1.88727885e-02 3.91697205e-03
 6.41154462e-02 1.12057494e-01 8.18029972e-02 7.67420510e-02
 1.40048308e-01 5.39421127e-02 4.50210928e-02 1.17172539e-01
 9.09021017e-02 1.25083582e-01 9.53053089e-02 1.00590512e-01
 1.72390905e-03 3.64762041e-02 1.80313113e-02 4.73036588e-03
 8.16084220e-03]

 Iteration 500:
############################
Gradient = 
[-1.11814694e-03 -5.55625015e-03 -6.08246787e-03  7.94900271e-04
  1.29734827e-03  5.06051855e-04  1.23813686e-04 -1.13558854e-03
 -1.61300335e-03  3.74114307e-05 -1.48305319e-03  3.08043108e-03
  3.84485229e-02  1.55600334e-02  1.98923914e-02  1.82878088e-02
  1.89145268e-02  9.36524617e-02  3.81250783e-02  4.15912426e-02
  4.08077036e-02  4.52665826e-02  4.50608338e-02  2.06862445e-02
  2.14368660e-02  2.17748177e-02  2.13441774e-02  4.89923896e-02
  1.99812969e-02  2.06228035e-02  1.72788290e-02  1.88214715e-02
  3.17192266e-01  1.53345174e-01  1.48450165e-01  1.66144385e-01
  1.57947734e-01  3.14774292e-01  1.51039375e-01  1.49191913e-01
  1.62514813e-01  1.53566155e-01 -5.97304286e-02 -3.27829362e-02
 -1.14807313e-01 -7.99269698e-02 -6.99610662e-02 -1.47390572e-01
 -1.11995752e-01 -1.51286253e-01 -1.16979081e-01 -1.21528767e-01
 -1.92597954e-02 -5.47633649e-02 -2.57081811e-02 -1.44354704e-02
 -1.35009603e-02]

Gradient approximate =
[ 5.05182829e-05 -6.24795522e-04  1.84074662e-04  1.73403165e-04
  1.64505054e-04  4.25552764e-04  5.50719266e-04 -2.71262799e-04
  1.28386362e-03  6.26087857e-04 -1.89898928e-04  1.46281401e-03
 -6.36380095e-04 -3.98860998e-04 -4.70167729e-04 -4.58525800e-04
 -3.65002331e-04  9.84296361e-03  4.44070017e-03  4.37198687e-03
  3.21519719e-01  1.56192121e-01  1.49057944e-01  1.65410916e-01
  1.56928635e-01  3.15509402e-01  1.51490189e-01  1.20304880e-01
  1.52203470e-01  1.41371826e-01  2.65610632e-01  1.19625685e-01
  1.29235444e-01  1.44746392e-01  1.36722915e-01  3.25758515e-01
  1.55944233e-01  1.51215337e-01  1.69182461e-01  1.60308968e-01
  7.74665421e-02  3.71993790e-02  3.59964991e-02  4.02788623e-02
  3.74382595e-02  0.00000000e+00  0.00000000e+00  0.00000000e+00
  0.00000000e+00  0.00000000e+00  0.00000000e+00  0.00000000e+00
  0.00000000e+00  0.00000000e+00  0.00000000e+00  0.00000000e+00
  0.00000000e+00]

Diff = 
[1.16866522e-03 4.93145462e-03 6.26654253e-03 6.21497106e-04
 1.13284322e-03 8.04990904e-05 4.26905579e-04 8.64325740e-04
 2.89686697e-03 5.88676426e-04 1.29315426e-03 1.61761707e-03
 3.90849030e-02 1.59588944e-02 2.03625592e-02 1.87463346e-02
 1.92795291e-02 8.38094981e-02 3.36843781e-02 3.72192557e-02
 2.80712015e-01 1.10925539e-01 1.03997110e-01 1.44724671e-01
 1.35491769e-01 2.93734584e-01 1.30146012e-01 7.13124903e-02
 1.32222173e-01 1.20749022e-01 2.48331803e-01 1.00804214e-01
 1.87956822e-01 8.59878257e-03 1.17272498e-02 1.59614130e-01
 2.00350073e-03 1.63558955e-01 1.81430859e-02 1.11170548e-02
 8.50482708e-02 1.16366776e-01 9.57269278e-02 7.30617985e-02
 1.52245573e-01 7.99269698e-02 6.99610662e-02 1.47390572e-01
 1.11995752e-01 1.51286253e-01 1.16979081e-01 1.21528767e-01
 1.92597954e-02 5.47633649e-02 2.57081811e-02 1.44354704e-02
 1.35009603e-02]

 Iteration 600:
############################
Gradient = 
[-0.00345295 -0.01525033 -0.01053616 -0.00125021 -0.00777301 -0.00387473
 -0.00197144 -0.01013163 -0.00595506 -0.00228492 -0.0114216  -0.00195567
  0.04599684  0.01877624  0.02244358  0.02102384  0.02165146  0.11553473
  0.04737771  0.04967116  0.04914333  0.05381906  0.05773127  0.02600864
  0.02621053  0.0266335   0.02647855  0.06001188  0.02455998  0.02477185
  0.02167704  0.02339048  0.2882324   0.13140546  0.11904134  0.14320043
  0.13564333  0.29427601  0.13424054  0.12306138  0.1437289   0.1352762
 -0.0784696  -0.04136249 -0.13529896 -0.09511061 -0.0841197  -0.16232562
 -0.12339056 -0.16597046 -0.12807566 -0.13187847 -0.03023114 -0.06679655
 -0.02592481 -0.01757073 -0.0118256 ]

Gradient approximate =
[ 4.63711882e-04 -1.33709481e-04  9.38540048e-04  2.67334233e-04
 -7.10354426e-04  7.67057380e-04  6.69953979e-04 -1.17945008e-03
  1.69033923e-03  7.91576087e-04 -1.05151800e-03  1.93297031e-03
 -9.15421245e-03 -4.29034147e-03 -4.32537137e-03 -4.27149854e-03
 -4.29988940e-03 -3.02079605e-03 -1.38127397e-03 -1.48296422e-03
  2.86793955e-01  1.30858737e-01  1.13924566e-01  1.39805412e-01
  1.31986072e-01  2.91215359e-01  1.32050457e-01  9.40555094e-02
  1.33213210e-01  1.22662494e-01  2.39876782e-01  1.01462531e-01
  1.05928036e-01  1.26025002e-01  1.18674651e-01  3.04068915e-01
  1.39639212e-01  1.26942089e-01  1.50733357e-01  1.42362932e-01
  4.91343608e-02  2.26177410e-02  2.04390729e-02  2.43304694e-02
  2.22213495e-02  0.00000000e+00  0.00000000e+00  0.00000000e+00
  0.00000000e+00  0.00000000e+00  0.00000000e+00  0.00000000e+00
  0.00000000e+00  0.00000000e+00  0.00000000e+00  0.00000000e+00
  0.00000000e+00]

Diff = 
[0.00391666 0.01511662 0.0114747  0.00151755 0.00706266 0.00464179
 0.00264139 0.00895218 0.0076454  0.00307649 0.01037008 0.00388864
 0.05515105 0.02306658 0.02676895 0.02529533 0.02595135 0.11855553
 0.04875898 0.05115413 0.23765062 0.07703967 0.0561933  0.11379677
 0.10577554 0.26458186 0.10557191 0.03404363 0.10865323 0.09789064
 0.21819974 0.07807205 0.18230436 0.00538046 0.00036669 0.16086848
 0.00399588 0.16733392 0.01649282 0.01930155 0.09459454 0.11265846
 0.09890868 0.06569296 0.15752031 0.09511061 0.0841197  0.16232562
 0.12339056 0.16597046 0.12807566 0.13187847 0.03023114 0.06679655
 0.02592481 0.01757073 0.0118256 ]

 Iteration 700:
############################
Gradient = 
[-0.0064682  -0.02682102 -0.01623769 -0.00413043 -0.01935464 -0.00970394
 -0.00484432 -0.02143585 -0.01167315 -0.0053998  -0.0236356  -0.00838021
  0.05032883  0.02122797  0.02415939  0.02295125  0.02360343  0.12491849
  0.05291475  0.0537656   0.05361457  0.0583879   0.06510886  0.02998791
  0.02945962  0.03003776  0.03013017  0.06489932  0.02726783  0.02693481
  0.02413578  0.02596586  0.25765585  0.10874128  0.08928249  0.11926203
  0.11236297  0.27315883  0.1169567   0.09639781  0.12406155  0.11622083
 -0.08525007 -0.04383708 -0.14735192 -0.10214434 -0.09001394 -0.16926259
 -0.12904016 -0.17414082 -0.13297739 -0.13583744 -0.03564387 -0.07487066
 -0.02208263 -0.0170804  -0.00608966]

Gradient approximate =
[ 1.39335274e-03  2.05997176e-03  2.38237755e-03  9.16789684e-04
  2.77077024e-04  1.84048793e-03  1.33320516e-03 -2.10753524e-04
  2.80216011e-03  1.53187189e-03  6.32165431e-05  3.14397073e-03
 -1.70185517e-02 -8.30580069e-03 -8.12564629e-03 -8.08677337e-03
 -8.24362504e-03 -1.45950708e-02 -7.09882358e-03 -6.98978027e-03
  2.50716979e-01  1.05399680e-01  7.92669107e-02  1.13240475e-01
  1.06217446e-01  2.66205660e-01  1.12244443e-01  6.77777370e-02
  1.13579323e-01  1.03449310e-01  2.13683866e-01  8.34980360e-02
  8.32772170e-02  1.07069511e-01  1.00539752e-01  2.80891958e-01
  1.22683533e-01  1.02177677e-01  1.31163753e-01  1.23358100e-01
  2.92159574e-02  1.27839943e-02  1.05514164e-02  1.35762735e-02
  1.20411530e-02  0.00000000e+00  0.00000000e+00  0.00000000e+00
  0.00000000e+00  0.00000000e+00  0.00000000e+00  0.00000000e+00
  0.00000000e+00  0.00000000e+00  0.00000000e+00  0.00000000e+00
  0.00000000e+00]

Diff = 
[0.00786155 0.02888099 0.01862006 0.00504722 0.01963171 0.01154442
 0.00617753 0.0212251  0.01447531 0.00693167 0.02369882 0.01152418
 0.06734738 0.02953377 0.03228503 0.03103802 0.03184706 0.13951356
 0.06001357 0.06075538 0.19710241 0.04701178 0.01415805 0.08325256
 0.07675783 0.2361679  0.08211428 0.00287842 0.0863115  0.0765145
 0.18954808 0.05753217 0.17437863 0.00167177 0.01125726 0.16162993
 0.01032056 0.17098116 0.01420706 0.02696029 0.0948456  0.10343683
 0.09580149 0.05741335 0.15939307 0.10214434 0.09001394 0.16926259
 0.12904016 0.17414082 0.13297739 0.13583744 0.03564387 0.07487066
 0.02208263 0.0170804  0.00608966]

 Iteration 800:
############################
Gradient = 
[-0.00931255 -0.03649318 -0.02159464 -0.00701795 -0.02983549 -0.01547038
 -0.00769009 -0.03152248 -0.01728712 -0.00839442 -0.03411836 -0.01451059
  0.05212808  0.02320273  0.0254621   0.02445162  0.02515255  0.12226336
  0.05449594  0.05413749  0.05433932  0.0590114   0.06734073  0.03263746
  0.03143084  0.03216678  0.03244554  0.06429156  0.02817716  0.02741167
  0.02488698  0.02674732  0.22879906  0.08722509  0.06215374  0.09648237
  0.09031208  0.25368346  0.10047756  0.07190379  0.10520314  0.09815826
 -0.08296742 -0.04198366 -0.15385602 -0.10318296 -0.08983806 -0.17170916
 -0.13094251 -0.17889042 -0.13400003 -0.1357531  -0.03821011 -0.08039315
 -0.01639189 -0.01475965  0.00185806]

Gradient approximate =
[ 0.00273326  0.00572932  0.00432994  0.00202963  0.00296088  0.00349906
  0.00246715  0.00255077  0.0044891   0.00275771  0.00302064  0.00493385
 -0.02355516 -0.01239131 -0.01186189 -0.0118806  -0.01218372 -0.02287693
 -0.01203373 -0.01156251  0.2172347   0.08209772  0.04860379  0.0879569
  0.08188104  0.24287142  0.09341145  0.04334865  0.09456561  0.08512978
  0.18983601  0.06708959  0.0639202   0.08993963  0.08438044  0.25855525
  0.10635107  0.07945108  0.11213944  0.10504198  0.0170884   0.00710458
  0.00537263  0.00741075  0.0062944   0.          0.          0.
  0.          0.          0.          0.          0.          0.
  0.          0.          0.        ]

Diff = 
[0.01204581 0.0422225  0.02592458 0.00904758 0.03279637 0.01896944
 0.01015724 0.03407325 0.02177622 0.01115213 0.037139   0.01944444
 0.07568323 0.03559404 0.03732398 0.03633223 0.03733627 0.14514029
 0.06652967 0.0657     0.16289538 0.02308633 0.01873694 0.05531944
 0.0504502  0.21070465 0.06096591 0.02094291 0.06638845 0.05771811
 0.16494903 0.04034227 0.16487886 0.00271454 0.0222267  0.16207288
 0.01603899 0.17423238 0.01166188 0.03313819 0.08811474 0.09105368
 0.08834006 0.04939441 0.16015042 0.10318296 0.08983806 0.17170916
 0.13094251 0.17889042 0.13400003 0.1357531  0.03821011 0.08039315
 0.01639189 0.01475965 0.00185806]

 Iteration 900:
############################
Gradient = 
[-0.01104742 -0.04043748 -0.0247598  -0.0090352  -0.03563395 -0.01948271
 -0.00962804 -0.03678961 -0.02108468 -0.01029939 -0.03892091 -0.01845845
  0.05188508  0.02446632  0.0262637   0.02540536  0.02613137  0.11015613
  0.05143529  0.05057165  0.05098858  0.05520013  0.06493361  0.03332957
  0.03176711  0.03260298  0.03289319  0.05925925  0.02690489  0.02602311
  0.0237032   0.02541767  0.20413008  0.06809953  0.03948445  0.07627367
  0.07101739  0.23724747  0.08553112  0.05125162  0.08822229  0.08223994
 -0.07389062 -0.0372484  -0.15747161 -0.10016924 -0.08567144 -0.17138681
 -0.13024715 -0.18236969 -0.13255802 -0.13318711 -0.03948619 -0.08421479
 -0.01031823 -0.01166384  0.01089875]

Gradient approximate =
[ 0.0042168   0.01005225  0.00635722  0.00337177  0.00666061  0.00538735
  0.00384402  0.0064554   0.00639021  0.00421481  0.00708989  0.00689463
 -0.02856182 -0.01642257 -0.01551687 -0.01560991 -0.01605347 -0.02731406
 -0.01568627 -0.01487746  0.18918273  0.06238432  0.02387949  0.06547342
  0.06053636  0.22273414  0.07633822  0.02187284  0.07672622  0.06843885
  0.17001373  0.05275369  0.04903392  0.07579616  0.07133758  0.23880883
  0.09147804  0.06044511  0.09483943  0.08871683  0.01141692  0.00461129
  0.00338442  0.00474511  0.00387931  0.          0.          0.
  0.          0.          0.          0.          0.          0.
  0.          0.          0.        ]

Diff = 
[0.01526422 0.05048973 0.03111702 0.01240697 0.04229456 0.02487006
 0.01347206 0.04324501 0.02747489 0.0145142  0.0460108  0.02535309
 0.0804469  0.0408889  0.04178057 0.04101527 0.04218484 0.1374702
 0.06712156 0.06544912 0.13819415 0.00718419 0.04105412 0.03214385
 0.02876925 0.19013115 0.04344503 0.03738641 0.04982133 0.04241574
 0.14631053 0.02733602 0.15509616 0.00769663 0.03185312 0.16253516
 0.02046065 0.17680236 0.00930831 0.03746521 0.07680537 0.07762865
 0.07727504 0.04199351 0.16135092 0.10016924 0.08567144 0.17138681
 0.13024715 0.18236969 0.13255802 0.13318711 0.03948619 0.08421479
 0.01031823 0.01166384 0.01089875]

 