Iteration 0:
############################
Gradient = 
[ 2.28331286e-04  2.46467071e-03 -7.07883799e-04 -1.06102624e-04
  3.52253497e-03 -1.14453588e-03 -1.16454060e-04  4.15879213e-03
  1.83696381e-03  3.05826914e-06  8.40134157e-04  1.50416990e-03
 -7.52754744e-03 -8.23551442e-03 -1.12908050e-03 -1.11581823e-03
 -4.72334682e-03 -2.82913880e-03 -6.11716988e-03 -2.17507888e-03
 -1.74000631e-03  5.91706082e-05  3.11727999e-01  1.57328041e-01
  1.56384460e-01  2.58143665e-01  1.22161058e-01  1.26944892e-01
  3.06005586e-01  1.53504388e-01  1.56469591e-01  3.19751544e-01
  1.53653800e-01  1.65331281e-01  3.18095025e-01  1.51602621e-01
  1.64743296e-01]

Gradient approximate =
[-2.21477638e-04 -7.63706323e-04 -2.38536020e-04  2.90599460e-04
  9.85911488e-04  3.36948842e-04  2.77512777e-04  9.44048508e-04
  3.33432173e-04 -1.26350395e-04  3.00669516e-01  1.48012709e-01
  1.72068643e-01  3.03155767e-01  1.54799783e-01  1.60875298e-01
  3.04087967e-01  1.36453562e-01  1.46077011e-01  2.97727948e-01
  1.43888896e-01  1.49943230e-01  3.11727999e-01  1.53060597e-01
  1.59164607e-01  0.00000000e+00  0.00000000e+00  0.00000000e+00
  0.00000000e+00  0.00000000e+00  0.00000000e+00  0.00000000e+00
  0.00000000e+00  0.00000000e+00  0.00000000e+00  0.00000000e+00
  0.00000000e+00]

Diff = 
[4.49808924e-04 3.22837703e-03 4.69347779e-04 3.96702084e-04
 2.53662349e-03 1.48148472e-03 3.93966837e-04 3.21474362e-03
 1.50353164e-03 1.29408664e-04 2.99829382e-01 1.46508540e-01
 1.79596190e-01 3.11391282e-01 1.55928863e-01 1.61991116e-01
 3.08811314e-01 1.39282701e-01 1.52194181e-01 2.99903027e-01
 1.45628903e-01 1.49884060e-01 3.06837888e-12 4.26744350e-03
 2.78014684e-03 2.58143665e-01 1.22161058e-01 1.26944892e-01
 3.06005586e-01 1.53504388e-01 1.56469591e-01 3.19751544e-01
 1.53653800e-01 1.65331281e-01 3.18095025e-01 1.51602621e-01
 1.64743296e-01]

 Iteration 100:
############################
Gradient = 
[ 8.56064455e-05  1.57431919e-03 -6.68942260e-04  1.21606648e-04
  4.04069700e-03 -9.02100977e-04  8.76584338e-05  4.59832005e-03
  1.89319737e-03 -1.80519182e-04  3.19520891e-04  1.21489913e-03
  9.39651742e-03  3.38414746e-04  7.97942487e-03  8.27087960e-03
  4.05693049e-03 -1.46062667e-02 -1.14722599e-02 -8.19257360e-03
 -8.01331002e-03 -5.99792256e-03  2.99001221e-01  1.46290039e-01
  1.51243133e-01  2.90606165e-01  1.43133641e-01  1.53048196e-01
  2.95122047e-01  1.47080605e-01  1.48609261e-01  3.05426190e-01
  1.48280494e-01  1.59877802e-01  2.00408194e-01  9.33418124e-02
  9.34131668e-02]

Gradient approximate =
[-1.43729240e-04 -4.97286028e-04 -8.46595571e-05  1.89986447e-04
  6.69382947e-04  1.97910204e-04  1.71685595e-04  6.08940265e-04
  1.84382336e-04 -1.61506553e-04  2.98456534e-01  1.44643634e-01
  1.69742157e-01  2.98288095e-01  1.49144489e-01  1.59233950e-01
  3.03215823e-01  1.33184499e-01  1.47802784e-01  3.00056342e-01
  1.42225282e-01  1.52880923e-01  2.99001221e-01  1.44599775e-01
  1.54728963e-01  0.00000000e+00  0.00000000e+00  0.00000000e+00
  0.00000000e+00  0.00000000e+00  0.00000000e+00  0.00000000e+00
  0.00000000e+00  0.00000000e+00  0.00000000e+00  0.00000000e+00
  0.00000000e+00]

Diff = 
[2.29335685e-04 2.07160522e-03 5.84282703e-04 6.83797985e-05
 3.37131405e-03 1.10001118e-03 8.40271608e-05 3.98937979e-03
 1.70881503e-03 1.90126291e-05 2.98137013e-01 1.43428735e-01
 1.60345640e-01 2.97949681e-01 1.41165064e-01 1.50963071e-01
 2.99158893e-01 1.47790766e-01 1.59275044e-01 3.08248916e-01
 1.50238592e-01 1.58878846e-01 1.68131620e-11 1.69026398e-03
 3.48583032e-03 2.90606165e-01 1.43133641e-01 1.53048196e-01
 2.95122047e-01 1.47080605e-01 1.48609261e-01 3.05426190e-01
 1.48280494e-01 1.59877802e-01 2.00408194e-01 9.33418124e-02
 9.34131668e-02]

 Iteration 200:
############################
Gradient = 
[ 3.63538080e-05  9.63398833e-04 -5.68380053e-04  7.00459181e-05
  3.79143847e-03 -9.60347011e-04  3.99971809e-05  4.36456445e-03
  1.69247541e-03 -1.88990287e-04  3.36947494e-04  1.12224542e-03
  8.64169496e-03  3.41013195e-05  7.32321166e-03  7.55969012e-03
  3.48782330e-03 -1.30889339e-02 -1.00340127e-02 -6.72234512e-03
 -6.52062558e-03 -4.86314110e-03  2.97500339e-01  1.44030239e-01
  1.52470413e-01  2.88804931e-01  1.40510934e-01  1.54040329e-01
  2.97163628e-01  1.47401427e-01  1.52574635e-01  3.09093407e-01
  1.48937007e-01  1.64565140e-01  9.88775823e-02  3.64185836e-02
  3.39527810e-02]

Gradient approximate =
[-1.81944897e-04 -6.02675900e-04 -1.00894899e-04  1.54405064e-04
  5.43336041e-04  1.44881742e-04  1.35685969e-04  4.79195019e-04
  1.27454967e-04 -1.98905932e-04  2.96818261e-01  1.42388609e-01
  1.72345358e-01  2.96957939e-01  1.47377221e-01  1.61086390e-01
  3.05753611e-01  1.32272169e-01  1.50962690e-01  3.03454979e-01
  1.42216668e-01  1.57002089e-01  2.97500339e-01  1.42468509e-01
  1.56305450e-01  0.00000000e+00  0.00000000e+00  0.00000000e+00
  0.00000000e+00  0.00000000e+00  0.00000000e+00  0.00000000e+00
  0.00000000e+00  0.00000000e+00  0.00000000e+00  0.00000000e+00
  0.00000000e+00]

Diff = 
[2.18298705e-04 1.56607473e-03 4.67485154e-04 8.43591462e-05
 3.24810243e-03 1.10522875e-03 9.56887882e-05 3.88536943e-03
 1.56502044e-03 9.91564482e-06 2.96481314e-01 1.41266363e-01
 1.63703663e-01 2.96923838e-01 1.40054009e-01 1.53526700e-01
 3.02265788e-01 1.45361103e-01 1.60996703e-01 3.10177324e-01
 1.48737293e-01 1.61865230e-01 1.36730072e-11 1.56173008e-03
 3.83503704e-03 2.88804931e-01 1.40510934e-01 1.54040329e-01
 2.97163628e-01 1.47401427e-01 1.52574635e-01 3.09093407e-01
 1.48937007e-01 1.64565140e-01 9.88775823e-02 3.64185836e-02
 3.39527810e-02]

 Iteration 300:
############################
Gradient = 
[-1.91740270e-04 -2.62311335e-04 -6.98496384e-04  9.13015622e-05
  3.79916187e-03 -9.19071894e-04  7.88789400e-05  4.43470488e-03
  1.61443466e-03 -1.65956197e-04  4.54507999e-04  1.07533242e-03
  1.30866879e-02  2.34677581e-03  9.55240970e-03  9.84682465e-03
  5.67879576e-03 -6.64705462e-03 -6.22329267e-03 -2.64125873e-03
 -2.32151412e-03 -1.20129122e-03  2.95730369e-01  1.41346271e-01
  1.52611965e-01  2.86435995e-01  1.37288710e-01  1.53891533e-01
  2.98118164e-01  1.46662850e-01  1.55072598e-01  3.11297925e-01
  1.48383357e-01  1.67561112e-01  1.44060962e-02 -1.13317902e-02
 -1.81011374e-02]

Gradient approximate =
[-1.95077834e-04 -6.20371581e-04 -9.48254009e-05  1.09741731e-04
  3.83168342e-04  8.58517080e-05  8.85382079e-05  3.07767976e-04
  6.24870466e-05 -2.40800464e-04  2.94891028e-01  1.39701209e-01
  1.73342270e-01  2.94751858e-01  1.44700841e-01  1.61477966e-01
  3.06867582e-01  1.29781392e-01  1.52409521e-01  3.04978718e-01
  1.40725535e-01  1.59166420e-01  2.95730369e-01  1.39916232e-01
  1.56937358e-01  0.00000000e+00  0.00000000e+00  0.00000000e+00
  0.00000000e+00  0.00000000e+00  0.00000000e+00  0.00000000e+00
  0.00000000e+00  0.00000000e+00  0.00000000e+00  0.00000000e+00
  0.00000000e+00]

Diff = 
[3.33756392e-06 3.58060246e-04 6.03670983e-04 1.84401690e-05
 3.41599353e-03 1.00492360e-03 9.65926792e-06 4.12693691e-03
 1.55194761e-03 7.48442671e-05 2.94436520e-01 1.38625876e-01
 1.60255582e-01 2.92405082e-01 1.35148431e-01 1.51631141e-01
 3.01188786e-01 1.36428447e-01 1.58632814e-01 3.07619977e-01
 1.43047049e-01 1.60367711e-01 2.92671443e-12 1.43003856e-03
 4.32539287e-03 2.86435995e-01 1.37288710e-01 1.53891533e-01
 2.98118164e-01 1.46662850e-01 1.55072598e-01 3.11297925e-01
 1.48383357e-01 1.67561112e-01 1.44060962e-02 1.13317902e-02
 1.81011374e-02]

 Iteration 400:
############################
Gradient = 
[-4.87926023e-04 -1.71143377e-03 -9.00223435e-04  1.16907636e-04
  3.73468400e-03 -8.41496863e-04  1.26134432e-04  4.44004050e-03
  1.58401065e-03 -1.53082349e-04  4.47508150e-04  1.04127525e-03
  1.97814818e-02  5.69745188e-03  1.28535724e-02  1.32399701e-02
  8.93399315e-03  1.68032344e-03 -1.65565372e-03  2.20058919e-03
  2.65157197e-03  3.25358654e-03  2.93240008e-01  1.37446486e-01
  1.50743056e-01  2.82554301e-01  1.32389374e-01  1.51524206e-01
  2.96868005e-01  1.43611893e-01  1.54902565e-01  3.11175514e-01
  1.45530746e-01  1.67747651e-01 -5.01772233e-02 -4.84739133e-02
 -6.01177194e-02]

Gradient approximate =
[-1.59914171e-04 -4.59874649e-04 -3.43177264e-05  5.13424148e-05
  1.75765489e-04  2.11305262e-05  2.33510700e-05  7.28777749e-05
 -1.30767996e-05 -2.91889226e-04  2.92206486e-01  1.35788148e-01
  1.71397505e-01  2.90425423e-01  1.39805720e-01  1.59095277e-01
  3.05120810e-01  1.23718790e-01  1.50541421e-01  3.03257998e-01
  1.36227182e-01  1.57847741e-01  2.93240008e-01  1.36170647e-01
  1.55896273e-01  0.00000000e+00  0.00000000e+00  0.00000000e+00
  0.00000000e+00  0.00000000e+00  0.00000000e+00  0.00000000e+00
  0.00000000e+00  0.00000000e+00  0.00000000e+00  0.00000000e+00
  0.00000000e+00]

Diff = 
[3.28011852e-04 1.25155912e-03 8.65905708e-04 6.55652211e-05
 3.55891851e-03 8.62627389e-04 1.02783362e-04 4.36716272e-03
 1.59708745e-03 1.38806877e-04 2.91758978e-01 1.34746873e-01
 1.51616023e-01 2.84727971e-01 1.26952147e-01 1.45855307e-01
 2.96186817e-01 1.22038466e-01 1.52197074e-01 3.01057409e-01
 1.33575610e-01 1.54594154e-01 4.87060392e-12 1.27583907e-03
 5.15321714e-03 2.82554301e-01 1.32389374e-01 1.51524206e-01
 2.96868005e-01 1.43611893e-01 1.54902565e-01 3.11175514e-01
 1.45530746e-01 1.67747651e-01 5.01772233e-02 4.84739133e-02
 6.01177194e-02]

 Iteration 500:
############################
Gradient = 
[-8.13807813e-04 -3.28180250e-03 -1.10861357e-03  7.49396600e-05
  3.27358943e-03 -7.97546072e-04  1.03055120e-04  4.02954149e-03
  1.52341776e-03 -2.04125170e-04  6.35579236e-05  9.72000074e-04
  2.65967747e-02  9.01370598e-03  1.59969969e-02  1.64605305e-02
  1.20876949e-02  9.80363026e-03  2.63097405e-03  6.61094989e-03
  7.16008353e-03  7.36663792e-03  2.90004196e-01  1.32223832e-01
  1.46761090e-01  2.77026171e-01  1.25676424e-01  1.46828795e-01
  2.93213123e-01  1.38051665e-01  1.51889260e-01  3.08692740e-01
  1.40275864e-01  1.65023110e-01 -9.64864062e-02 -7.55692979e-02
 -9.19164201e-02]

Gradient approximate =
[-6.30274166e-05 -6.82935086e-05  9.98332683e-05 -6.83189061e-07
 -1.19439347e-06 -2.40023645e-05 -3.94557409e-05 -1.47011896e-04
 -7.37834749e-05 -3.34894310e-04  2.88806500e-01  1.30563759e-01
  1.66394939e-01  2.83803373e-01  1.32551748e-01  1.53828802e-01
  3.00281620e-01  1.13763235e-01  1.45085644e-01  2.98180668e-01
  1.28547618e-01  1.52864747e-01  2.90004196e-01  1.31125444e-01
  1.53130344e-01  0.00000000e+00  0.00000000e+00  0.00000000e+00
  0.00000000e+00  0.00000000e+00  0.00000000e+00  0.00000000e+00
  0.00000000e+00  0.00000000e+00  0.00000000e+00  0.00000000e+00
  0.00000000e+00]

Diff = 
[7.50780396e-04 3.21350899e-03 1.20844684e-03 7.56228490e-05
 3.27478383e-03 7.73543708e-04 1.42510861e-04 4.17655339e-03
 1.59720124e-03 1.30769140e-04 2.88742942e-01 1.29591759e-01
 1.39798164e-01 2.74789667e-01 1.16554751e-01 1.37368271e-01
 2.88193925e-01 1.03959605e-01 1.42454670e-01 2.91569718e-01
 1.21387535e-01 1.45498109e-01 2.83567614e-12 1.09838784e-03
 6.36925387e-03 2.77026171e-01 1.25676424e-01 1.46828795e-01
 2.93213123e-01 1.38051665e-01 1.51889260e-01 3.08692740e-01
 1.40275864e-01 1.65023110e-01 9.64864062e-02 7.55692979e-02
 9.19164201e-02]

 Iteration 600:
############################
Gradient = 
[-1.16122495e-03 -4.96784066e-03 -1.30483447e-03 -7.05612205e-05
  2.26740565e-03 -8.21911057e-04 -2.94547735e-05  3.04329014e-03
  1.39444813e-03 -3.47236995e-04 -8.14698286e-04  8.43507881e-04
  3.24152610e-02  1.17775608e-02  1.84088385e-02  1.89149234e-02
  1.45843383e-02  1.67010550e-02  6.17798393e-03  1.00810845e-02
  1.06806294e-02  1.06400585e-02  2.86288697e-01  1.25978189e-01
  1.41053448e-01  2.70187391e-01  1.17551397e-01  1.40254842e-01
  2.87525456e-01  1.30429223e-01  1.46491861e-01  3.04291669e-01
  1.33090547e-01  1.59886849e-01 -1.28399489e-01 -9.44950304e-02
 -1.15051284e-01]

Gradient approximate =
[ 1.09918004e-04  6.09402124e-04  3.26057170e-04 -8.97731667e-06
 -7.03733738e-06 -6.90471236e-06 -6.07511375e-05 -2.04843018e-04
 -7.50315587e-05 -3.36584105e-04  2.85083711e-01  1.24365057e-01
  1.58963554e-01  2.75342297e-01  1.23478867e-01  1.46273589e-01
  2.92869898e-01  1.00608016e-01  1.36580660e-01  2.90349967e-01
  1.18293199e-01  1.44827352e-01  2.86288697e-01  1.25075286e-01
  1.48992012e-01  0.00000000e+00  0.00000000e+00  0.00000000e+00
  0.00000000e+00  0.00000000e+00  0.00000000e+00  0.00000000e+00
  0.00000000e+00  0.00000000e+00  0.00000000e+00  0.00000000e+00
  0.00000000e+00]

Diff = 
[1.27114295e-03 5.57724279e-03 1.63089164e-03 6.15839039e-05
 2.27444298e-03 8.15006345e-04 3.12963639e-05 3.24813315e-03
 1.46947969e-03 1.06528895e-05 2.85898409e-01 1.23521549e-01
 1.26548293e-01 2.63564736e-01 1.05070029e-01 1.27358666e-01
 2.78285560e-01 8.39069612e-02 1.30402676e-01 2.80268883e-01
 1.07612569e-01 1.34187294e-01 1.84187665e-11 9.02902617e-04
 7.93856473e-03 2.70187391e-01 1.17551397e-01 1.40254842e-01
 2.87525456e-01 1.30429223e-01 1.46491861e-01 3.04291669e-01
 1.33090547e-01 1.59886849e-01 1.28399489e-01 9.44950304e-02
 1.15051284e-01]

 Iteration 700:
############################
Gradient = 
[-1.52373578e-03 -6.74507033e-03 -1.48074429e-03 -3.15494936e-04
  7.54711204e-04 -9.09743420e-04 -2.67580399e-04  1.52029297e-03
  1.20156934e-03 -5.78117568e-04 -2.14872000e-03  6.63007827e-04
  3.68767200e-02  1.38613700e-02  1.99805987e-02  2.04937944e-02
  1.63067240e-02  2.20939728e-02  8.90599172e-03  1.25552781e-02
  1.31615138e-02  1.30039379e-02  2.82468377e-01  1.19136019e-01
  1.34168244e-01  2.62528288e-01  1.08580979e-01  1.32426862e-01
  2.80397088e-01  1.21420534e-01  1.39400111e-01  2.98562846e-01
  1.24626779e-01  1.53033278e-01 -1.49996689e-01 -1.07399040e-01
 -1.31596812e-01]

Gradient approximate =
[ 3.71350488e-04  1.61964587e-03  6.59288444e-04  6.30320018e-05
  2.94606832e-04  1.12912470e-04 -1.96099803e-06  4.32328884e-05
  2.59775179e-05 -2.63856723e-04  2.81538546e-01  1.17654430e-01
  1.49983002e-01  2.65712862e-01  1.13334316e-01  1.37241443e-01
  2.83685267e-01  8.53084123e-02  1.25856250e-01  2.80586428e-01
  1.06306765e-01  1.34598160e-01  2.82468377e-01  1.18445413e-01
  1.43962922e-01  0.00000000e+00  0.00000000e+00  0.00000000e+00
  0.00000000e+00  0.00000000e+00  0.00000000e+00  0.00000000e+00
  0.00000000e+00  0.00000000e+00  0.00000000e+00  0.00000000e+00
  0.00000000e+00]

Diff = 
[1.89508627e-03 8.36471620e-03 2.14003273e-03 3.78526937e-04
 4.60104372e-04 1.02265589e-03 2.65619401e-04 1.47706008e-03
 1.17559182e-03 3.14260845e-04 2.83687266e-01 1.16991422e-01
 1.13106282e-01 2.51851492e-01 9.33537170e-02 1.16747649e-01
 2.67378543e-01 6.32144394e-02 1.16950258e-01 2.68031150e-01
 9.31452514e-02 1.21594222e-01 9.74909042e-12 6.90605573e-04
 9.79467748e-03 2.62528288e-01 1.08580979e-01 1.32426862e-01
 2.80397088e-01 1.21420534e-01 1.39400111e-01 2.98562846e-01
 1.24626779e-01 1.53033278e-01 1.49996689e-01 1.07399040e-01
 1.31596812e-01]

 Iteration 800:
############################
Gradient = 
[-0.00188928 -0.00854798 -0.00162773 -0.00063291 -0.00111829 -0.00103542
 -0.00058314 -0.0003863   0.00097155 -0.00087331 -0.00380827  0.00045442
  0.04002414  0.01532971  0.02083011  0.0213224   0.01735401  0.02606942
  0.01090681  0.01418047  0.01476081  0.01458321  0.27889702  0.11207781
  0.12661106  0.25450478  0.09927704  0.12391659  0.27241496  0.11166985
  0.13127871  0.29205303  0.11548051  0.14510786 -0.16457868 -0.11609687
 -0.14340197]

Gradient approximate =
[ 7.26693172e-04  2.98113748e-03  1.10561151e-03  2.38566313e-04
  9.88945079e-04  3.60185959e-04  1.61557501e-04  6.87864685e-04
  2.55654562e-04 -9.51967416e-05  2.78605778e-01  1.10835349e-01
  1.40267943e-01  2.55543781e-01  1.02788867e-01  1.27467355e-01
  2.73504648e-01  6.88742364e-02  1.13710580e-01  2.69638589e-01
  9.33472371e-02  1.22971401e-01  2.78897017e-01  1.11622302e-01
  1.38482944e-01  0.00000000e+00  0.00000000e+00  0.00000000e+00
  0.00000000e+00  0.00000000e+00  0.00000000e+00  0.00000000e+00
  0.00000000e+00  0.00000000e+00  0.00000000e+00  0.00000000e+00
  0.00000000e+00]

Diff = 
[2.61596978e-03 1.15291198e-02 2.73333982e-03 8.71479122e-04
 2.10723847e-03 1.39560419e-03 7.44695233e-04 1.07416859e-03
 7.15894984e-04 7.78118058e-04 2.82414046e-01 1.10380926e-01
 1.00243805e-01 2.40214075e-01 8.19587529e-02 1.06144953e-01
 2.56150635e-01 4.28048131e-02 1.02803772e-01 2.55458121e-01
 7.85864303e-02 1.08388194e-01 2.40582554e-11 4.55508080e-04
 1.18718797e-02 2.54504784e-01 9.92770414e-02 1.23916593e-01
 2.72414964e-01 1.11669849e-01 1.31278709e-01 2.92053033e-01
 1.15480508e-01 1.45107855e-01 1.64578680e-01 1.16096870e-01
 1.43401975e-01]

 Iteration 900:
############################
Gradient = 
[-2.24172015e-03 -1.02841885e-02 -1.73646455e-03 -9.89443957e-04
 -3.17300995e-03 -1.16981535e-03 -9.41088541e-04 -2.48908164e-03
  7.34979945e-04 -1.20377577e-03 -5.63467238e-03  2.44175028e-04
  4.20512143e-02  1.63034745e-02  2.11371485e-02  2.15895640e-02
  1.78872242e-02  2.88343774e-02  1.23129225e-02  1.51478461e-02
  1.56813546e-02  1.55484521e-02  2.75847742e-01  1.05076367e-01
  1.18767605e-01  2.46467106e-01  9.00197007e-02  1.15161542e-01
  2.64064462e-01  1.01685892e-01  1.22663892e-01  2.85194536e-01
  1.06107493e-01  1.36617756e-01 -1.74501730e-01 -1.21920488e-01
 -1.51861924e-01]

Gradient approximate =
[1.17233890e-03 4.67725404e-03 1.66019947e-03 5.24428634e-04
 2.09877390e-03 7.40797921e-04 4.37215324e-04 1.75423776e-03
 6.20606202e-04 1.76336814e-04 2.76583823e-01 1.04187836e-01
 1.30441899e-01 2.45323270e-01 9.23376028e-02 1.17505508e-01
 2.62956774e-01 5.21070496e-02 1.00784604e-01 2.58082934e-01
 7.99812157e-02 1.10559682e-01 2.75847742e-01 1.04889442e-01
 1.32884887e-01 0.00000000e+00 0.00000000e+00 0.00000000e+00
 0.00000000e+00 0.00000000e+00 0.00000000e+00 0.00000000e+00
 0.00000000e+00 0.00000000e+00 0.00000000e+00 0.00000000e+00
 0.00000000e+00]

Diff = 
[3.41405905e-03 1.49614426e-02 3.39666403e-03 1.51387259e-03
 5.27178385e-03 1.91061328e-03 1.37830387e-03 4.24331940e-03
 1.14373743e-04 1.38011258e-03 2.82218496e-01 1.03943661e-01
 8.83906846e-02 2.29019796e-01 7.12004543e-02 9.59159436e-02
 2.45069550e-01 2.32726722e-02 8.84716819e-02 2.42935088e-01
 6.42998611e-02 9.50112303e-02 1.99629202e-11 1.86924616e-04
 1.41172819e-02 2.46467106e-01 9.00197007e-02 1.15161542e-01
 2.64064462e-01 1.01685892e-01 1.22663892e-01 2.85194536e-01
 1.06107493e-01 1.36617756e-01 1.74501730e-01 1.21920488e-01
 1.51861924e-01]

 