Iteration 0:
############################
Gradient = 
[ 1.47270897e-06 -1.31981568e-04  1.64901197e-03  5.36036975e-06
  3.36278213e-04 -6.43673065e-04 -6.24158944e-06  6.67414358e-04
 -2.19681178e-03 -2.16938017e-04 -7.38503104e-04 -2.27597755e-03
 -1.18003603e-02 -5.45080159e-03 -3.84020361e-03 -2.66666055e-03
 -1.95382285e-03 -2.23111226e-03  2.95062069e-01  1.56146180e-01
  1.37736271e-01  2.75515934e-01  1.45313675e-01  1.31687574e-01
  2.81773385e-01  1.50777397e-01  1.33252903e-01  2.96243688e-01
  1.56573915e-01  1.39330954e-01  3.36001500e-01  1.80095951e-01
  1.60923213e-01]

Gradient approximate =
[-3.25675042e-06 -1.33208911e-05  4.65497640e-06 -1.48277102e-05
 -6.17778784e-05 -2.76295009e-05  2.73912742e-01  1.31412243e-01
  1.32774200e-01  2.68660283e-01  1.28886390e-01  1.30252877e-01
  3.33981583e-01  1.60209428e-01  1.61938069e-01  2.74128397e-01
  1.31493906e-01  1.32903860e-01  2.95651731e-01  1.41813994e-01
  1.43330466e-01  0.00000000e+00  0.00000000e+00  0.00000000e+00
  0.00000000e+00  0.00000000e+00  0.00000000e+00  0.00000000e+00
  0.00000000e+00  0.00000000e+00  0.00000000e+00  0.00000000e+00
  0.00000000e+00]

Diff = 
[4.72945940e-06 1.18660677e-04 1.64435700e-03 2.01880799e-05
 3.98056091e-04 6.16043564e-04 2.73918983e-01 1.30744829e-01
 1.34971012e-01 2.68877221e-01 1.29624894e-01 1.32528855e-01
 3.45781944e-01 1.65660230e-01 1.65778273e-01 2.76795057e-01
 1.33447729e-01 1.35134973e-01 5.89661964e-04 1.43321852e-02
 5.59419459e-03 2.75515934e-01 1.45313675e-01 1.31687574e-01
 2.81773385e-01 1.50777397e-01 1.33252903e-01 2.96243688e-01
 1.56573915e-01 1.39330954e-01 3.36001500e-01 1.80095951e-01
 1.60923213e-01]

 Iteration 100:
############################
Gradient = 
[-4.33749826e-06 -1.48996845e-04  1.60361498e-03 -1.76995285e-05
  2.47827057e-04 -6.65213050e-04  6.05387664e-05  6.85827893e-04
 -2.11451085e-03  6.89674003e-04 -2.74594752e-04 -1.76938065e-03
 -9.95861014e-03 -4.11945563e-03 -6.96732890e-03 -1.92043552e-02
 -9.82951081e-03 -1.14184025e-02  2.79833575e-01  1.34933771e-01
  1.33555322e-01  2.84907396e-01  1.36089061e-01  1.36038355e-01
  3.37266201e-01  1.62114693e-01  1.65561236e-01  2.81171924e-01
  1.34455057e-01  1.35656362e-01  1.94867877e-01  8.90627030e-02
  8.93271364e-02]

Gradient approximate =
[-3.30369732e-06 -1.39747169e-05  5.54383428e-06 -2.32187425e-05
 -8.85839468e-05 -3.10325832e-05  2.82235759e-01  1.35446570e-01
  1.36835385e-01  2.52218945e-01  1.21050685e-01  1.22327446e-01
  2.79833575e-01  1.34281466e-01  1.35688107e-01  2.84907396e-01
  1.36709488e-01  1.38149730e-01  2.79833575e-01  1.34281777e-01
  1.35687455e-01  0.00000000e+00  0.00000000e+00  0.00000000e+00
  0.00000000e+00  0.00000000e+00  0.00000000e+00  0.00000000e+00
  0.00000000e+00  0.00000000e+00  0.00000000e+00  0.00000000e+00
  0.00000000e+00]

Diff = 
[1.03380094e-06 1.35022128e-04 1.59807114e-03 5.51921401e-06
 3.36411004e-04 6.34180467e-04 2.82175220e-01 1.34760742e-01
 1.38949896e-01 2.51529271e-01 1.21325280e-01 1.24096826e-01
 2.89792185e-01 1.38400921e-01 1.42655436e-01 3.04111751e-01
 1.46538999e-01 1.49568133e-01 2.91939251e-11 6.51994147e-04
 2.13213339e-03 2.84907396e-01 1.36089061e-01 1.36038355e-01
 3.37266201e-01 1.62114693e-01 1.65561236e-01 2.81171924e-01
 1.34455057e-01 1.35656362e-01 1.94867877e-01 8.90627030e-02
 8.93271364e-02]

 Iteration 200:
############################
Gradient = 
[-3.38096400e-06 -1.38933042e-04  1.56820210e-03 -1.38389367e-05
  2.67596066e-04 -6.48558482e-04  5.11977994e-05  6.65920725e-04
 -2.07223176e-03  5.46284093e-04 -3.36610087e-04 -1.80597370e-03
 -7.90107966e-03 -3.15170972e-03 -5.92594995e-03 -1.56684383e-02
 -8.13276646e-03 -9.66944649e-03  2.79991213e-01  1.35038083e-01
  1.33703200e-01  2.84995451e-01  1.36182666e-01  1.36145835e-01
  3.40862990e-01  1.63980791e-01  1.67485084e-01  2.88042805e-01
  1.38004118e-01  1.39255398e-01  1.02279950e-01  4.16132321e-02
  4.14304894e-02]

Gradient approximate =
[-3.16344062e-06 -1.33925582e-05  5.49305712e-06 -2.19480367e-05
 -8.36795855e-05 -2.94428859e-05  2.82287862e-01  1.35515330e-01
  1.36885824e-01  2.52956439e-01  1.21442672e-01  1.22705409e-01
  2.79991213e-01  1.34400963e-01  1.35789180e-01  2.84995451e-01
  1.36796470e-01  1.38217402e-01  2.79991213e-01  1.34401258e-01
  1.35788572e-01  0.00000000e+00  0.00000000e+00  0.00000000e+00
  0.00000000e+00  0.00000000e+00  0.00000000e+00  0.00000000e+00
  0.00000000e+00  0.00000000e+00  0.00000000e+00  0.00000000e+00
  0.00000000e+00]

Diff = 
[2.17523382e-07 1.25540484e-04 1.56270904e-03 8.10910004e-06
 3.51275651e-04 6.19115596e-04 2.82236665e-01 1.34849409e-01
 1.38958056e-01 2.52410154e-01 1.21779282e-01 1.24511383e-01
 2.87892292e-01 1.37552672e-01 1.41715130e-01 3.00663890e-01
 1.44929236e-01 1.47886849e-01 2.79815060e-12 6.36824579e-04
 2.08537120e-03 2.84995451e-01 1.36182666e-01 1.36145835e-01
 3.40862990e-01 1.63980791e-01 1.67485084e-01 2.88042805e-01
 1.38004118e-01 1.39255398e-01 1.02279950e-01 4.16132321e-02
 4.14304894e-02]

 Iteration 300:
############################
Gradient = 
[-1.16236038e-06 -1.24515366e-04  1.53519616e-03 -5.92436126e-06
  3.01554509e-04 -6.27055903e-04  4.34608217e-05  6.47252894e-04
 -2.03008049e-03  2.16643098e-04 -4.88857447e-04 -1.93665632e-03
 -1.53370961e-03 -1.15935349e-04 -2.79810431e-03 -8.02072118e-03
 -4.46038683e-03 -5.92723828e-03  2.80146281e-01  1.35140910e-01
  1.33872216e-01  2.85166834e-01  1.36318069e-01  1.36319462e-01
  3.42870189e-01  1.65037234e-01  1.68618464e-01  2.92810384e-01
  1.40482596e-01  1.41796235e-01  2.33202438e-02  6.76106268e-04
  1.27298949e-04]

Gradient approximate =
[-3.00431013e-06 -1.27375910e-05  5.46840129e-06 -2.06684359e-05
 -7.87401966e-05 -2.78480083e-05  2.82355335e-01  1.35590744e-01
  1.36967145e-01  2.53777015e-01  1.21874118e-01  1.23144774e-01
  2.80146281e-01  1.34518547e-01  1.35912344e-01  2.85166834e-01
  1.36922759e-01  1.38349253e-01  2.80146281e-01  1.34518827e-01
  1.35911776e-01  0.00000000e+00  0.00000000e+00  0.00000000e+00
  0.00000000e+00  0.00000000e+00  0.00000000e+00  0.00000000e+00
  0.00000000e+00  0.00000000e+00  0.00000000e+00  0.00000000e+00
  0.00000000e+00]

Diff = 
[1.84194976e-06 1.11777775e-04 1.52972776e-03 1.47440746e-05
 3.80294705e-04 5.99207895e-04 2.82311874e-01 1.34943491e-01
 1.38997225e-01 2.53560372e-01 1.22362975e-01 1.25081430e-01
 2.81679991e-01 1.34634483e-01 1.38710448e-01 2.93187555e-01
 1.41383146e-01 1.44276491e-01 3.52173846e-12 6.22083786e-04
 2.03955930e-03 2.85166834e-01 1.36318069e-01 1.36319462e-01
 3.42870189e-01 1.65037234e-01 1.68618464e-01 2.92810384e-01
 1.40482596e-01 1.41796235e-01 2.33202438e-02 6.76106268e-04
 1.27298949e-04]

 Iteration 400:
############################
Gradient = 
[ 1.55861874e-06 -1.08778495e-04  1.50367932e-03  3.52508004e-06
  3.39742560e-04 -6.03704766e-04  3.71203868e-05  6.29682671e-04
 -1.98815030e-03 -1.98083881e-04 -6.79561262e-04 -2.10751943e-03
  7.16889789e-03  4.04284064e-03  1.46385998e-03  1.73167696e-03
  2.28362723e-04 -1.15845057e-03  2.80297373e-01  1.35241146e-01
  1.34075305e-01  2.85470047e-01  1.36519630e-01  1.36598195e-01
  3.42084917e-01  1.64669170e-01  1.68357534e-01  2.94334055e-01
  1.41307632e-01  1.42705662e-01 -3.98130792e-02 -3.26858398e-02
 -3.35306694e-02]

Gradient approximate =
[-2.81592527e-06 -1.19695009e-05  5.48115775e-06 -1.93449168e-05
 -7.36292449e-05 -2.62078470e-05  2.82444607e-01  1.35675491e-01
  1.37096147e-01  2.54735962e-01  1.22371222e-01  1.23684877e-01
  2.80297373e-01  1.34633138e-01  1.36070531e-01  2.85470047e-01
  1.37111288e-01  1.38582748e-01  2.80297373e-01  1.34633400e-01
  1.36070000e-01  0.00000000e+00  0.00000000e+00  0.00000000e+00
  0.00000000e+00  0.00000000e+00  0.00000000e+00  0.00000000e+00
  0.00000000e+00  0.00000000e+00  0.00000000e+00  0.00000000e+00
  0.00000000e+00]

Diff = 
[4.37454401e-06 9.68089936e-05 1.49819816e-03 2.28699968e-05
 4.13371805e-04 5.77496919e-04 2.82407487e-01 1.35045809e-01
 1.39084298e-01 2.54934046e-01 1.23050783e-01 1.25792397e-01
 2.73128475e-01 1.30590298e-01 1.34606671e-01 2.83738370e-01
 1.36882925e-01 1.39741199e-01 1.89624982e-11 6.07745795e-04
 1.99469482e-03 2.85470047e-01 1.36519630e-01 1.36598195e-01
 3.42084917e-01 1.64669170e-01 1.68357534e-01 2.94334055e-01
 1.41307632e-01 1.42705662e-01 3.98130792e-02 3.26858398e-02
 3.35306694e-02]

 Iteration 500:
############################
Gradient = 
[ 4.20036384e-06 -9.40174509e-05  1.47294186e-03  1.26547543e-05
  3.74925843e-04 -5.80723102e-04  3.30868755e-05  6.13622085e-04
 -1.94596231e-03 -6.21148371e-04 -8.70166154e-04 -2.27837511e-03
  1.66125761e-02  8.56076388e-03  6.09274017e-03  1.19955232e-02
  5.17039385e-03  3.87072019e-03  2.80443736e-01  1.35338185e-01
  1.34316512e-01  2.85920608e-01  1.36795051e-01  1.36994675e-01
  3.37956195e-01  1.62594099e-01  1.66420479e-01  2.92144667e-01
  1.40238256e-01  1.41743854e-01 -8.77328162e-02 -5.87590006e-02
 -5.98539817e-02]

Gradient approximate =
[-2.59944510e-06 -1.10921783e-05  5.53001422e-06 -1.79774751e-05
 -6.83473700e-05 -2.45223930e-05  2.82557168e-01  1.35770083e-01
  1.37277998e-01  2.55851201e-01  1.22942464e-01  1.24338919e-01
  2.80443736e-01  1.34744161e-01  1.36267784e-01  2.85920608e-01
  1.37369355e-01  1.38930109e-01  2.80443736e-01  1.34744403e-01
  1.36267289e-01  0.00000000e+00  0.00000000e+00  0.00000000e+00
  0.00000000e+00  0.00000000e+00  0.00000000e+00  0.00000000e+00
  0.00000000e+00  0.00000000e+00  0.00000000e+00  0.00000000e+00
  0.00000000e+00]

Diff = 
[6.79980894e-06 8.29252726e-05 1.46741184e-03 3.06322294e-05
 4.43273213e-04 5.56200709e-04 2.82524081e-01 1.35156461e-01
 1.39223960e-01 2.56472350e-01 1.23812630e-01 1.26617294e-01
 2.63831160e-01 1.26183397e-01 1.30175044e-01 2.73925084e-01
 1.32198962e-01 1.35059389e-01 2.04134487e-11 5.93782473e-04
 1.95077683e-03 2.85920608e-01 1.36795051e-01 1.36994675e-01
 3.37956195e-01 1.62594099e-01 1.66420479e-01 2.92144667e-01
 1.40238256e-01 1.41743854e-01 8.77328162e-02 5.87590006e-02
 5.98539817e-02]

 Iteration 600:
############################
Gradient = 
[ 6.42591385e-06 -8.15322952e-05  1.44256021e-03  2.04287741e-05
  4.03163985e-04 -5.59363349e-04  3.24064372e-05  5.99543035e-04
 -1.90298327e-03 -1.00723991e-03 -1.03845365e-03 -2.42605379e-03
  2.57846881e-02  1.29519922e-02  1.06018122e-02  2.17784934e-02
  9.88926177e-03  8.68321395e-03  2.80584729e-01  1.35431505e-01
  1.34593699e-01  2.86511794e-01  1.37140704e-01  1.37503829e-01
  3.30398006e-01  1.58766936e-01  1.62754614e-01  2.86249935e-01
  1.37276556e-01  1.38906683e-01 -1.22680562e-01 -7.86132028e-02
 -7.99339468e-02]

Gradient approximate =
[-2.36235476e-06 -1.01353592e-05  5.60641089e-06 -1.65860858e-05
 -6.29724761e-05 -2.28143193e-05  2.82690797e-01  1.35873293e-01
  1.37509831e-01  2.57115357e-01  1.23584222e-01  1.25102372e-01
  2.80584729e-01  1.34851129e-01  1.36501976e-01  2.86511794e-01
  1.37693610e-01  1.39386548e-01  2.80584729e-01  1.34851350e-01
  1.36501514e-01  0.00000000e+00  0.00000000e+00  0.00000000e+00
  0.00000000e+00  0.00000000e+00  0.00000000e+00  0.00000000e+00
  0.00000000e+00  0.00000000e+00  0.00000000e+00  0.00000000e+00
  0.00000000e+00]

Diff = 
[8.78826861e-06 7.13969359e-05 1.43695380e-03 3.70148600e-05
 4.66136461e-04 5.36549030e-04 2.82658391e-01 1.35273750e-01
 1.39412814e-01 2.58122597e-01 1.24622676e-01 1.27528425e-01
 2.54800041e-01 1.21899137e-01 1.25900163e-01 2.64733301e-01
 1.27804348e-01 1.30703334e-01 2.67785794e-12 5.80155731e-04
 1.90781473e-03 2.86511794e-01 1.37140704e-01 1.37503829e-01
 3.30398006e-01 1.58766936e-01 1.62754614e-01 2.86249935e-01
 1.37276556e-01 1.38906683e-01 1.22680562e-01 7.86132028e-02
 7.99339468e-02]

 Iteration 700:
############################
Gradient = 
[ 8.11121870e-06 -7.17646243e-05  1.41236050e-03  2.64876168e-05
  4.23212586e-04 -5.40078329e-04  3.56905698e-05  5.87696308e-04
 -1.85891845e-03 -1.33772740e-03 -1.17580879e-03 -2.54158318e-03
  3.42058574e-02  1.69860119e-02  1.47606262e-02  3.06282398e-02
  1.41667576e-02  1.30610508e-02  2.80719614e-01  1.35520500e-01
  1.34901484e-01  2.87225545e-01  1.37547132e-01  1.38111541e-01
  3.19588320e-01  1.53277526e-01  1.57437331e-01  2.76924058e-01
  1.32560563e-01  1.34321455e-01 -1.47426028e-01 -9.35737250e-02
 -9.51100270e-02]

Gradient approximate =
[-2.11459072e-06 -9.13815912e-06  5.69898351e-06 -1.51974611e-05
 -5.76089643e-05 -2.11137485e-05  2.82841219e-01  1.35982882e-01
  1.37784593e-01  2.58508071e-01  1.24286599e-01  1.25961551e-01
  2.80719614e-01  1.34953481e-01  1.36767742e-01  2.87225545e-01
  1.38075212e-01  1.39938591e-01  2.80719614e-01  1.34953681e-01
  1.36767311e-01  0.00000000e+00  0.00000000e+00  0.00000000e+00
  0.00000000e+00  0.00000000e+00  0.00000000e+00  0.00000000e+00
  0.00000000e+00  0.00000000e+00  0.00000000e+00  0.00000000e+00
  0.00000000e+00]

Diff = 
[1.02258094e-05 6.26264651e-05 1.40666152e-03 4.16850778e-05
 4.80821551e-04 5.18964580e-04 2.82805529e-01 1.35395186e-01
 1.39643512e-01 2.59845798e-01 1.25462408e-01 1.28503135e-01
 2.46513757e-01 1.17967470e-01 1.22007116e-01 2.56597305e-01
 1.23908454e-01 1.26877540e-01 1.87564964e-11 5.66819580e-04
 1.86582685e-03 2.87225545e-01 1.37547132e-01 1.38111541e-01
 3.19588320e-01 1.53277526e-01 1.57437331e-01 2.76924058e-01
 1.32560563e-01 1.34321455e-01 1.47426028e-01 9.35737250e-02
 9.51100270e-02]

 Iteration 800:
############################
Gradient = 
[ 9.27016812e-06 -6.46034541e-05  1.38233129e-03  3.08965177e-05
  4.35505688e-04 -5.22816838e-04  4.30642883e-05  5.78090856e-04
 -1.81373139e-03 -1.61153124e-03 -1.28241606e-03 -2.62518494e-03
  4.17737921e-02  2.06130843e-02  1.85198197e-02  3.84685718e-02
  1.79649381e-02  1.69667074e-02  2.80847551e-01  1.35604483e-01
  1.35233510e-01  2.88040576e-01  1.38003197e-01  1.38801097e-01
  3.05814312e-01  1.46271458e-01  1.50600078e-01  2.64545736e-01
  1.26281568e-01  1.28167091e-01 -1.64578963e-01 -1.04890697e-01
 -1.06640409e-01]

Gradient approximate =
[-1.86567650e-06 -8.13756174e-06  5.79705839e-06 -1.38368383e-05
 -5.23556576e-05 -1.94494620e-05  2.83003501e-01  1.36096260e-01
  1.38093987e-01  2.60005220e-01  1.25037838e-01  1.26900039e-01
  2.80847551e-01  1.35050581e-01  1.37058747e-01  2.88040576e-01
  1.38503724e-01  1.40570255e-01  2.80847551e-01  1.35050758e-01
  1.37058346e-01  0.00000000e+00  0.00000000e+00  0.00000000e+00
  0.00000000e+00  0.00000000e+00  0.00000000e+00  0.00000000e+00
  0.00000000e+00  0.00000000e+00  0.00000000e+00  0.00000000e+00
  0.00000000e+00]

Diff = 
[1.11358446e-05 5.64658924e-05 1.37653424e-03 4.47333561e-05
 4.87861346e-04 5.03367376e-04 2.82960436e-01 1.35518170e-01
 1.39907718e-01 2.61616751e-01 1.26320255e-01 1.29525224e-01
 2.39073759e-01 1.14437496e-01 1.18538928e-01 2.49572004e-01
 1.20538786e-01 1.23603548e-01 2.28590480e-11 5.53724941e-04
 1.82483544e-03 2.88040576e-01 1.38003197e-01 1.38801097e-01
 3.05814312e-01 1.46271458e-01 1.50600078e-01 2.64545736e-01
 1.26281568e-01 1.28167091e-01 1.64578963e-01 1.04890697e-01
 1.06640409e-01]

 Iteration 900:
############################
Gradient = 
[ 9.98316629e-06 -5.96742363e-05  1.35254038e-03  3.39215155e-05
  4.41257946e-04 -5.07287325e-04  5.43711287e-05  5.70599102e-04
 -1.76753177e-03 -1.83677447e-03 -1.36295766e-03 -2.68178282e-03
  4.86056370e-02  2.38888282e-02  2.19356981e-02  4.54386017e-02
  2.13493090e-02  2.04663213e-02  2.80967644e-01  1.35682723e-01
  1.35583816e-01  2.88937191e-01  1.38498547e-01  1.39557016e-01
  2.89376231e-01  1.37900723e-01  1.42381065e-01  2.49498169e-01
  1.18632950e-01  1.20624877e-01 -1.76291432e-01 -1.13595693e-01
 -1.15561090e-01]

Gradient approximate =
[-1.62308833e-06 -7.16318338e-06  5.89208238e-06 -1.25242017e-05
 -4.72900630e-05 -1.78438708e-05  2.83172940e-01  1.36210927e-01
  1.38430249e-01  2.61584413e-01  1.25826970e-01  1.27902524e-01
  2.80967644e-01  1.35141744e-01  1.37369053e-01  2.88937191e-01
  1.38969438e-01  1.41266725e-01  2.80967644e-01  1.35141900e-01
  1.37368679e-01  0.00000000e+00  0.00000000e+00  0.00000000e+00
  0.00000000e+00  0.00000000e+00  0.00000000e+00  0.00000000e+00
  0.00000000e+00  0.00000000e+00  0.00000000e+00  0.00000000e+00
  0.00000000e+00]

Diff = 
[1.16062546e-05 5.25110529e-05 1.34664830e-03 4.64457172e-05
 4.88548009e-04 4.89443454e-04 2.83118569e-01 1.35640328e-01
 1.40197780e-01 2.63421187e-01 1.27189927e-01 1.30584307e-01
 2.32362007e-01 1.11252916e-01 1.15433355e-01 2.43498590e-01
 1.17620129e-01 1.20800403e-01 5.08748599e-12 5.40823960e-04
 1.78486235e-03 2.88937191e-01 1.38498547e-01 1.39557016e-01
 2.89376231e-01 1.37900723e-01 1.42381065e-01 2.49498169e-01
 1.18632950e-01 1.20624877e-01 1.76291432e-01 1.13595693e-01
 1.15561090e-01]

 