Iteration 0:
############################
Gradient = 
[-6.19398136e-06  8.82437639e-03 -3.23393176e-03  3.44579704e-06
 -5.90060689e-03 -1.64580578e-02  1.19415911e-04 -1.39475473e-02
  1.51660216e-02  1.99220748e-04 -1.28962617e-02  2.99171064e-03
  1.70136741e-02  1.36514767e-02  1.35818233e-02 -6.60721778e-03
 -3.47147772e-03 -9.48931086e-03  3.01393365e-01  1.72180944e-01
  1.63468758e-01  3.17768761e-01  1.80912991e-01  1.42961415e-01
  3.16859539e-01  1.82932935e-01  1.50439386e-01  3.00055013e-01
  1.40666746e-01  1.47241933e-01  2.88384873e-01  1.59266137e-01
  1.49509299e-01]

Gradient approximate =
[ 4.04827949e-06  6.62559230e-05 -1.20784982e-05 -4.11844114e-06
 -4.37925030e-05 -9.98617034e-05  3.18077321e-01  1.65649081e-01
  1.50500936e-01  2.85496548e-01  1.48637902e-01  1.34884735e-01
  3.23912255e-01  1.68941693e-01  1.53011027e-01  3.03154979e-01
  1.58091827e-01  1.43143983e-01  3.00809299e-01  1.56950096e-01
  1.42137503e-01  0.00000000e+00  0.00000000e+00  0.00000000e+00
  0.00000000e+00  0.00000000e+00  0.00000000e+00  0.00000000e+00
  0.00000000e+00  0.00000000e+00  0.00000000e+00  0.00000000e+00
  0.00000000e+00]

Diff = 
[1.02422609e-05 8.75812047e-03 3.22185326e-03 7.56423818e-06
 5.85681439e-03 1.63581961e-02 3.17957905e-01 1.79596628e-01
 1.35334915e-01 2.85297328e-01 1.61534164e-01 1.31893024e-01
 3.06898581e-01 1.55290216e-01 1.39429204e-01 3.09762196e-01
 1.61563305e-01 1.52633294e-01 5.84066345e-04 1.52308483e-02
 2.13312557e-02 3.17768761e-01 1.80912991e-01 1.42961415e-01
 3.16859539e-01 1.82932935e-01 1.50439386e-01 3.00055013e-01
 1.40666746e-01 1.47241933e-01 2.88384873e-01 1.59266137e-01
 1.49509299e-01]

 Iteration 100:
############################
Gradient = 
[ 2.26803396e-07  7.45581363e-03 -2.71957850e-03  1.93405250e-06
 -4.97736771e-03 -1.38713526e-02  1.36604065e-04 -1.17391193e-02
  1.27972316e-02 -1.62129053e-04 -1.10371407e-02  2.38066829e-03
 -8.93696086e-03 -1.64629838e-02  8.50801297e-03  1.09906012e-03
 -1.03812720e-02  2.96961517e-03  3.21534916e-01  1.55883562e-01
  1.65009228e-01  2.73563536e-01  1.31724466e-01  1.32003700e-01
  3.26412793e-01  1.77789334e-01  1.58307382e-01  3.02090049e-01
  1.59003286e-01  1.35757951e-01  1.82867368e-01  8.31773019e-02
  7.00671145e-02]

Gradient approximate =
[ 4.31472413e-06  5.87258220e-05 -1.00120623e-05  7.90334465e-07
 -2.48658494e-05 -7.87501997e-05  2.96265803e-01  1.54333264e-01
  1.40532234e-01  2.93045594e-01  1.52626400e-01  1.38820422e-01
  3.21534916e-01  1.67624230e-01  1.52340735e-01  2.73563536e-01
  1.42611615e-01  1.29566854e-01  3.21534916e-01  1.67625505e-01
  1.52342034e-01  0.00000000e+00  0.00000000e+00  0.00000000e+00
  0.00000000e+00  0.00000000e+00  0.00000000e+00  0.00000000e+00
  0.00000000e+00  0.00000000e+00  0.00000000e+00  0.00000000e+00
  0.00000000e+00]

Diff = 
[4.08792074e-06 7.39708781e-03 2.70956644e-03 1.14371804e-06
 4.95250186e-03 1.37926024e-02 2.96129199e-01 1.66072383e-01
 1.27735002e-01 2.93207723e-01 1.63663540e-01 1.36439753e-01
 3.30471877e-01 1.84087214e-01 1.43832722e-01 2.72464476e-01
 1.52992887e-01 1.26597239e-01 1.81449300e-11 1.17419434e-02
 1.26671938e-02 2.73563536e-01 1.31724466e-01 1.32003700e-01
 3.26412793e-01 1.77789334e-01 1.58307382e-01 3.02090049e-01
 1.59003286e-01 1.35757951e-01 1.82867368e-01 8.31773019e-02
 7.00671145e-02]

 Iteration 200:
############################
Gradient = 
[-2.29794401e-07  6.28329154e-03 -2.29314962e-03  1.42689225e-06
 -4.20047143e-03 -1.16907671e-02  1.12355977e-04 -9.91081531e-03
  1.07756605e-02 -1.05067406e-04 -9.27038571e-03  2.02940926e-03
 -6.44679612e-03 -1.33259214e-02  7.66414607e-03 -1.37592990e-03
 -9.93843381e-03  1.42049528e-03  3.21529925e-01  1.57722731e-01
  1.63345272e-01  2.74662665e-01  1.34028777e-01  1.32449584e-01
  3.29538409e-01  1.82012882e-01  1.58819245e-01  3.03428610e-01
  1.61492466e-01  1.36403831e-01  7.71300890e-02  1.23644448e-03
 -7.97106911e-03]

Gradient approximate =
[ 2.56609400e-06  4.54920546e-05 -9.80925341e-06  4.86846119e-07
 -2.17862306e-05 -6.64866895e-05  3.00181724e-01  1.56393783e-01
  1.42675630e-01  2.91139322e-01  1.51670689e-01  1.38229493e-01
  3.21529925e-01  1.67630310e-01  1.52679553e-01  2.74662665e-01
  1.43192686e-01  1.30385498e-01  3.21529925e-01  1.67631076e-01
  1.52680332e-01  0.00000000e+00  0.00000000e+00  0.00000000e+00
  0.00000000e+00  0.00000000e+00  0.00000000e+00  0.00000000e+00
  0.00000000e+00  0.00000000e+00  0.00000000e+00  0.00000000e+00
  0.00000000e+00]

Diff = 
[2.79588841e-06 6.23779949e-03 2.28334037e-03 9.40046134e-07
 4.17868520e-03 1.16242804e-02 3.00069368e-01 1.66304598e-01
 1.31899969e-01 2.91244389e-01 1.60941075e-01 1.36200084e-01
 3.27976721e-01 1.80956231e-01 1.45015407e-01 2.76038595e-01
 1.53131120e-01 1.28965002e-01 3.37671557e-11 9.90834467e-03
 1.06649402e-02 2.74662665e-01 1.34028777e-01 1.32449584e-01
 3.29538409e-01 1.82012882e-01 1.58819245e-01 3.03428610e-01
 1.61492466e-01 1.36403831e-01 7.71300890e-02 1.23644448e-03
 7.97106911e-03]

 Iteration 300:
############################
Gradient = 
[ 2.97977271e-07  5.29776927e-03 -1.93236515e-03 -6.04203781e-07
 -3.54879236e-03 -9.85518140e-03 -5.10492467e-05 -8.43450473e-03
  9.01193153e-03  2.82400189e-05 -7.74677452e-03  1.76696959e-03
  1.60567578e-03 -7.56602739e-03  9.79725425e-03  2.76291476e-03
 -6.32921523e-03  3.06305610e-03  3.21553673e-01  1.59306357e-01
  1.61954010e-01  2.75555680e-01  1.35952288e-01  1.32795226e-01
  3.30609437e-01  1.84395538e-01  1.58164633e-01  3.04200072e-01
  1.63327508e-01  1.36693337e-01 -8.53798327e-03 -7.05276616e-02
 -7.64299255e-02]

Gradient approximate =
[ 1.53574931e-06  3.59936703e-05 -9.07101061e-06  2.94659852e-07
 -1.88835791e-05 -5.61167424e-05  3.03528223e-01  1.58166730e-01
  1.44502663e-01  2.89486682e-01  1.50845980e-01  1.37697152e-01
  3.21553673e-01  1.67659184e-01  1.52968019e-01  2.75555680e-01
  1.43672891e-01  1.31052739e-01  3.21553673e-01  1.67659644e-01
  1.52968487e-01  0.00000000e+00  0.00000000e+00  0.00000000e+00
  0.00000000e+00  0.00000000e+00  0.00000000e+00  0.00000000e+00
  0.00000000e+00  0.00000000e+00  0.00000000e+00  0.00000000e+00
  0.00000000e+00]

Diff = 
[1.23777203e-06 5.26177560e-03 1.92329414e-03 8.98863633e-07
 3.52990878e-03 9.79906466e-03 3.03579272e-01 1.66601235e-01
 1.35490731e-01 2.89458442e-01 1.58592755e-01 1.35930182e-01
 3.19947997e-01 1.75225212e-01 1.43170765e-01 2.72792765e-01
 1.50002106e-01 1.27989683e-01 9.48402468e-12 8.35328765e-03
 8.98552303e-03 2.75555680e-01 1.35952288e-01 1.32795226e-01
 3.30609437e-01 1.84395538e-01 1.58164633e-01 3.04200072e-01
 1.63327508e-01 1.36693337e-01 8.53798327e-03 7.05276616e-02
 7.64299255e-02]

 Iteration 400:
############################
Gradient = 
[ 8.06693497e-07  4.46665551e-03 -1.62812449e-03 -2.18339811e-06
 -2.99671452e-03 -8.30794786e-03 -2.26819873e-04 -7.19338114e-03
  7.51854736e-03  1.59742376e-04 -6.46565271e-03  1.54640560e-03
  1.23482586e-02 -6.29857831e-04  1.35043451e-02  1.03790520e-02
 -1.14380702e-03  6.40948827e-03  3.21632236e-01  1.60705467e-01
  1.60807026e-01  2.76258990e-01  1.37552588e-01  1.33040824e-01
  3.28088514e-01  1.83820233e-01  1.55222451e-01  3.02552529e-01
  1.63147363e-01  1.35330860e-01 -7.24474745e-02 -1.31205225e-01
 -1.34444410e-01]

Gradient approximate =
[ 9.32356414e-07  2.89773872e-05 -8.11021694e-06  1.72053483e-07
 -1.62451719e-05 -4.73532880e-05  3.06426662e-01  1.59722077e-01
  1.46070492e-01  2.88042931e-01  1.50139163e-01  1.37207922e-01
  3.21632236e-01  1.67733042e-01  1.53223429e-01  2.76258990e-01
  1.44068150e-01  1.31579433e-01  3.21632236e-01  1.67733319e-01
  1.53223711e-01  0.00000000e+00  0.00000000e+00  0.00000000e+00
  0.00000000e+00  0.00000000e+00  0.00000000e+00  0.00000000e+00
  0.00000000e+00  0.00000000e+00  0.00000000e+00  0.00000000e+00
  0.00000000e+00]

Diff = 
[1.25662917e-07 4.43767813e-03 1.62001428e-03 2.35545159e-06
 2.98046935e-03 8.26059457e-03 3.06653482e-01 1.66915459e-01
 1.38551945e-01 2.87883189e-01 1.56604815e-01 1.35661516e-01
 3.09283977e-01 1.68362900e-01 1.39719084e-01 2.65879938e-01
 1.45211957e-01 1.25169945e-01 2.19161911e-11 7.02785211e-03
 7.58331592e-03 2.76258990e-01 1.37552588e-01 1.33040824e-01
 3.28088514e-01 1.83820233e-01 1.55222451e-01 3.02552529e-01
 1.63147363e-01 1.35330860e-01 7.24474745e-02 1.31205225e-01
 1.34444410e-01]

 Iteration 500:
############################
Gradient = 
[ 1.03578941e-06  3.76497377e-03 -1.37191324e-03 -2.92986239e-06
 -2.52784835e-03 -7.00314848e-03 -3.59537052e-04 -6.12491837e-03
  6.27747505e-03  2.56474521e-04 -5.40388191e-03  1.34633972e-03
  2.36030270e-02  6.38163900e-03  1.77017563e-02  1.91602451e-02
  4.45289035e-03  1.03558608e-02  3.21758051e-01  1.61947832e-01
  1.59865969e-01  2.76805234e-01  1.38884316e-01  1.33204976e-01
  3.21390792e-01  1.79877082e-01  1.49547193e-01  2.97665402e-01
  1.60357578e-01  1.31739756e-01 -1.17243779e-01 -1.82152367e-01
 -1.83236105e-01]

Gradient approximate =
[ 5.75599568e-07  2.36306996e-05 -7.10632442e-06  9.58899626e-08
 -1.38933554e-05 -3.99477962e-05  3.08945264e-01  1.61092662e-01
  1.47417625e-01  2.86780688e-01  1.49535480e-01  1.36759052e-01
  3.21758051e-01  1.67845682e-01  1.53452384e-01  2.76805234e-01
  1.44393618e-01  1.31989160e-01  3.21758051e-01  1.67845849e-01
  1.53452554e-01  0.00000000e+00  0.00000000e+00  0.00000000e+00
  0.00000000e+00  0.00000000e+00  0.00000000e+00  0.00000000e+00
  0.00000000e+00  0.00000000e+00  0.00000000e+00  0.00000000e+00
  0.00000000e+00]

Diff = 
[4.60189841e-07 3.74134307e-03 1.36480692e-03 3.02575235e-06
 2.51395500e-03 6.96320068e-03 3.09304801e-01 1.67217581e-01
 1.41140150e-01 2.86524214e-01 1.54939362e-01 1.35412712e-01
 2.98155024e-01 1.61464043e-01 1.35750627e-01 2.57644989e-01
 1.39940728e-01 1.21633299e-01 1.66849867e-12 5.89801685e-03
 6.41341507e-03 2.76805234e-01 1.38884316e-01 1.33204976e-01
 3.21390792e-01 1.79877082e-01 1.49547193e-01 2.97665402e-01
 1.60357578e-01 1.31739756e-01 1.17243779e-01 1.82152367e-01
 1.83236105e-01]

 Iteration 600:
############################
Gradient = 
[ 1.02801849e-06  3.17266626e-03 -1.15619325e-03 -3.04101375e-06
 -2.13015895e-03 -5.90278810e-03 -4.38436781e-04 -5.19792462e-03
  5.25455053e-03  3.13617642e-04 -4.52848353e-03  1.16080519e-03
  3.41564445e-02  1.28615102e-02  2.17660658e-02  2.78226379e-02
  9.82594072e-03  1.42849737e-02  3.21912437e-01  1.63044185e-01
  1.59092569e-01  2.77229063e-01  1.39995100e-01  1.33310376e-01
  3.10560676e-01  1.72626102e-01  1.41142311e-01  2.89388020e-01
  1.54862564e-01  1.25811190e-01 -1.47282397e-01 -2.25613023e-01
 -2.24868060e-01]

Gradient approximate =
[ 3.60864671e-07  1.94455740e-05 -6.14996054e-06  5.04352116e-08
 -1.18268817e-05 -3.36915562e-05  3.11127768e-01  1.62295375e-01
  1.48572799e-01  2.85680607e-01  1.49020664e-01  1.36351926e-01
  3.21912437e-01  1.67981503e-01  1.53656854e-01  2.77229063e-01
  1.44662370e-01  1.32307424e-01  3.21912437e-01  1.67981603e-01
  1.53656958e-01  0.00000000e+00  0.00000000e+00  0.00000000e+00
  0.00000000e+00  0.00000000e+00  0.00000000e+00  0.00000000e+00
  0.00000000e+00  0.00000000e+00  0.00000000e+00  0.00000000e+00
  0.00000000e+00]

Diff = 
[6.67153815e-07 3.15322068e-03 1.15004329e-03 3.09144896e-06
 2.11833206e-03 5.86909655e-03 3.11566204e-01 1.67493300e-01
 1.43318249e-01 2.85366990e-01 1.53549148e-01 1.35191120e-01
 2.87755993e-01 1.55119992e-01 1.31890789e-01 2.49406425e-01
 1.34836429e-01 1.18022450e-01 1.92402205e-11 4.93741805e-03
 5.43561057e-03 2.77229063e-01 1.39995100e-01 1.33310376e-01
 3.10560676e-01 1.72626102e-01 1.41142311e-01 2.89388020e-01
 1.54862564e-01 1.25811190e-01 1.47282397e-01 2.25613023e-01
 2.24868060e-01]

 Iteration 700:
############################
Gradient = 
[ 8.92184517e-07  2.67300776e-03 -9.74514328e-04 -2.79969474e-06
 -1.79365017e-03 -4.97498810e-03 -4.72596708e-04 -4.39521701e-03
  4.41209108e-03  3.38592937e-04 -3.80610402e-03  9.90324759e-04
  4.35711065e-02  1.86029456e-02  2.54503875e-02  3.58783279e-02
  1.47490486e-02  1.79587542e-02  3.22077542e-01  1.64002026e-01
  1.58453683e-01  2.77560215e-01  1.40924450e-01  1.33376639e-01
  2.95954333e-01  1.62357996e-01  1.30233329e-01  2.77898035e-01
  1.46809724e-01  1.17664274e-01 -1.66826909e-01 -2.63781630e-01
 -2.61377181e-01]

Gradient approximate =
[ 2.28908004e-07  1.61023328e-05 -5.28074251e-06  2.45403697e-08
 -1.00318798e-05 -2.84083912e-05  3.13009268e-01  1.63342915e-01
  1.49560035e-01  2.84726191e-01  1.48581876e-01  1.35987632e-01
  3.22077542e-01  1.68125575e-01  1.53837650e-01  2.77560215e-01
  1.44885092e-01  1.32556294e-01  3.22077542e-01  1.68125636e-01
  1.53837713e-01  0.00000000e+00  0.00000000e+00  0.00000000e+00
  0.00000000e+00  0.00000000e+00  0.00000000e+00  0.00000000e+00
  0.00000000e+00  0.00000000e+00  0.00000000e+00  0.00000000e+00
  0.00000000e+00]

Diff = 
[6.63276514e-07 2.65690543e-03 9.69233586e-04 2.82423511e-06
 1.78361829e-03 4.94657971e-03 3.13481865e-01 1.67738132e-01
 1.45147944e-01 2.84387598e-01 1.52387980e-01 1.34997308e-01
 2.78506436e-01 1.49522629e-01 1.28387262e-01 2.41681887e-01
 1.30136044e-01 1.14597540e-01 2.18493001e-11 4.12360919e-03
 4.61597031e-03 2.77560215e-01 1.40924450e-01 1.33376639e-01
 2.95954333e-01 1.62357996e-01 1.30233329e-01 2.77898035e-01
 1.46809724e-01 1.17664274e-01 1.66826909e-01 2.63781630e-01
 2.61377181e-01]

 Iteration 800:
############################
Gradient = 
[ 7.14103427e-07  2.25178343e-03 -8.21448176e-04 -2.41507744e-06
 -1.50954759e-03 -4.19283071e-03 -4.75956278e-04 -3.70425670e-03
  3.71589318e-03  3.41519183e-04 -3.20761547e-03  8.36759213e-04
  5.18801249e-02  2.36420595e-02  2.87398942e-02  4.33105332e-02
  1.92361731e-02  2.13644372e-02  3.22240530e-01  1.64830640e-01
  1.57922632e-01  2.77821685e-01  1.41704368e-01  1.33418202e-01
  2.78024510e-01  1.49428835e-01  1.17111778e-01  2.63474026e-01
  1.36417242e-01  1.07485072e-01 -1.79292554e-01 -2.98412014e-01
 -2.94404149e-01]

Gradient approximate =
[ 1.46389567e-07  1.33927291e-05 -4.51115367e-06  1.04427578e-08
 -8.48714654e-06 -2.39492093e-05  3.14622573e-01  1.64248382e-01
  1.50400812e-01  2.83901789e-01  1.48207951e-01  1.35665550e-01
  3.22240530e-01  1.68267180e-01  1.53995838e-01  2.77821685e-01
  1.45070313e-01  1.32752913e-01  3.22240530e-01  1.68267217e-01
  1.53995877e-01  0.00000000e+00  0.00000000e+00  0.00000000e+00
  0.00000000e+00  0.00000000e+00  0.00000000e+00  0.00000000e+00
  0.00000000e+00  0.00000000e+00  0.00000000e+00  0.00000000e+00
  0.00000000e+00]

Diff = 
[5.67713860e-07 2.23839070e-03 8.16937023e-04 2.42552020e-06
 1.50106044e-03 4.16888150e-03 3.15098529e-01 1.67952639e-01
 1.46684919e-01 2.83560270e-01 1.51415567e-01 1.34828791e-01
 2.70360405e-01 1.44625120e-01 1.25255944e-01 2.34511151e-01
 1.25834140e-01 1.11388476e-01 3.17179616e-12 3.43657710e-03
 3.92675489e-03 2.77821685e-01 1.41704368e-01 1.33418202e-01
 2.78024510e-01 1.49428835e-01 1.17111778e-01 2.63474026e-01
 1.36417242e-01 1.07485072e-01 1.79292554e-01 2.98412014e-01
 2.94404149e-01]

 Iteration 900:
############################
Gradient = 
[ 5.41869813e-07  1.89685447e-03 -6.92450637e-04 -2.00767770e-06
 -1.27009111e-03 -3.53354875e-03 -4.60805842e-04 -3.11344709e-03
  3.13763665e-03  3.31130883e-04 -2.70929950e-03  7.01228877e-04
  5.93433201e-02  2.81315424e-02  3.17346057e-02  5.03256305e-02
  2.34134077e-02  2.45964303e-02  3.22393781e-01  1.65541675e-01
  1.57478634e-01  2.78030342e-01  1.42360590e-01  1.33444696e-01
  2.57206789e-01  1.34170775e-01  1.02051359e-01  2.46378100e-01
  1.23883581e-01  9.54424661e-02 -1.87141038e-01 -3.30764077e-01
 -3.25137270e-01]

Gradient approximate =
[ 9.41779987e-08  1.11744525e-05 -3.84011933e-06  3.22186722e-09
 -7.16694482e-06 -2.01871320e-05  3.15999595e-01  1.65026072e-01
  1.51114712e-01  2.83192239e-01  1.47889320e-01  1.35383416e-01
  3.22393781e-01  1.68399980e-01  1.54133045e-01  2.78030342e-01
  1.45224792e-01  1.32909892e-01  3.22393781e-01  1.68400002e-01
  1.54133069e-01  0.00000000e+00  0.00000000e+00  0.00000000e+00
  0.00000000e+00  0.00000000e+00  0.00000000e+00  0.00000000e+00
  0.00000000e+00  0.00000000e+00  0.00000000e+00  0.00000000e+00
  0.00000000e+00]

Diff = 
[4.47691814e-07 1.88568002e-03 6.88610517e-04 2.01089957e-06
 1.26292416e-03 3.51336161e-03 3.16460401e-01 1.68139519e-01
 1.47977075e-01 2.82861108e-01 1.50598619e-01 1.34682187e-01
 2.63050461e-01 1.40268437e-01 1.22398439e-01 2.27704711e-01
 1.21811384e-01 1.08313462e-01 7.12596648e-12 2.85832662e-03
 3.34556557e-03 2.78030342e-01 1.42360590e-01 1.33444696e-01
 2.57206789e-01 1.34170775e-01 1.02051359e-01 2.46378100e-01
 1.23883581e-01 9.54424661e-02 1.87141038e-01 3.30764077e-01
 3.25137270e-01]

 