Iteration 0:
############################
Gradient = 
[0.00668121 0.03498394 0.01012302 0.00982835 0.04206051 0.01715979
 0.30582233 0.14252456 0.16371966 0.31944436 0.15012477 0.16747238
 0.32038184 0.15513874 0.16199053 0.30446696 0.14287566 0.15978737
 0.3142632  0.15074905 0.16289704]

Gradient approximate =
[0.00668121 0.03569511 0.01019888 0.00982835 0.04140467 0.01690538
 0.30582233 0.14058664 0.163005   0.31944436 0.15158068 0.165427
 0.32038184 0.15419548 0.16361103 0.30446696 0.14223262 0.15961907
 0.3142632  0.1508267  0.16137521]

Diff = 
[1.06322885e-11 7.11164404e-04 7.58587698e-05 5.03170821e-11
 6.55836523e-04 2.54415525e-04 8.72146799e-12 1.93791716e-03
 7.14660284e-04 3.17953441e-11 1.45590813e-03 2.04538270e-03
 3.01471625e-11 9.43257829e-04 1.62049637e-03 1.60044200e-12
 6.43045419e-04 1.68297699e-04 1.49525392e-11 7.76476661e-05
 1.52183009e-03]

 Iteration 100:
############################
Gradient = 
[-0.02874188 -0.09914617 -0.03183981 -0.02918081 -0.10690927 -0.02972769
  0.20860114  0.11071207  0.12700465  0.21723475  0.10925164  0.12150159
  0.2175891   0.11049655  0.11259504  0.20727256  0.10707252  0.11929237
  0.21427313  0.10861484  0.11575176]

Gradient approximate =
[-0.02874188 -0.0994448  -0.03209817 -0.02918081 -0.10863501 -0.03022894
  0.20860114  0.11149708  0.12942093  0.21723475  0.11353622  0.12260787
  0.2175891   0.11247205  0.11722717  0.20727256  0.10913913  0.12215066
  0.21427313  0.11153235  0.11727785]

Diff = 
[4.88070695e-12 2.98632389e-04 2.58359207e-04 6.98883659e-12
 1.72573522e-03 5.01248061e-04 6.79343526e-11 7.85011381e-04
 2.41628561e-03 6.96587787e-11 4.28458583e-03 1.10627850e-03
 6.61587174e-11 1.97549789e-03 4.63213353e-03 8.24442736e-11
 2.06660926e-03 2.85829225e-03 6.68872180e-11 2.91750969e-03
 1.52609371e-03]

 Iteration 200:
############################
Gradient = 
[-0.03180643 -0.10548506 -0.03391427 -0.03097196 -0.10800933 -0.03139066
  0.1309574   0.09683936  0.10758878  0.13808247  0.07950777  0.08701335
  0.13914191  0.07417027  0.07329964  0.13090447  0.08484389  0.09190302
  0.13820604  0.07597486  0.07945004]

Gradient approximate =
[-0.03180643 -0.10824523 -0.03496198 -0.03097196 -0.11232178 -0.03263147
  0.1309574   0.09996773  0.11265723  0.13808247  0.08591774  0.09046749
  0.13914191  0.07821782  0.08001526  0.13090447  0.0890747   0.09714544
  0.13820604  0.08096725  0.08316864]

Diff = 
[2.74622061e-11 2.76016625e-03 1.04771236e-03 3.58257937e-11
 4.31244186e-03 1.24081199e-03 1.27784727e-10 3.12837733e-03
 5.06845324e-03 1.21184923e-10 6.40997227e-03 3.45414701e-03
 1.30276928e-10 4.04755193e-03 6.71561866e-03 1.36629930e-10
 4.23081093e-03 5.24242119e-03 1.25439548e-10 4.99239209e-03
 3.71860258e-03]

 Iteration 300:
############################
Gradient = 
[-0.02293151 -0.06819195 -0.02218643 -0.02119165 -0.06820121 -0.01991887
  0.0757835   0.07344348  0.07904279  0.08597785  0.04925443  0.05352452
  0.08917059  0.04281489  0.04065928  0.07920038  0.05800033  0.06081794
  0.08835738  0.04546509  0.04696324]

Gradient approximate =
[-0.02293151 -0.07290341 -0.02386487 -0.02119165 -0.07448462 -0.02173503
  0.0757835   0.07848546  0.08620304  0.08597785  0.0570968   0.05853843
  0.08917059  0.04815509  0.04863116  0.07920038  0.0638287   0.06776374
  0.08835738  0.05180432  0.05208105]

Diff = 
[2.18429962e-11 4.71146117e-03 1.67844124e-03 2.44295868e-11
 6.28340539e-03 1.81615931e-03 1.53692573e-10 5.04198358e-03
 7.16025424e-03 1.38036194e-10 7.84237060e-03 5.01391876e-03
 1.47299936e-10 5.34020286e-03 7.97187855e-03 1.46490833e-10
 5.82836608e-03 6.94580040e-03 1.48443743e-10 6.33923156e-03
 5.11781616e-03]

 Iteration 400:
############################
Gradient = 
[-0.01523775 -0.03978928 -0.01308148 -0.01325231 -0.03973551 -0.01137856
  0.04162001  0.05232321  0.05529844  0.0557218   0.02756513  0.03047458
  0.06058351  0.02223381  0.01968182  0.04845659  0.03685034  0.03769884
  0.05925637  0.0244317   0.02520129]

Gradient approximate =
[-0.01523775 -0.04568638 -0.01514757 -0.01325231 -0.04720277 -0.01353812
  0.04162001  0.05876329  0.0639494   0.0557218   0.03625171  0.03641095
  0.06058351  0.02828536  0.0283116   0.04845659  0.04372747  0.04573163
  0.05925637  0.03153738  0.0311097 ]

Diff = 
[2.91051142e-11 5.89709502e-03 2.06608796e-03 1.64455290e-11
 7.46726107e-03 2.15955545e-03 1.54763632e-10 6.44008126e-03
 8.65095386e-03 1.58507853e-10 8.68657528e-03 5.93636580e-03
 1.64768692e-10 6.05155483e-03 8.62977400e-03 1.46504919e-10
 6.87713161e-03 8.03278668e-03 1.61212745e-10 7.10568346e-03
 5.90840737e-03]

 Iteration 500:
############################
Gradient = 
[-0.01013586 -0.02291145 -0.00760067 -0.00805768 -0.02298835 -0.00627912
  0.02098177  0.03736735  0.03907359  0.03829799  0.01397056  0.01628355
  0.04417426  0.00977453  0.00709466  0.03045913  0.02291555  0.02288669
  0.04236434  0.01140077  0.0118701 ]

Gradient approximate =
[-0.01013586 -0.0294948  -0.0098933  -0.00805768 -0.03114227 -0.00863171
  0.02098177  0.04480144  0.04876941  0.03829799  0.02311086  0.02273131
  0.04417426  0.01617368  0.01601326  0.03045913  0.03045105  0.03158586
  0.04236435  0.01889672  0.01818224]

Diff = 
[5.85738229e-12 6.58334726e-03 2.29262776e-03 1.18747304e-11
 8.15392110e-03 2.35258563e-03 1.65254935e-10 7.43408387e-03
 9.69582520e-03 1.49609353e-10 9.14030466e-03 6.44775988e-03
 1.61564616e-10 6.39914528e-03 8.91860061e-03 1.67032388e-10
 7.53550193e-03 8.69916351e-03 1.61311034e-10 7.49595153e-03
 6.31214296e-03]

 Iteration 600:
############################
Gradient = 
[-0.00681273 -0.01307385 -0.00437996 -0.00467162 -0.01316522 -0.00327888
  0.00834419  0.02741939  0.0284776   0.02804421  0.00570272  0.00770984
  0.03450235  0.00230759 -0.00041476  0.01974124  0.01414597  0.01370533
  0.03233982  0.00349222  0.00380522]

Gradient approximate =
[-0.00681273 -0.02005107 -0.00680381 -0.00467162 -0.02171512 -0.0057358
  0.00834419  0.03557154  0.03892171  0.02804421  0.01505631  0.01441892
  0.03450235  0.00883564  0.00857223  0.01974124  0.02208935  0.0228066
  0.03233982  0.01114829  0.0102861 ]

Diff = 
[1.21549541e-11 6.97721903e-03 2.42384825e-03 3.61520709e-11
 8.54989388e-03 2.45691784e-03 1.55237075e-10 8.15214940e-03
 1.04441112e-02 1.60143360e-10 9.35359456e-03 6.70907626e-03
 1.52390010e-10 6.52804940e-03 8.98699369e-03 1.59480585e-10
 7.94337632e-03 9.10127061e-03 1.53886938e-10 7.65606922e-03
 6.48087619e-03]

 Iteration 700:
############################
Gradient = 
[-0.00458462 -0.00727518 -0.00246853 -0.00238519 -0.00728492 -0.00148953
  0.00047484  0.02088176  0.02159576  0.02187522  0.00069768  0.00252272
  0.02865773 -0.00218173 -0.00491627  0.01323771  0.00867608  0.00804014
  0.02625453 -0.00130205 -0.00109091]

Gradient approximate =
[-0.00458462 -0.01447504 -0.00496737 -0.00238519 -0.01605872 -0.0039983
  0.00047484  0.02956982  0.03259524  0.02187522  0.01011876  0.00934202
  0.02865773  0.00434401  0.00400735  0.01323771  0.01687055  0.0173802
  0.02625453  0.00637461  0.00541637]

Diff = 
[2.13039412e-11 7.19985366e-03 2.49883660e-03 1.27203586e-12
 8.77380576e-03 2.50876315e-03 1.53464569e-10 8.68806157e-03
 1.09994879e-02 1.69970416e-10 9.42108087e-03 6.81929636e-03
 1.59381865e-10 6.52573611e-03 8.92361009e-03 1.63877391e-10
 8.19446940e-03 9.34006599e-03 1.70072085e-10 7.67665496e-03
 6.50727397e-03]

 Iteration 800:
############################
Gradient = 
[-0.00302825 -0.00383744 -0.00132487 -0.00076994 -0.00371094 -0.00041087
 -0.00448258  0.01657601  0.01710628  0.01809368 -0.00232968 -0.00062711
  0.02504865 -0.00488811 -0.00762372  0.00923246  0.00526272  0.0045422
  0.02248634 -0.00421002 -0.00407749]

Gradient approximate =
[-0.00302825 -0.01115863 -0.00386517 -0.00076994 -0.01260487 -0.00294
 -0.00448258  0.02568022  0.02853564  0.01809368  0.00707065  0.00621083
  0.02504865  0.00155631  0.00115737  0.00923246  0.01361051  0.01402027
  0.02248634  0.0034026   0.00236957]

Diff = 
[4.06885376e-12 7.32119722e-03 2.54030897e-03 1.54826717e-11
 8.89392834e-03 2.52913297e-03 1.66939348e-10 9.10421607e-03
 1.14293636e-02 1.61702179e-10 9.40033423e-03 6.83794420e-03
 1.65581084e-10 6.44441665e-03 8.78109169e-03 1.66244202e-10
 8.34778514e-03 9.47806986e-03 1.43165636e-10 7.61262201e-03
 6.44706553e-03]

 Iteration 900:
############################
Gradient = 
[-0.0018898  -0.00181651 -0.00064158  0.00042866 -0.00152883  0.00023995
 -0.00762157  0.01372209  0.01415806  0.01573539 -0.0041557  -0.00254372
  0.02277265 -0.00651796 -0.00925092  0.00673714  0.00312703  0.00238269
  0.02010819 -0.00596955 -0.00590446]

Gradient approximate =
[-0.0018898  -0.00919915 -0.0032033   0.00042866 -0.0104796  -0.00229055
 -0.00762157  0.02316337  0.02593518  0.01573539  0.00517057  0.0042572
  0.02277265 -0.00020249 -0.00065994  0.00673714  0.01156704  0.01193653
  0.02010819  0.00152775  0.00042949]

Diff = 
[1.85276343e-11 7.38263450e-03 2.56172205e-03 8.08666719e-12
 8.95077656e-03 2.53050274e-03 1.60387858e-10 9.44128002e-03
 1.17771227e-02 1.60793715e-10 9.32627214e-03 6.80092384e-03
 1.63934158e-10 6.31547324e-03 8.59097491e-03 1.50830015e-10
 8.44001576e-03 9.55383402e-03 1.51106336e-10 7.49730292e-03
 6.33394968e-03]

 