Iteration 0:
############################
Gradient = 
[ 3.88912620e-04  2.51976840e-04 -1.97480873e-04 -4.30361161e-04
 -1.70943773e-03 -7.86525796e-04 -5.96148277e-04 -3.45197318e-04
 -2.38025264e-03  4.66134853e-04  4.48131763e-03 -7.21112727e-05
 -4.18747734e-04 -9.56845549e-04  2.73276216e-04  4.57804876e-04
  2.78744775e-03  7.22837899e-05  2.17488573e-02  1.04880937e-02
  9.47671940e-03  1.42254783e-02  1.44194685e-02  1.03078228e-02
  1.37495278e-02 -2.07497471e-02 -1.01022009e-02 -1.05680666e-02
 -9.27231636e-03 -1.21079930e-02 -1.30394681e-02 -1.01714521e-02
  1.24363815e-02  3.15528929e-03  6.56730931e-03  4.82466180e-03
  7.55240238e-03  4.97416444e-03  7.06498822e-03  1.56354800e-02
  5.36457251e-03  7.75135508e-03  7.48088985e-03  9.65812727e-03
  7.36484862e-03  8.26233991e-03 -1.00846943e-02 -2.98383473e-03
 -5.15769802e-03 -3.92565715e-03 -8.28023723e-03 -6.60214627e-03
 -5.71151184e-03  4.15664589e-03  1.74018651e-03  2.01114151e-03
  2.60840606e-03 -6.28482678e-05  2.54248267e-03  4.04957573e-03
  2.87405198e-01  1.57681031e-01  1.38673316e-01  1.41294693e-01
  1.34936794e-01  1.39117260e-01  1.48977037e-01  3.20475497e-01
  1.75623908e-01  1.56332235e-01  1.59408929e-01  1.47044466e-01
  1.59123197e-01  1.67470168e-01  3.42635771e-01  1.86842558e-01
  1.64595336e-01  1.72157812e-01  1.60303081e-01  1.67982111e-01
  1.79934909e-01  3.20255106e-01  1.75987118e-01  1.55386853e-01
  1.60248615e-01  1.49285209e-01  1.54557570e-01  1.64694293e-01
  3.07098443e-01  1.65749834e-01  1.48127702e-01  1.53783200e-01
  1.42635432e-01  1.48881738e-01  1.61660810e-01]

Gradient approximate =
[-1.96719967e-04  3.24480489e-04 -1.51605473e-04  2.03545834e-04
  3.94623407e-04  1.94491310e-04 -3.14561914e-04 -7.35271135e-04
 -3.38384119e-04 -1.92000669e-04 -8.86027884e-04 -2.00369419e-04
 -1.95023635e-04 -3.98427651e-04 -1.93585739e-04 -5.90242324e-04
 -1.75565584e-03 -6.61550832e-04 -1.08167526e-02 -4.66785188e-03
 -5.49977670e-03 -5.57274432e-03 -6.03051040e-03 -5.84659852e-03
 -5.45731329e-03 -3.07508001e-03 -8.65521734e-04 -1.61414470e-03
 -2.02451267e-03 -2.20175080e-03 -1.83886180e-03 -1.91848986e-03
  5.73465804e-03  2.52627269e-03  2.91287436e-03  2.94625592e-03
  3.17425953e-03  3.05620584e-03  2.87796108e-03  7.98622427e-03
  3.29813929e-03  4.06063183e-03  2.86823141e-01  1.57879258e-01
  1.42482737e-01  1.44663515e-01  1.47753498e-01  1.44966373e-01
  1.55997096e-01  3.15309938e-01  1.76011931e-01  1.58461838e-01
  1.61013991e-01  1.28385628e-01  1.44365669e-01  1.52621377e-01
  3.00284457e-01  1.59068854e-01  1.42350684e-01  1.45715358e-01
  1.42093366e-01  1.50633781e-01  1.59920406e-01  2.93132968e-01
  1.59140850e-01  1.43106788e-01  1.45592742e-01  1.35494935e-01
  1.43503382e-01  1.52686070e-01  3.12380555e-01  1.69195268e-01
  1.51945314e-01  1.55118512e-01  1.44542276e-01  1.53075047e-01
  1.62614007e-01  0.00000000e+00  0.00000000e+00  0.00000000e+00
  0.00000000e+00  0.00000000e+00  0.00000000e+00  0.00000000e+00
  0.00000000e+00  0.00000000e+00  0.00000000e+00  0.00000000e+00
  0.00000000e+00  0.00000000e+00  0.00000000e+00  0.00000000e+00
  0.00000000e+00  0.00000000e+00  0.00000000e+00]

Diff = 
[5.85632587e-04 7.25036489e-05 4.58754005e-05 6.33906994e-04
 2.10406114e-03 9.81017105e-04 2.81586362e-04 3.90073817e-04
 2.04186852e-03 6.58135521e-04 5.36734551e-03 1.28258146e-04
 2.23724099e-04 5.58417898e-04 4.66861954e-04 1.04804720e-03
 4.54310359e-03 7.33834622e-04 3.25656099e-02 1.51559456e-02
 1.49764961e-02 1.97982226e-02 2.04499789e-02 1.61544213e-02
 1.92068411e-02 1.76746671e-02 9.23667913e-03 8.95392189e-03
 7.24780369e-03 9.90624216e-03 1.12006063e-02 8.25296224e-03
 6.70172345e-03 6.29016594e-04 3.65443496e-03 1.87840588e-03
 4.37814285e-03 1.91795860e-03 4.18702713e-03 7.64925575e-03
 2.06643322e-03 3.69072325e-03 2.79342251e-01 1.48221131e-01
 1.35117888e-01 1.36401175e-01 1.57838193e-01 1.47950208e-01
 1.61154794e-01 3.19235596e-01 1.84292168e-01 1.65063984e-01
 1.66725503e-01 1.24228982e-01 1.42625483e-01 1.50610235e-01
 2.97676051e-01 1.59131703e-01 1.39808201e-01 1.41665782e-01
 1.45311833e-01 7.04725013e-03 2.12470894e-02 1.51838275e-01
 2.42040566e-02 3.98952765e-03 3.38429472e-03 1.84980562e-01
 3.21205267e-02 3.64616504e-03 1.52971626e-01 2.21508017e-02
 7.17788279e-03 1.23516559e-02 1.98093495e-01 3.37675103e-02
 1.98132910e-03 1.72157812e-01 1.60303081e-01 1.67982111e-01
 1.79934909e-01 3.20255106e-01 1.75987118e-01 1.55386853e-01
 1.60248615e-01 1.49285209e-01 1.54557570e-01 1.64694293e-01
 3.07098443e-01 1.65749834e-01 1.48127702e-01 1.53783200e-01
 1.42635432e-01 1.48881738e-01 1.61660810e-01]

 Iteration 100:
############################
Gradient = 
[ 4.43231356e-05 -7.04818268e-04 -6.62074724e-04  2.38389957e-04
  7.36071725e-04 -1.21101254e-05 -8.12030795e-04 -6.48736225e-04
 -2.52254922e-03  1.84744888e-04  2.11826599e-03 -6.02538157e-04
  9.20942647e-04  3.92049777e-03  1.55023417e-03 -1.30756003e-03
 -2.58881972e-03 -1.71648367e-03 -1.91119591e-02 -5.83357974e-03
 -1.11579503e-02 -7.86764696e-03 -9.44353081e-03 -1.19154661e-02
 -7.75350796e-03 -1.37710134e-02 -6.94635449e-03 -6.89650512e-03
 -5.64828180e-03 -8.08665034e-03 -9.05541574e-03 -6.60522236e-03
 -5.53558553e-03 -4.13235349e-03 -2.58650255e-03 -4.86149242e-03
 -2.92894981e-03 -4.78403869e-03 -2.38986792e-03 -3.04887143e-02
 -1.30875627e-02 -1.56259616e-02 -1.75980240e-02 -1.73476838e-02
 -1.76769623e-02 -1.60539422e-02 -9.24256175e-03 -3.19398715e-03
 -4.70191735e-03 -3.21453651e-03 -7.31780517e-03 -5.90253289e-03
 -4.96105816e-03 -2.59247050e-02 -1.09934301e-02 -1.30138143e-02
 -1.28704809e-02 -1.66444362e-02 -1.33909320e-02 -1.11090503e-02
  2.88229035e-01  1.59822532e-01  1.41844786e-01  1.43894228e-01
  1.36120953e-01  1.41540166e-01  1.54302339e-01  3.10494712e-01
  1.69494822e-01  1.52557678e-01  1.54562093e-01  1.49015427e-01
  1.51811962e-01  1.66246130e-01  2.43029533e-01  1.32497349e-01
  1.20579905e-01  1.23403061e-01  1.08357058e-01  1.17356497e-01
  1.25018077e-01  1.33783526e-01  7.32487473e-02  6.19221234e-02
  6.25915417e-02  5.61936418e-02  6.35070714e-02  6.84699898e-02
  1.51129118e-01  7.88650218e-02  7.31751266e-02  7.22543916e-02
  6.70146552e-02  7.17148975e-02  7.55368432e-02]

Gradient approximate =
[-4.15875936e-04 -1.19580820e-03 -1.72087091e-04  9.77675207e-05
  2.92378859e-04 -1.65792269e-06 -6.89676707e-04 -2.47238603e-03
 -6.41573079e-04  2.79096493e-04  9.95948088e-04  2.96948273e-04
 -7.75892395e-05 -1.55304978e-04 -5.33753530e-05 -1.83191653e-04
 -7.70674138e-04 -6.10350193e-05 -5.99128332e-03 -2.47920894e-03
 -3.07872440e-03 -3.33418910e-03 -3.52402446e-03 -3.24281441e-03
 -3.17074279e-03 -2.44503427e-03 -8.42649621e-04 -1.24586877e-03
 -1.35741690e-03 -1.52486270e-03 -1.41127620e-03 -1.37249357e-03
  8.02530789e-03  3.37705586e-03  4.08974966e-03  4.29346439e-03
  4.60590387e-03  4.32284427e-03  4.17227464e-03  1.12528903e-02
  4.44398965e-03  5.74502164e-03  2.94424664e-01  1.66079962e-01
  1.49137434e-01  1.49916112e-01  1.27090606e-01  1.36980771e-01
  1.49526181e-01  3.05404532e-01  1.66061187e-01  1.48357279e-01
  1.49805589e-01  1.43064338e-01  1.50346796e-01  1.64036025e-01
  3.04878931e-01  1.67291129e-01  1.49470643e-01  1.50875383e-01
  1.45410415e-01  1.50422485e-01  1.64189101e-01  2.94385087e-01
  1.62889100e-01  1.45858112e-01  1.46786472e-01  1.39365442e-01
  1.43949399e-01  1.57539790e-01  3.09551076e-01  1.70855389e-01
  1.52751359e-01  1.54291437e-01  1.46602437e-01  1.51516203e-01
  1.65485837e-01  0.00000000e+00  0.00000000e+00  0.00000000e+00
  0.00000000e+00  0.00000000e+00  0.00000000e+00  0.00000000e+00
  0.00000000e+00  0.00000000e+00  0.00000000e+00  0.00000000e+00
  0.00000000e+00  0.00000000e+00  0.00000000e+00  0.00000000e+00
  0.00000000e+00  0.00000000e+00  0.00000000e+00]

Diff = 
[4.60199072e-04 4.90989936e-04 4.89987633e-04 1.40622436e-04
 4.43692867e-04 1.04522027e-05 1.22354088e-04 1.82364981e-03
 1.88097615e-03 9.43516041e-05 1.12231790e-03 8.99486430e-04
 9.98531887e-04 4.07580275e-03 1.60360953e-03 1.12436838e-03
 1.81814558e-03 1.65544865e-03 1.31206758e-02 3.35437081e-03
 8.07922592e-03 4.53345786e-03 5.91950635e-03 8.67265170e-03
 4.58276517e-03 1.13259791e-02 6.10370487e-03 5.65063635e-03
 4.29086490e-03 6.56178764e-03 7.64413954e-03 5.23272879e-03
 1.35608934e-02 7.50940935e-03 6.67625221e-03 9.15495682e-03
 7.53485368e-03 9.10688296e-03 6.56214256e-03 4.17416046e-02
 1.75315523e-02 2.13709833e-02 3.12022688e-01 1.83427646e-01
 1.66814396e-01 1.65970055e-01 1.36333168e-01 1.40174758e-01
 1.54228099e-01 3.08619069e-01 1.73378993e-01 1.54259812e-01
 1.54766647e-01 1.68989043e-01 1.61340226e-01 1.77049839e-01
 3.17749412e-01 1.83935566e-01 1.62861575e-01 1.61984433e-01
 1.42818619e-01 9.40004688e-03 2.23443147e-02 1.50490860e-01
 2.67681476e-02 4.31794605e-03 7.51586778e-03 1.71129270e-01
 2.55454226e-02 4.98211184e-03 1.54988983e-01 2.18399616e-02
 9.39396632e-04 1.19546926e-02 9.64270953e-02 1.90188533e-02
 4.49059316e-02 1.23403061e-01 1.08357058e-01 1.17356497e-01
 1.25018077e-01 1.33783526e-01 7.32487473e-02 6.19221234e-02
 6.25915417e-02 5.61936418e-02 6.35070714e-02 6.84699898e-02
 1.51129118e-01 7.88650218e-02 7.31751266e-02 7.22543916e-02
 6.70146552e-02 7.17148975e-02 7.55368432e-02]

 Iteration 200:
############################
Gradient = 
[-2.89546606e-04 -1.83939319e-03 -9.51951287e-04 -1.77249059e-05
  4.00864868e-05 -1.53674676e-04 -6.53365771e-04  5.05015897e-04
 -2.03896263e-03  1.06891355e-04  1.85525697e-03 -7.39466603e-04
  1.87252318e-04  8.30311899e-04  5.90587784e-04 -7.40050841e-04
  3.81765349e-04 -6.65443409e-04 -8.64907834e-03 -1.67683119e-03
 -5.60759284e-03 -1.93071402e-03 -3.00316635e-03 -5.91246126e-03
 -1.97038858e-03 -4.43967477e-03 -3.22154570e-03 -2.00973454e-03
 -3.70227011e-04 -2.32413491e-03 -3.71558116e-03 -1.44657305e-03
  4.36189764e-03 -2.41848115e-04  2.48909581e-03  7.25313097e-04
  3.04284649e-03  7.42764709e-04  3.00279133e-03 -1.89380941e-02
 -8.82347520e-03 -9.40426157e-03 -1.07164410e-02 -9.76721512e-03
 -1.07044176e-02 -9.24041741e-03 -8.26284114e-03 -3.04139997e-03
 -4.07854082e-03 -2.48889654e-03 -6.35193277e-03 -5.08143486e-03
 -4.13947148e-03 -1.53696084e-02 -6.88648377e-03 -7.37632011e-03
 -6.75302486e-03 -9.87881718e-03 -7.20198964e-03 -5.11335752e-03
  3.00633544e-01  1.69837584e-01  1.50422502e-01  1.50935546e-01
  1.47884731e-01  1.49877770e-01  1.65357960e-01  3.19615051e-01
  1.77643716e-01  1.59397420e-01  1.59797804e-01  1.59759626e-01
  1.58759268e-01  1.75875388e-01  1.73505006e-01  9.59542695e-02
  8.76149753e-02  8.92470504e-02  7.19889059e-02  8.08372111e-02
  8.69485549e-02 -3.72981406e-03 -5.96231190e-03 -9.37913066e-03
 -9.57173459e-03 -1.60261675e-02 -7.68193235e-03 -8.61615912e-03
  2.27441640e-02  4.61125125e-03  6.32106591e-03  4.42646083e-03
  1.87881292e-03  6.45233946e-03  4.77815902e-03]

Gradient approximate =
[-3.98010278e-04 -1.17436693e-03 -1.56207456e-04  8.60092175e-05
  2.50764316e-04 -1.17510890e-06 -4.28530960e-04 -1.52104411e-03
 -3.17602247e-04  3.17540985e-04  1.18820595e-03  3.82782221e-04
 -3.05682482e-04 -1.02898582e-03 -3.27125798e-04  1.52955710e-04
  4.82344116e-04  3.58939372e-04 -7.11797499e-04 -3.76457268e-04
 -3.85065810e-04 -4.47147934e-04 -4.05468745e-04 -3.40936197e-04
 -3.50619072e-04  1.11815876e-03  5.59600466e-04  5.72821421e-04
  5.98527541e-04  5.92851932e-04  5.54834199e-04  5.40250538e-04
  1.18839369e-02  4.91069829e-03  6.05614020e-03  6.42472746e-03
  6.88232857e-03  6.42105856e-03  6.26464320e-03  1.65695141e-02
  6.59852269e-03  8.45415561e-03  3.09753795e-01  1.78856520e-01
  1.60227751e-01  1.59504725e-01  1.42354645e-01  1.46742109e-01
  1.62369584e-01  3.16545892e-01  1.76227478e-01  1.57110762e-01
  1.56883723e-01  1.57086103e-01  1.58607208e-01  1.75345821e-01
  3.19706476e-01  1.79475028e-01  1.60026810e-01  1.59810106e-01
  1.57361761e-01  1.58925799e-01  1.75505233e-01  3.03014632e-01
  1.70467866e-01  1.52215244e-01  1.51629947e-01  1.49133764e-01
  1.50354261e-01  1.66474371e-01  3.21537173e-01  1.80408034e-01
  1.60861780e-01  1.60830971e-01  1.58188737e-01  1.59643398e-01
  1.76390621e-01  0.00000000e+00  0.00000000e+00  0.00000000e+00
  0.00000000e+00  0.00000000e+00  0.00000000e+00  0.00000000e+00
  0.00000000e+00  0.00000000e+00  0.00000000e+00  0.00000000e+00
  0.00000000e+00  0.00000000e+00  0.00000000e+00  0.00000000e+00
  0.00000000e+00  0.00000000e+00  0.00000000e+00]

Diff = 
[1.08463672e-04 6.65026258e-04 7.95743831e-04 1.03734123e-04
 2.10677829e-04 1.52499567e-04 2.24834812e-04 2.02606001e-03
 1.72136038e-03 2.10649630e-04 6.67051021e-04 1.12224882e-03
 4.92934799e-04 1.85929772e-03 9.17713582e-04 8.93006551e-04
 1.00578767e-04 1.02438278e-03 7.93728084e-03 1.30037392e-03
 5.22252703e-03 1.48356608e-03 2.59769761e-03 5.57152506e-03
 1.61976951e-03 5.55783353e-03 3.78114616e-03 2.58255596e-03
 9.68754551e-04 2.91698684e-03 4.27041535e-03 1.98682359e-03
 7.52203928e-03 5.15254641e-03 3.56704439e-03 5.69941436e-03
 3.83948208e-03 5.67829385e-03 3.26185186e-03 3.55076082e-02
 1.54219979e-02 1.78584172e-02 3.20470236e-01 1.88623735e-01
 1.70932169e-01 1.68745142e-01 1.50617486e-01 1.49783509e-01
 1.66448125e-01 3.19034788e-01 1.82579410e-01 1.62192197e-01
 1.61023194e-01 1.72455711e-01 1.65493692e-01 1.82722141e-01
 3.26459501e-01 1.89353846e-01 1.67228800e-01 1.64923464e-01
 1.43271782e-01 1.09117842e-02 2.50827314e-02 1.52079085e-01
 2.25831349e-02 2.33747396e-03 1.37280135e-02 1.70481287e-01
 2.72894554e-02 7.07695040e-03 1.61739370e-01 2.06484075e-02
 2.10251236e-03 1.50444167e-02 1.53162687e-02 6.36891281e-02
 8.87756455e-02 8.92470504e-02 7.19889059e-02 8.08372111e-02
 8.69485549e-02 3.72981406e-03 5.96231190e-03 9.37913066e-03
 9.57173459e-03 1.60261675e-02 7.68193235e-03 8.61615912e-03
 2.27441640e-02 4.61125125e-03 6.32106591e-03 4.42646083e-03
 1.87881292e-03 6.45233946e-03 4.77815902e-03]

 Iteration 300:
############################
Gradient = 
[-4.95125141e-04 -2.53727315e-03 -1.09242260e-03  1.86823515e-05
  3.08916054e-04  1.85108543e-05  2.06476472e-04  4.05148458e-03
 -7.86843627e-04  2.14846098e-04  2.17123843e-03 -7.37197998e-04
 -8.96905085e-04 -3.57676507e-03 -8.11942332e-04  7.25244550e-04
  6.38945736e-03  1.36978107e-03  9.66718911e-03  5.54423975e-03
  3.76255243e-03  8.11634642e-03  7.80854626e-03  4.16814287e-03
  7.81272044e-03  1.31400916e-02  3.72772597e-03  6.91006673e-03
  9.25602143e-03  8.05652696e-03  5.91380987e-03  7.95538173e-03
  2.30040915e-02  7.07625881e-03  1.18433684e-02  1.08925996e-02
  1.39129469e-02  1.08651879e-02  1.28399292e-02  1.66858363e-02
  5.01455352e-03  8.76765904e-03  8.92989995e-03  1.14702734e-02
  9.04849961e-03  1.00396567e-02  7.50405060e-03  3.01561562e-03
  3.96354666e-03  6.16203781e-03  3.12034849e-03  3.69869619e-03
  4.41744722e-03  5.60237035e-03  1.33455506e-03  3.36170528e-03
  4.81564384e-03  2.69308741e-03  4.42419437e-03  6.21073298e-03
  3.01351486e-01  1.69857094e-01  1.49864872e-01  1.48695396e-01
  1.48617143e-01  1.50443283e-01  1.66566519e-01  3.21122972e-01
  1.78160655e-01  1.59212183e-01  1.57841820e-01  1.61007134e-01
  1.59783701e-01  1.77619129e-01  1.02861436e-01  5.62410843e-02
  5.19428997e-02  5.30521544e-02  3.05527638e-02  4.19903273e-02
  4.50435433e-02 -9.42834373e-02 -6.01101837e-02 -5.79201569e-02
 -5.78657334e-02 -6.79271926e-02 -5.67113460e-02 -6.21897634e-02
 -5.92947697e-02 -4.50262185e-02 -3.82065473e-02 -4.00786135e-02
 -4.16636838e-02 -3.60209382e-02 -4.19934334e-02]

Gradient approximate =
[-3.85704966e-04 -1.13589286e-03 -1.43126482e-04  6.14792617e-05
  1.81144775e-04 -1.73105419e-05 -3.89700836e-04 -1.38251423e-03
 -2.68525806e-04  2.93435904e-04  1.10496312e-03  3.62234611e-04
 -3.50671938e-04 -1.17193778e-03 -3.73288642e-04  1.78322064e-04
  5.73126144e-04  3.91932697e-04  2.52743675e-04  2.47466292e-05
  1.05812559e-04  7.17011028e-05  1.50574704e-04  1.83214390e-04
  1.53170776e-04  1.69701211e-03  7.93909758e-04  8.67163275e-04
  9.10706608e-04  9.29482151e-04  8.71131043e-04  8.46687984e-04
  1.21276825e-02  5.03255110e-03  6.17725475e-03  6.53831578e-03
  7.00503382e-03  6.56637879e-03  6.35988867e-03  1.72496432e-02
  6.91434441e-03  8.79724010e-03  3.10811804e-01  1.79249004e-01
  1.60032390e-01  1.57566841e-01  1.43731782e-01  1.47559775e-01
  1.63910915e-01  3.18426039e-01  1.77099907e-01  1.57261141e-01
  1.55295129e-01  1.58758308e-01  1.59786427e-01  1.77317652e-01
  3.21034466e-01  1.80008231e-01  1.59892350e-01  1.57924173e-01
  1.58258425e-01  1.59643845e-01  1.76940684e-01  3.03450032e-01
  1.70337995e-01  1.51493528e-01  1.49247571e-01  1.49710212e-01
  1.50770080e-01  1.67530775e-01  3.23765142e-01  1.81298165e-01
  1.61027770e-01  1.59236111e-01  1.59675576e-01  1.60960796e-01
  1.78487604e-01  0.00000000e+00  0.00000000e+00  0.00000000e+00
  0.00000000e+00  0.00000000e+00  0.00000000e+00  0.00000000e+00
  0.00000000e+00  0.00000000e+00  0.00000000e+00  0.00000000e+00
  0.00000000e+00  0.00000000e+00  0.00000000e+00  0.00000000e+00
  0.00000000e+00  0.00000000e+00  0.00000000e+00]

Diff = 
[1.09420175e-04 1.40138029e-03 9.49296115e-04 4.27969102e-05
 1.27771279e-04 3.58213962e-05 5.96177308e-04 5.43399881e-03
 5.18317821e-04 7.85898064e-05 1.06627531e-03 1.09943261e-03
 5.46233146e-04 2.40482729e-03 4.38653690e-04 5.46922486e-04
 5.81633122e-03 9.77848369e-04 9.41444544e-03 5.51949312e-03
 3.65673987e-03 8.04464532e-03 7.65797156e-03 3.98492848e-03
 7.65954967e-03 1.14430795e-02 2.93381621e-03 6.04290346e-03
 8.34531483e-03 7.12704481e-03 5.04267883e-03 7.10869375e-03
 1.08764090e-02 2.04370771e-03 5.66611362e-03 4.35428380e-03
 6.90791311e-03 4.29880910e-03 6.48004055e-03 5.63806956e-04
 1.89979088e-03 2.95810616e-05 3.01881905e-01 1.67778731e-01
 1.50983890e-01 1.47527185e-01 1.36227732e-01 1.44544159e-01
 1.59947368e-01 3.12264001e-01 1.73979558e-01 1.53562445e-01
 1.50877682e-01 1.53155938e-01 1.58451872e-01 1.73955946e-01
 3.16218822e-01 1.77315143e-01 1.55468155e-01 1.51713440e-01
 1.43093061e-01 1.02132485e-02 2.70758122e-02 1.54754636e-01
 2.17208523e-02 1.05024562e-03 1.73189479e-02 1.71412760e-01
 2.73905747e-02 8.31859185e-03 1.65923323e-01 2.02910310e-02
 1.24406871e-03 1.83830180e-02 5.68141396e-02 1.04719712e-01
 1.26544705e-01 5.30521544e-02 3.05527638e-02 4.19903273e-02
 4.50435433e-02 9.42834373e-02 6.01101837e-02 5.79201569e-02
 5.78657334e-02 6.79271926e-02 5.67113460e-02 6.21897634e-02
 5.92947697e-02 4.50262185e-02 3.82065473e-02 4.00786135e-02
 4.16636838e-02 3.60209382e-02 4.19934334e-02]

 Iteration 400:
############################
Gradient = 
[-0.00107659 -0.00510638 -0.00196205 -0.00056127 -0.00245527 -0.00095722
  0.00034958  0.00399883 -0.00088333 -0.00047764 -0.00124071 -0.00217385
 -0.00259775 -0.01079619 -0.00333934  0.00139436  0.00837971  0.00194106
  0.02668549  0.01224818  0.01228732  0.01706775  0.01757189  0.01355749
  0.01637545  0.02954034  0.01020408  0.0150493   0.01787371  0.01746255
  0.01489234  0.01623763  0.04035413  0.01389007  0.02036126  0.01994375
  0.02374299  0.02034241  0.02141883  0.05357679  0.01946612  0.02719715
  0.02836194  0.03277145  0.02953677  0.02879162  0.02595978  0.0102115
  0.0131936   0.01584258  0.01384728  0.01398719  0.01381729  0.02614551
  0.00942404  0.01365914  0.01564984  0.01463426  0.01583263  0.0166429
  0.28478389  0.15620818  0.13687264  0.13411562  0.13323814  0.13880777
  0.15390385  0.31098121  0.16818358  0.14939528  0.14623699  0.14831322
  0.15113272  0.16828524  0.04492816  0.02302659  0.02224682  0.02343534
 -0.00564498  0.00903224  0.0093659  -0.14071584 -0.08753813 -0.08232636
 -0.08148936 -0.09470908 -0.0821573  -0.0897308  -0.10331249 -0.07177244
 -0.06205872 -0.06342321 -0.0624806  -0.05756687 -0.06586209]

Gradient approximate =
[-3.85935985e-04 -1.08009382e-03 -1.35199825e-04  3.68677688e-05
  1.62692637e-04 -3.17705240e-05 -6.33033319e-04 -2.27608264e-03
 -5.62797629e-04  2.10280362e-04  7.71418203e-04  2.34854292e-04
 -1.25699458e-04 -1.95503254e-04 -8.07067124e-05 -1.94009373e-04
 -8.35564427e-04 -6.62645738e-05 -5.11875196e-03 -2.11080277e-03
 -2.63863219e-03 -2.87359142e-03 -3.03779185e-03 -2.80995919e-03
 -2.70068257e-03 -2.13628181e-03 -7.28357212e-04 -1.09298499e-03
 -1.19547169e-03 -1.35202231e-03 -1.27032518e-03 -1.18932454e-03
  7.26207766e-03  3.12513024e-03  3.69686770e-03  3.83350595e-03
  4.11446214e-03  3.92425917e-03  3.70214864e-03  1.11212839e-02
  4.50033781e-03  5.67806856e-03  2.90831645e-01  1.62479023e-01
  1.44195018e-01  1.40056951e-01  1.24942767e-01  1.34496310e-01
  1.49504678e-01  3.06255068e-01  1.65107785e-01  1.45518004e-01
  1.41958406e-01  1.42272771e-01  1.49558899e-01  1.66056966e-01
  3.04442384e-01  1.65541282e-01  1.45998135e-01  1.42426530e-01
  1.44005080e-01  1.49099027e-01  1.65567040e-01  2.90600786e-01
  1.59231424e-01  1.40747333e-01  1.36857894e-01  1.36436026e-01
  1.41080450e-01  1.57074688e-01  3.13142117e-01  1.71269821e-01
  1.51200060e-01  1.47621131e-01  1.47126219e-01  1.52204516e-01
  1.69099992e-01  0.00000000e+00  0.00000000e+00  0.00000000e+00
  0.00000000e+00  0.00000000e+00  0.00000000e+00  0.00000000e+00
  0.00000000e+00  0.00000000e+00  0.00000000e+00  0.00000000e+00
  0.00000000e+00  0.00000000e+00  0.00000000e+00  0.00000000e+00
  0.00000000e+00  0.00000000e+00  0.00000000e+00]

Diff = 
[6.90653910e-04 4.02628236e-03 1.82684642e-03 5.98137137e-04
 2.61796329e-03 9.25447802e-04 9.82611327e-04 6.27490913e-03
 3.20528187e-04 6.87917511e-04 2.01212476e-03 2.40870771e-03
 2.47204605e-03 1.06006916e-02 3.25862911e-03 1.58836992e-03
 9.21527838e-03 2.00732335e-03 3.18042383e-02 1.43589825e-02
 1.49259485e-02 1.99413459e-02 2.06096827e-02 1.63674455e-02
 1.90761278e-02 3.16766233e-02 1.09324375e-02 1.61422863e-02
 1.90691784e-02 1.88145717e-02 1.61626632e-02 1.74269579e-02
 3.30920487e-02 1.07649434e-02 1.66643923e-02 1.61102490e-02
 1.96285326e-02 1.64181541e-02 1.77166787e-02 4.24555072e-02
 1.49657822e-02 2.15190842e-02 2.62469709e-01 1.29707577e-01
 1.14658252e-01 1.11265335e-01 9.89829893e-02 1.24284808e-01
 1.36311078e-01 2.90412490e-01 1.51260500e-01 1.31530815e-01
 1.28141112e-01 1.16127265e-01 1.40134860e-01 1.52397827e-01
 2.88792547e-01 1.50907022e-01 1.30165504e-01 1.25783629e-01
 1.40778805e-01 7.10915725e-03 2.86944050e-02 1.56485162e-01
 2.59932826e-02 1.93955890e-03 1.70459606e-02 1.74545183e-01
 2.71031340e-02 7.67940352e-03 1.66905124e-01 2.29565960e-02
 6.73412382e-05 2.06641086e-02 1.02198055e-01 1.29177927e-01
 1.46853175e-01 2.34353369e-02 5.64498198e-03 9.03223899e-03
 9.36589598e-03 1.40715835e-01 8.75381276e-02 8.23263555e-02
 8.14893603e-02 9.47090806e-02 8.21572998e-02 8.97308010e-02
 1.03312491e-01 7.17724383e-02 6.20587181e-02 6.34232148e-02
 6.24806040e-02 5.75668671e-02 6.58620862e-02]

 Iteration 500:
############################
Gradient = 
[-2.60407560e-03 -1.17001060e-02 -4.40076076e-03 -2.50255695e-03
 -1.10126243e-02 -4.16799068e-03 -1.15265834e-03 -3.06786115e-03
 -3.62563688e-03 -2.71099428e-03 -1.10576794e-02 -6.10391251e-03
 -5.42190417e-03 -2.26588013e-02 -7.79170451e-03  2.77671251e-04
  2.71854986e-03 -3.15456823e-04  3.90528932e-02  1.73081913e-02
  1.85826896e-02  2.33511987e-02  2.46957720e-02  2.08692066e-02
  2.21509120e-02  4.16143351e-02  1.51416565e-02  2.10967992e-02
  2.39900326e-02  2.43929218e-02  2.19207459e-02  2.19052307e-02
  5.30444239e-02  1.90919200e-02  2.66930333e-02  2.63461648e-02
  3.09850266e-02  2.78249431e-02  2.72134679e-02  8.05753526e-02
  3.05449642e-02  4.08977070e-02  4.20510944e-02  4.83994055e-02
  4.56160295e-02  4.15076898e-02  4.06883035e-02  1.62234731e-02
  2.06905504e-02  2.33096661e-02  2.24633051e-02  2.27809183e-02
  2.08224681e-02  4.14963809e-02  1.57382842e-02  2.14810936e-02
  2.34617769e-02  2.36094911e-02  2.49682862e-02  2.38874630e-02
  2.55314918e-01  1.33156533e-01  1.15401934e-01  1.11330236e-01
  1.06967254e-01  1.18307112e-01  1.31503365e-01  2.91853407e-01
  1.50618998e-01  1.32676470e-01  1.27851563e-01  1.25513476e-01
  1.34991998e-01  1.50744143e-01  7.06891489e-03  1.79031628e-03
  3.41537442e-03  5.05902805e-03 -2.96891108e-02 -1.27043760e-02
 -1.40256071e-02 -1.61457610e-01 -9.79868287e-02 -9.14439931e-02
 -8.96132087e-02 -1.04146597e-01 -9.22638084e-02 -1.00419799e-01
 -1.24728950e-01 -8.36211224e-02 -7.24958916e-02 -7.31168650e-02
 -6.73187300e-02 -6.53174876e-02 -7.46882381e-02]

Gradient approximate =
[-1.03889899e-04  1.21161920e-04  2.21420828e-04  4.24088165e-04
  1.79368549e-03  4.55573903e-04 -6.18940845e-04 -2.12384970e-03
 -5.46115944e-04  5.56601558e-04  2.08171140e-03  5.99306560e-04
  6.97726688e-04  3.16276890e-03  9.44291287e-04 -3.86661423e-04
 -1.51415234e-03 -3.13765978e-04 -1.48115725e-02 -6.10888988e-03
 -7.69643045e-03 -8.16863055e-03 -8.88115862e-03 -8.48911559e-03
 -7.73002478e-03 -8.92947380e-03 -3.52478267e-03 -4.64580133e-03
 -4.91964854e-03 -5.46785093e-03 -5.27049346e-03 -4.71916593e-03
 -7.39484998e-04 -1.03732403e-04 -4.19546677e-04 -5.43561047e-04
 -6.53613685e-04 -6.07334227e-04 -5.06361544e-04  5.67218132e-04
  2.36549356e-04  2.87646318e-04  2.55610319e-01  1.34127036e-01
  1.17711308e-01  1.12509947e-01  9.27600420e-02  1.11425059e-01
  1.23984182e-01  2.83526644e-01  1.43973095e-01  1.25280942e-01
  1.20577867e-01  1.12808536e-01  1.30564628e-01  1.45042848e-01
  2.75039820e-01  1.40857790e-01  1.22707604e-01  1.18106342e-01
  1.19624828e-01  1.30504450e-01  1.45351030e-01  2.67257324e-01
  1.40227223e-01  1.22877014e-01  1.17492134e-01  1.13352161e-01
  1.23635098e-01  1.38133256e-01  2.92892226e-01  1.53561321e-01
  1.34426699e-01  1.29180203e-01  1.24662909e-01  1.35855384e-01
  1.51402052e-01  0.00000000e+00  0.00000000e+00  0.00000000e+00
  0.00000000e+00  0.00000000e+00  0.00000000e+00  0.00000000e+00
  0.00000000e+00  0.00000000e+00  0.00000000e+00  0.00000000e+00
  0.00000000e+00  0.00000000e+00  0.00000000e+00  0.00000000e+00
  0.00000000e+00  0.00000000e+00  0.00000000e+00]

Diff = 
[2.50018570e-03 1.18212679e-02 4.62218158e-03 2.92664511e-03
 1.28063098e-02 4.62356458e-03 5.33717497e-04 9.44011458e-04
 3.07952094e-03 3.26759584e-03 1.31393908e-02 6.70321907e-03
 6.11963086e-03 2.58215702e-02 8.73599580e-03 6.64332674e-04
 4.23270220e-03 1.69084574e-06 5.38644656e-02 2.34170812e-02
 2.62791201e-02 3.15198293e-02 3.35769306e-02 2.93583222e-02
 2.98809367e-02 5.05438089e-02 1.86664392e-02 2.57426005e-02
 2.89096811e-02 2.98607728e-02 2.71912394e-02 2.66243966e-02
 5.37839089e-02 1.91956524e-02 2.71125800e-02 2.68897259e-02
 3.16386403e-02 2.84322773e-02 2.77198294e-02 8.00081345e-02
 3.03084148e-02 4.06100607e-02 2.13559224e-01 8.57276310e-02
 7.20952786e-02 7.10022568e-02 5.20717385e-02 9.52015858e-02
 1.03293632e-01 2.60216978e-01 1.21509790e-01 1.02500023e-01
 9.97553986e-02 7.13121551e-02 1.14826344e-01 1.23561754e-01
 2.51578043e-01 1.17248299e-01 9.77393179e-02 9.42188789e-02
 1.35690090e-01 2.65208345e-03 2.99490955e-02 1.55927088e-01
 3.32599684e-02 4.56990254e-03 1.40112309e-02 1.78501246e-01
 2.69838994e-02 5.45678564e-03 1.65040663e-01 2.80478443e-02
 5.65298799e-04 2.15639405e-02 1.17593994e-01 1.34065067e-01
 1.47986678e-01 5.05902805e-03 2.96891108e-02 1.27043760e-02
 1.40256071e-02 1.61457610e-01 9.79868287e-02 9.14439931e-02
 8.96132087e-02 1.04146597e-01 9.22638084e-02 1.00419799e-01
 1.24728950e-01 8.36211224e-02 7.24958916e-02 7.31168650e-02
 6.73187300e-02 6.53174876e-02 7.46882381e-02]

 Iteration 600:
############################
Gradient = 
[-0.00498925 -0.02165166 -0.0082368  -0.00553185 -0.02373202 -0.00914817
 -0.00396421 -0.01519465 -0.00842031 -0.00601743 -0.02474563 -0.01172463
 -0.00890108 -0.03665951 -0.0134147  -0.00229378 -0.00866843 -0.00481722
  0.04655721  0.02096056  0.02303528  0.02743821  0.02958242  0.02634274
  0.02568776  0.04920641  0.01877794  0.0254397   0.02806822  0.02926267
  0.02727213  0.0254842   0.06073493  0.02290487  0.03121728  0.03056766
  0.03602933  0.03353187  0.03077468  0.09348564  0.03719773  0.04875637
  0.0490713   0.05700727  0.05553427  0.0475157   0.04948374  0.02054008
  0.0259174   0.0280819   0.02830929  0.02926972  0.02505769  0.05044893
  0.02018662  0.02682761  0.02835037  0.02957328  0.03158146  0.02814458
  0.22090732  0.10695234  0.09111033  0.0860174   0.07781188  0.09465838
  0.10573628  0.26876674  0.12979529  0.11301622  0.10670516  0.09895479
  0.1154406   0.12954751 -0.01160021 -0.00809448 -0.00521139 -0.00296754
 -0.0419449  -0.02348581 -0.02545471 -0.16957025 -0.09928882 -0.09235089
 -0.08941229 -0.10418518 -0.09395847 -0.10198364 -0.13376047 -0.08665076
 -0.07501675 -0.07472677 -0.06288527 -0.0649911  -0.07479213]

Gradient approximate =
[ 7.33759014e-04  3.51469087e-03  1.25282374e-03  1.55077270e-03
  6.32871243e-03  1.84063627e-03  1.29552733e-04  9.03444199e-04
  3.58805825e-04  1.70692496e-03  6.47010432e-03  1.91967710e-03
  2.28302552e-03  9.45309421e-03  2.88233222e-03  1.29552926e-04
  5.89043436e-04  2.95025417e-04 -2.55225866e-02 -1.09520233e-02
 -1.37601774e-02 -1.43051219e-02 -1.58221008e-02 -1.55208561e-02
 -1.34138771e-02 -1.63467424e-02 -6.88438713e-03 -8.87194737e-03
 -9.19941241e-03 -1.03180749e-02 -1.01868191e-02 -8.67193653e-03
 -9.00417873e-03 -3.70354267e-03 -4.94758811e-03 -5.19728405e-03
 -5.85402538e-03 -5.77337000e-03 -4.86553823e-03 -1.02565802e-02
 -4.42061218e-03 -5.52384215e-03  2.15192980e-01  1.02451970e-01
  8.80071942e-02  8.25379705e-02  5.74875996e-02  8.48164103e-02
  9.46574605e-02  2.56366371e-01  1.19122632e-01  1.01498380e-01
  9.61997327e-02  7.89036147e-02  1.07572516e-01  1.19695447e-01
  2.40727373e-01  1.12531044e-01  9.59914432e-02  9.11477622e-02
  9.26281004e-02  1.09044217e-01  1.22026943e-01  2.39140751e-01
  1.18072570e-01  1.02223040e-01  9.55284297e-02  8.71102123e-02
  1.02903919e-01  1.15676829e-01  2.68206233e-01  1.32614373e-01
  1.14793681e-01  1.08071253e-01  9.87435502e-02  1.16125306e-01
  1.30068952e-01  0.00000000e+00  0.00000000e+00  0.00000000e+00
  0.00000000e+00  0.00000000e+00  0.00000000e+00  0.00000000e+00
  0.00000000e+00  0.00000000e+00  0.00000000e+00  0.00000000e+00
  0.00000000e+00  0.00000000e+00  0.00000000e+00  0.00000000e+00
  0.00000000e+00  0.00000000e+00  0.00000000e+00]

Diff = 
[0.00572301 0.02516636 0.00948962 0.00708262 0.03006074 0.0109888
 0.00409376 0.0160981  0.00877912 0.00772435 0.03121573 0.01364431
 0.01118411 0.0461126  0.01629703 0.00242333 0.00925747 0.00511225
 0.0720798  0.03191259 0.03679545 0.04174333 0.04540452 0.04186359
 0.03910163 0.06555315 0.02566232 0.03431165 0.03726764 0.03958074
 0.03745895 0.03415613 0.06973911 0.02660841 0.03616487 0.03576494
 0.04188336 0.03930524 0.03564022 0.10374222 0.04161834 0.05428021
 0.16612168 0.0454447  0.03247292 0.03502227 0.00800386 0.06427633
 0.06874006 0.22828447 0.09081335 0.07222866 0.07114204 0.02845469
 0.0873859  0.09286783 0.21237701 0.08295776 0.06440998 0.06300319
 0.12827922 0.00209187 0.03091662 0.15312335 0.04026069 0.00756466
 0.01020785 0.18165652 0.02689137 0.00266061 0.16150108 0.03365958
 0.00064692 0.02147625 0.11034376 0.12421978 0.13528035 0.00296754
 0.0419449  0.02348581 0.02545471 0.16957025 0.09928882 0.09235089
 0.08941229 0.10418518 0.09395847 0.10198364 0.13376047 0.08665076
 0.07501675 0.07472677 0.06288527 0.0649911  0.07479213]

 Iteration 700:
############################
Gradient = 
[-0.00756636 -0.03196753 -0.01239503 -0.00857382 -0.03572338 -0.01415817
 -0.00693883 -0.02719405 -0.01340075 -0.00904677 -0.03624163 -0.01681549
 -0.01168055 -0.04671117 -0.01802042 -0.00523707 -0.02088721 -0.00980333
  0.04954417  0.02346399  0.02595144  0.02979325  0.03248497  0.02992533
  0.02759425  0.05250284  0.02131119  0.02832427  0.03049605  0.03226934
  0.03087108  0.02749248  0.06333726  0.02542005  0.0340295   0.03286366
  0.03887591  0.03713997  0.03252618  0.09200841  0.03917424  0.05048208
  0.04965281  0.05814588  0.05795189  0.04746179  0.05202096  0.02311786
  0.02880769  0.03031205  0.0312084   0.03286502  0.02687004  0.05305615
  0.02289172  0.02983003  0.03067914  0.03256559  0.03527942  0.02997177
  0.18911166  0.08251391  0.06842212  0.06259868  0.05189463  0.07255814
  0.08166592  0.24646226  0.10916287  0.09356337  0.08603716  0.07399394
  0.0959939   0.10844233 -0.01512035 -0.00966103 -0.00647567 -0.00373316
 -0.04620777 -0.02613686 -0.02797993 -0.1710211  -0.09540766 -0.08863959
 -0.08460036 -0.0999252  -0.09096413 -0.09846719 -0.13550213 -0.08420447
 -0.07266221 -0.0714262  -0.05399476 -0.0600009  -0.06981738]

Gradient approximate =
[ 0.0021043   0.0090015   0.00292661  0.00327854  0.01315803  0.00394695
  0.00155994  0.00654254  0.00208382  0.00345549  0.01305676  0.00395102
  0.00426921  0.01707599  0.00526013  0.0013614   0.0054782   0.00177058
 -0.03476378 -0.0159853  -0.01996472 -0.02035471 -0.02274593 -0.02277023
 -0.0189059  -0.0226342  -0.01034964 -0.01315722 -0.01337643 -0.01510542
 -0.01520327 -0.01245057 -0.01554412 -0.00708433 -0.00912257 -0.00932092
 -0.01053342 -0.01060224 -0.00863932 -0.01805889 -0.00833483 -0.01033802
  0.17860955  0.0739016   0.06105347  0.05578654  0.02683982  0.05986036
  0.0672071   0.23020853  0.0947713   0.0781214   0.07263093  0.0476131
  0.08457674  0.09436674  0.20846218  0.08567403  0.07057299  0.06613405
  0.06886558  0.08900114  0.10020007  0.21191529  0.09665125  0.08231319
  0.07456996  0.06319615  0.08279327  0.09387488  0.24391942  0.11197238
  0.0955424   0.08763132  0.07475083  0.09664004  0.10896327  0.
  0.          0.          0.          0.          0.          0.
  0.          0.          0.          0.          0.          0.
  0.          0.          0.          0.          0.        ]

Diff = 
[0.00967066 0.04096903 0.01532164 0.01185236 0.04888141 0.01810512
 0.00849877 0.03373659 0.01548457 0.01250227 0.04929839 0.02076651
 0.01594976 0.06378716 0.02328055 0.00659847 0.02636542 0.01157392
 0.08430795 0.03944929 0.04591616 0.05014796 0.0552309  0.05269555
 0.04650015 0.07513704 0.03166083 0.04148149 0.04387248 0.04737476
 0.04607435 0.03994305 0.07888138 0.03250439 0.04315207 0.04218458
 0.04940933 0.04774221 0.0411655  0.11006729 0.04750908 0.0608201
 0.12895674 0.01575572 0.00310158 0.00832475 0.02518114 0.0367425
 0.03839941 0.19989648 0.0635629  0.04525637 0.04576089 0.00544305
 0.06168502 0.06453672 0.17778304 0.05310844 0.03529357 0.03616228
 0.12024608 0.00648724 0.03177796 0.14931661 0.04475663 0.00975505
 0.00709596 0.18326611 0.0263696  0.00031152 0.15788226 0.03797843
 0.0004515  0.02081101 0.08987118 0.10630107 0.11543893 0.00373316
 0.04620777 0.02613686 0.02797993 0.1710211  0.09540766 0.08863959
 0.08460036 0.0999252  0.09096413 0.09846719 0.13550213 0.08420447
 0.07266221 0.0714262  0.05399476 0.0600009  0.06981738]

 Iteration 800:
############################
Gradient = 
[-0.00942906 -0.03877649 -0.01542706 -0.01039729 -0.04177489 -0.0172076
 -0.00887681 -0.03403294 -0.01662311 -0.01054103 -0.04045807 -0.01931544
 -0.01260052 -0.04822477 -0.01970741 -0.00740807 -0.02910281 -0.01342177
  0.04843193  0.02463106  0.02698857  0.03025626  0.03300499  0.0309329
  0.0278828   0.05172862  0.02251126  0.02937641  0.03106652  0.0329723
  0.03200956  0.02788718  0.06102818  0.02627927  0.03456698  0.03287286
  0.03887251  0.03767609  0.03230982  0.08010291  0.03682968  0.04645994
  0.044741    0.05244963  0.05284071  0.04258452  0.04919967  0.02380022
  0.02905779  0.02996298  0.03084371  0.03288365  0.02642249  0.05021097
  0.0236844   0.03015164  0.03038344  0.03222869  0.03532655  0.02951311
  0.16489613  0.0625864   0.04984964  0.04363601  0.03226862  0.05467709
  0.06210993  0.22826106  0.09093712  0.07638323  0.06806449  0.05390221
  0.07901005  0.08989544 -0.00833528 -0.0064285  -0.00365572 -0.00078285
 -0.0468364  -0.02414262 -0.02532483 -0.16828746 -0.08850788 -0.08233432
 -0.07744709 -0.09476175 -0.0854789  -0.09216395 -0.13265178 -0.07847137
 -0.0674948  -0.06557468 -0.04432953 -0.05271945 -0.06218887]

Gradient approximate =
[ 0.00370318  0.01533386  0.00486169  0.00508923  0.02011357  0.00612336
  0.00320885  0.01288052  0.00405336  0.00519509  0.01937571  0.00595169
  0.00600247  0.02330846  0.0072531   0.00291206  0.01154021  0.00362595
 -0.04149558 -0.02084996 -0.02571215 -0.02579371 -0.02884681 -0.02922765
 -0.02384162 -0.02702303 -0.01363379 -0.01703029 -0.01703499 -0.01920422
 -0.01954511 -0.01575934 -0.01964768 -0.00993502 -0.01247701 -0.01251465
 -0.01409636 -0.014345   -0.01154616 -0.02188044 -0.01100212 -0.01348074
  0.15140745  0.05187142  0.04019781  0.03512411  0.00438386  0.0394801
  0.04482306  0.20874432  0.07360349  0.05780932  0.052305    0.02299919
  0.06423877  0.07196935  0.18290128  0.06337122  0.04941067  0.04559894
  0.05112571  0.07284532  0.08252746  0.18973982  0.07843854  0.06542006
  0.05703403  0.04475528  0.06587814  0.07542636  0.22361584  0.09396365
  0.07881143  0.0701229   0.05583785  0.07985212  0.09067164  0.
  0.          0.          0.          0.          0.          0.
  0.          0.          0.          0.          0.          0.
  0.          0.          0.          0.          0.        ]

Diff = 
[0.01313224 0.05411035 0.02028875 0.01548652 0.06188846 0.02333097
 0.01208566 0.04691346 0.02067647 0.01573612 0.05983379 0.02526713
 0.01860298 0.07153323 0.02696051 0.01032013 0.04064302 0.01704772
 0.0899275  0.04548102 0.05270071 0.05604997 0.0618518  0.06016055
 0.05172442 0.07875166 0.03614505 0.04640671 0.04810151 0.05217652
 0.05155467 0.04364652 0.08067587 0.03621429 0.04704399 0.04538751
 0.05296888 0.05202108 0.04385598 0.10198335 0.04783179 0.05994068
 0.10666645 0.00057821 0.01264291 0.00746041 0.04481581 0.01567988
 0.01576527 0.17878135 0.04275978 0.02492567 0.0258825  0.02721178
 0.04055437 0.04181771 0.15251784 0.03114253 0.01408413 0.01608582
 0.11377042 0.01025892 0.03267782 0.14610381 0.04616992 0.01074297
 0.0050759  0.18350578 0.02505898 0.00095688 0.15555135 0.04006144
 0.00019863 0.01977254 0.06417313 0.08628062 0.09432737 0.00078285
 0.0468364  0.02414262 0.02532483 0.16828746 0.08850788 0.08233432
 0.07744709 0.09476175 0.0854789  0.09216395 0.13265178 0.07847137
 0.0674948  0.06557468 0.04432953 0.05271945 0.06218887]

 Iteration 900:
############################
Gradient = 
[-0.01004504 -0.04000736 -0.01650189 -0.01058109 -0.04061753 -0.01763515
 -0.00935259 -0.03440753 -0.01743959 -0.0103584  -0.03760644 -0.01903742
 -0.01179084 -0.04267146 -0.01865472 -0.00827903 -0.03143987 -0.01486872
  0.04420347  0.0241718   0.0258218   0.02866461  0.03099342  0.02913228
  0.02644866  0.04778922  0.0221106   0.02829118  0.02962795  0.03121049
  0.03043324  0.02657831  0.05515384  0.02525365  0.03258436  0.03053567
  0.0359793   0.035001    0.03012086  0.0645401   0.0316998   0.03889007
  0.03679634  0.0429569   0.04331052  0.03519448  0.04308119  0.02260777
  0.02678509  0.02734015  0.02763843  0.02970391  0.02404753  0.04386915
  0.02249133  0.02779365  0.02766341  0.02887267  0.03198229  0.02700289
  0.14943215  0.04775797  0.03599636  0.02976825  0.01908654  0.04161155
  0.04769915  0.21540324  0.07613287  0.06245666  0.05384655  0.03951332
  0.06555558  0.07506449  0.00365404 -0.00166303  0.00028032  0.00283042
 -0.0470277  -0.02067739 -0.02095002 -0.16282671 -0.08034968 -0.07510147
 -0.06983738 -0.09080319 -0.07924226 -0.08491289 -0.12724239 -0.0714591
 -0.06141893 -0.05933179 -0.03634818 -0.0451508  -0.05400756]

Gradient approximate =
[ 0.00514917  0.02091468  0.00657821  0.00649999  0.0252161   0.00776419
  0.00461429  0.01804753  0.00569267  0.00646928  0.02367126  0.00736623
  0.00711927  0.02681668  0.00843149  0.00433987  0.01697424  0.00531315
 -0.04578114 -0.02520073 -0.03045538 -0.03021893 -0.03355988 -0.03417208
 -0.02795759 -0.02954266 -0.01644438 -0.02005344 -0.01984334 -0.02216919
 -0.02265657 -0.0183689  -0.02158853 -0.01205907 -0.01473108 -0.01460593
 -0.01628934 -0.01664063 -0.01349706 -0.02278558 -0.01250765 -0.01504256
  0.13453629  0.03664781  0.02585631  0.02082137 -0.01001687  0.02440396
  0.02834056  0.1933912   0.05681569  0.04180018  0.03633882  0.00589652
  0.0478732   0.05402905  0.16553764  0.04658385  0.03347868  0.03012946
  0.03925829  0.06107754  0.06959014  0.17422103  0.06437779  0.05242824
  0.04387504  0.03229396  0.05313734  0.06138911  0.20889034  0.07962294
  0.06554192  0.0565232   0.04260843  0.06681262  0.07634918  0.
  0.          0.          0.          0.          0.          0.
  0.          0.          0.          0.          0.          0.
  0.          0.          0.          0.          0.        ]

Diff = 
[1.51942059e-02 6.09220426e-02 2.30800993e-02 1.70810792e-02
 6.58336317e-02 2.53993403e-02 1.39668727e-02 5.24550642e-02
 2.31322643e-02 1.68276846e-02 6.12776983e-02 2.64036556e-02
 1.89101052e-02 6.94881399e-02 2.70862178e-02 1.26188955e-02
 4.84141133e-02 2.01818705e-02 8.99846121e-02 4.93725334e-02
 5.62771720e-02 5.88835377e-02 6.45532932e-02 6.33043593e-02
 5.44062483e-02 7.73318729e-02 3.85549841e-02 4.83446254e-02
 4.94712955e-02 5.33796885e-02 5.30898168e-02 4.49472157e-02
 7.67423755e-02 3.73127243e-02 4.73154408e-02 4.51416013e-02
 5.22686444e-02 5.16416292e-02 4.36179199e-02 8.73256719e-02
 4.42074508e-02 5.39326366e-02 9.77399468e-02 6.30908315e-03
 1.74542114e-02 1.43731128e-02 5.30980628e-02 1.79619153e-03
 1.55547492e-03 1.66051052e-01 2.91772618e-02 1.20962704e-02
 1.22912891e-02 3.79726213e-02 2.53818645e-02 2.62354058e-02
 1.37874228e-01 1.77111817e-02 1.49639069e-03 3.12656897e-03
 1.10173856e-01 1.33195660e-02 3.35937766e-02 1.44452783e-01
 4.52912581e-02 1.08166869e-02 3.82411445e-03 1.83109276e-01
 2.29955345e-02 1.06754960e-03 1.55043791e-01 4.01096247e-02
 1.36593969e-05 1.85412834e-02 3.89543883e-02 6.84756445e-02
 7.60688641e-02 2.83042135e-03 4.70276990e-02 2.06773884e-02
 2.09500221e-02 1.62826709e-01 8.03496824e-02 7.51014725e-02
 6.98373839e-02 9.08031863e-02 7.92422601e-02 8.49128941e-02
 1.27242392e-01 7.14591038e-02 6.14189287e-02 5.93317929e-02
 3.63481778e-02 4.51508030e-02 5.40075569e-02]

 