Iteration 0:
############################
Gradient = 
[-1.31659278e-05  8.23006776e-04  5.18939743e-04 -1.03166002e-06
 -3.72188608e-04  1.06678904e-04 -9.73915870e-07  1.32867978e-03
  6.58688743e-05 -9.30878148e-07 -1.33765392e-03 -1.31501572e-03
  1.58089831e-05  1.44729278e-03  1.01722506e-03 -7.27619665e-06
  1.26416858e-03  4.80062639e-04  4.81208912e-04 -1.16126440e-03
  5.50294721e-05  7.27536813e-04  1.37547095e-04  1.26966877e-03
 -8.16952765e-04 -7.64269124e-04 -3.84658648e-04 -2.16856586e-04
 -3.24122780e-04 -1.75070901e-04 -9.73721851e-04 -1.23955946e-04
 -2.14558097e-04  6.57473938e-04 -3.43529044e-04  4.44667920e-04
 -2.37213760e-04 -7.58127306e-04 -1.62460426e-03 -1.06261000e-05
 -8.84071507e-04 -1.29139649e-03  1.39918321e-03 -7.02223454e-04
  6.79389715e-04  9.54150280e-04  4.79760130e-05  8.59950408e-04
  1.50401496e-03  1.07998989e-04  6.42790704e-05  8.23876986e-04
 -2.79953143e-05 -2.55538992e-05 -1.36239905e-03  3.80465671e-04
  1.21838534e-03 -1.39794425e-03 -3.54864881e-04 -6.39673889e-04
 -7.06061686e-03 -2.32574636e-03 -2.71917184e-03 -2.81355055e-03
 -4.39899610e-03 -2.58709709e-03 -3.20993998e-03  1.73721449e-02
  1.01729489e-02  7.54869639e-03  8.64932737e-03  7.68980308e-03
  1.07316296e-02  9.24595156e-03  1.65179589e-03  8.28692753e-04
  1.71749653e-03 -5.08719151e-04  2.07860610e-03 -5.03910055e-04
 -4.99220496e-04  7.51902135e-04  3.14620312e-05  6.94665969e-04
  1.47470590e-04  6.91471665e-04  1.33204257e-03  5.94189964e-04
  1.23725408e-02  6.32296823e-03  5.65751662e-03  5.98982666e-03
  6.43699936e-03  6.56712573e-03  4.65864695e-03 -8.53413751e-03
 -5.63944515e-03 -3.37592997e-03 -4.56980666e-03 -4.36205809e-03
 -3.61426298e-03 -3.80486555e-03  2.78761060e-01  1.42021759e-01
  1.48706248e-01  1.37143790e-01  1.35087704e-01  1.38202005e-01
  1.42609806e-01  3.08445382e-01  1.57311260e-01  1.63237488e-01
  1.52416121e-01  1.51983814e-01  1.50943256e-01  1.59290521e-01
  2.89190269e-01  1.46292883e-01  1.54327552e-01  1.41360061e-01
  1.40785422e-01  1.43111896e-01  1.47900689e-01  3.01857670e-01
  1.52417464e-01  1.61218613e-01  1.46575443e-01  1.48659109e-01
  1.49066799e-01  1.56832774e-01  2.86985379e-01  1.44509914e-01
  1.52573785e-01  1.41335389e-01  1.41378882e-01  1.41708688e-01
  1.47359318e-01]

Gradient approximate =
[-3.26400462e-06  1.40097045e-05  3.38221229e-06  4.33230340e-06
  2.27219177e-05  1.46540002e-05 -2.34280506e-05 -7.85007903e-05
 -3.28332672e-05  1.11205378e-05  3.57012464e-05  7.48073381e-06
 -8.92211860e-06 -3.22672311e-05 -4.01280564e-06 -1.21312516e-06
  1.62776037e-05  3.94176913e-06  9.63642055e-05  3.54212570e-05
  4.75590300e-05  4.78913398e-05  5.42570122e-05  5.10988207e-05
  3.91789334e-05  2.87267365e-05  2.43204701e-05  1.03173581e-05
  3.08638781e-05  5.38027400e-07  2.73844836e-05  3.15754867e-05
 -4.82021314e-04 -2.59517541e-04 -2.27700725e-04 -2.84029780e-04
 -1.99941004e-04 -3.02142500e-04 -2.99299339e-04 -7.88451946e-04
 -4.36488250e-04 -3.76961442e-04  3.35019115e-01  1.87681118e-01
  1.64603690e-01  1.70110912e-01  1.77257368e-01  1.73720558e-01
  1.51856218e-01  3.12784051e-01  1.73096837e-01  1.54560885e-01
  1.58872588e-01  1.64478472e-01  1.63148568e-01  1.42651452e-01
  3.14242678e-01  1.74563397e-01  1.55177378e-01  1.59740979e-01
  1.65565857e-01  1.63592414e-01  1.43015728e-01  3.30023760e-01
  1.83685405e-01  1.62885268e-01  1.67795128e-01  1.74122835e-01
  1.71673400e-01  1.50034195e-01  3.31064874e-01  1.83742755e-01
  1.63603459e-01  1.68345228e-01  1.74303449e-01  1.72385595e-01
  1.50713386e-01  1.23711481e-02  6.22716292e-03  6.34696024e-03
  6.28373961e-03  6.08448197e-03  6.68779709e-03  5.84941185e-03
  0.00000000e+00  0.00000000e+00  0.00000000e+00  0.00000000e+00
  0.00000000e+00  0.00000000e+00  0.00000000e+00  0.00000000e+00
  0.00000000e+00  0.00000000e+00  0.00000000e+00  0.00000000e+00
  0.00000000e+00  0.00000000e+00  0.00000000e+00  0.00000000e+00
  0.00000000e+00  0.00000000e+00  0.00000000e+00  0.00000000e+00
  0.00000000e+00  0.00000000e+00  0.00000000e+00  0.00000000e+00
  0.00000000e+00  0.00000000e+00  0.00000000e+00  0.00000000e+00
  0.00000000e+00  0.00000000e+00  0.00000000e+00  0.00000000e+00
  0.00000000e+00  0.00000000e+00  0.00000000e+00  0.00000000e+00
  0.00000000e+00  0.00000000e+00  0.00000000e+00  0.00000000e+00
  0.00000000e+00  0.00000000e+00  0.00000000e+00  0.00000000e+00
  0.00000000e+00  0.00000000e+00  0.00000000e+00  0.00000000e+00
  0.00000000e+00  0.00000000e+00  0.00000000e+00  0.00000000e+00
  0.00000000e+00]

Diff = 
[9.90192314e-06 8.08997071e-04 5.15557530e-04 5.36396342e-06
 3.94910525e-04 9.20249038e-05 2.24541347e-05 1.40718057e-03
 9.87021415e-05 1.20514160e-05 1.37335516e-03 1.32249646e-03
 2.47311017e-05 1.47956001e-03 1.02123786e-03 6.06307149e-06
 1.24789098e-03 4.76120870e-04 3.84844706e-04 1.19668566e-03
 7.47044204e-06 6.79645473e-04 8.32900824e-05 1.21856995e-03
 8.56131698e-04 7.92995860e-04 4.08979118e-04 2.27173944e-04
 3.54986658e-04 1.75608928e-04 1.00110633e-03 1.55531432e-04
 2.67463217e-04 9.16991479e-04 1.15828319e-04 7.28697700e-04
 3.72727567e-05 4.55984806e-04 1.32530492e-03 7.77825846e-04
 4.47583257e-04 9.14435051e-04 3.33619932e-01 1.88383342e-01
 1.63924300e-01 1.69156762e-01 1.77209392e-01 1.72860608e-01
 1.50352203e-01 3.12676052e-01 1.73032558e-01 1.53737008e-01
 1.58900583e-01 1.64504026e-01 1.64510967e-01 1.42270987e-01
 3.13024293e-01 1.75961341e-01 1.55532243e-01 1.60380653e-01
 1.72626473e-01 1.65918160e-01 1.45734900e-01 3.32837311e-01
 1.88084401e-01 1.65472365e-01 1.71005068e-01 1.56750690e-01
 1.61500451e-01 1.42485499e-01 3.22415547e-01 1.76052952e-01
 1.52871829e-01 1.59099276e-01 1.72651653e-01 1.71556902e-01
 1.48995890e-01 1.28798672e-02 4.14855682e-03 6.85087030e-03
 6.78296010e-03 5.33257984e-03 6.65633506e-03 5.15474588e-03
 1.47470590e-04 6.91471665e-04 1.33204257e-03 5.94189964e-04
 1.23725408e-02 6.32296823e-03 5.65751662e-03 5.98982666e-03
 6.43699936e-03 6.56712573e-03 4.65864695e-03 8.53413751e-03
 5.63944515e-03 3.37592997e-03 4.56980666e-03 4.36205809e-03
 3.61426298e-03 3.80486555e-03 2.78761060e-01 1.42021759e-01
 1.48706248e-01 1.37143790e-01 1.35087704e-01 1.38202005e-01
 1.42609806e-01 3.08445382e-01 1.57311260e-01 1.63237488e-01
 1.52416121e-01 1.51983814e-01 1.50943256e-01 1.59290521e-01
 2.89190269e-01 1.46292883e-01 1.54327552e-01 1.41360061e-01
 1.40785422e-01 1.43111896e-01 1.47900689e-01 3.01857670e-01
 1.52417464e-01 1.61218613e-01 1.46575443e-01 1.48659109e-01
 1.49066799e-01 1.56832774e-01 2.86985379e-01 1.44509914e-01
 1.52573785e-01 1.41335389e-01 1.41378882e-01 1.41708688e-01
 1.47359318e-01]

 Iteration 100:
############################
Gradient = 
[-3.20342495e-06  8.65328835e-04  5.29685923e-04  4.23576425e-06
 -3.50962407e-04  1.25929639e-04 -2.33228758e-05  1.22987034e-03
  3.50381877e-05  1.04701557e-05 -1.27584420e-03 -1.28299295e-03
 -8.95113580e-06  1.32305773e-03  9.72944428e-04 -6.72244449e-07
  1.29599495e-03  4.80340503e-04  6.49332498e-05 -1.38283763e-03
 -1.32396488e-04  4.51386715e-04 -1.24038613e-05  9.74936018e-04
 -1.07275079e-03 -1.13762844e-05  3.71530919e-05  1.28031748e-04
  1.41840388e-04  1.21497743e-04 -4.85536131e-04  3.41494819e-04
 -4.97827364e-04  4.94070515e-04 -4.69117099e-04  2.70353804e-04
 -3.47892375e-04 -9.20992896e-04 -1.76999026e-03 -7.83941632e-04
 -1.28417321e-03 -1.63120828e-03  9.29239477e-04 -1.01286303e-03
  2.03482295e-04  4.85770491e-04 -5.57941164e-04  5.24091449e-04
  1.20289148e-03 -2.50295410e-04 -1.93542010e-04  4.49158865e-04
 -3.84751591e-04 -5.67496911e-05 -1.35890047e-03  3.61495416e-04
  1.17981868e-03 -1.39127814e-03 -3.68036971e-04 -6.49498422e-04
 -2.02281174e-02 -1.08615356e-02 -9.70269702e-03 -9.33955464e-03
 -9.17622794e-03 -1.01113223e-02 -8.10001431e-03  1.99085032e-02
  1.00606650e-02  1.10099497e-02  1.00770473e-02  9.15597489e-03
  9.43817333e-03  9.80489274e-03  8.15695549e-03  2.73199520e-03
  3.85674005e-03  3.53504732e-03  3.05973464e-03  5.80276867e-03
  4.91482994e-03  2.12548824e-03  2.69818102e-04  2.46860323e-03
  1.32381048e-03  1.85850908e-03  2.44340474e-03 -5.31580057e-04
  1.23819130e-02  5.21692910e-03  7.55606653e-03  7.18860851e-03
  6.38293280e-03  6.65138228e-03  6.66770168e-03  1.17120543e-02
  7.11394838e-03  4.53272019e-03  4.60996700e-03  4.48526240e-03
  5.97790362e-03  5.80773680e-03  3.55555288e-01  1.97288335e-01
  1.76169896e-01  1.83557133e-01  1.88704417e-01  1.82855934e-01
  1.61895175e-01  2.93452441e-01  1.63434164e-01  1.45626224e-01
  1.50647436e-01  1.54421155e-01  1.48908076e-01  1.32807705e-01
  3.10770454e-01  1.71650988e-01  1.53064669e-01  1.58982081e-01
  1.63259968e-01  1.60488568e-01  1.41295526e-01  3.27744409e-01
  1.81687022e-01  1.63141339e-01  1.68559763e-01  1.74004206e-01
  1.69081797e-01  1.46346646e-01  3.10610062e-01  1.71923957e-01
  1.54509916e-01  1.60402463e-01  1.64423721e-01  1.58974483e-01
  1.40977680e-01]

Gradient approximate =
[-1.24293931e-05 -5.76122083e-05 -1.39008405e-05 -6.95765223e-06
 -6.52521481e-05 -1.37547218e-05  1.79042159e-05  9.91184401e-05
  2.50840371e-05 -1.38248146e-05 -8.20757085e-05 -2.66690914e-05
 -1.54273172e-05 -7.17836901e-05 -1.44089740e-05 -4.13487689e-06
  1.18060672e-05  1.26847866e-06 -1.35501625e-04 -9.61782631e-05
 -5.88053761e-05 -9.82080417e-05 -3.48303497e-05 -9.97118188e-05
 -1.07811597e-04  7.35377961e-04  4.03258000e-04  3.43912256e-04
  4.43676025e-04  3.06647381e-04  4.52419939e-04  4.47663697e-04
  3.05647234e-04  1.74335917e-04  1.40416325e-04  1.90546421e-04
  1.22272472e-04  1.89601774e-04  1.80273485e-04  1.70984358e-04
  1.02060420e-04  6.76888900e-05  3.47614647e-01  1.94025769e-01
  1.71447090e-01  1.77894163e-01  1.91040674e-01  1.66218229e-01
  1.78768217e-01  2.98862990e-01  1.66147760e-01  1.47499976e-01
  1.52718678e-01  1.64589609e-01  1.44302310e-01  1.53726665e-01
  3.25742550e-01  1.80673530e-01  1.61228950e-01  1.66717816e-01
  1.78010328e-01  1.57076797e-01  1.66629808e-01  3.64953608e-01
  2.02415894e-01  1.80435088e-01  1.86640099e-01  1.99585687e-01
  1.76237983e-01  1.86883890e-01  2.71275618e-01  1.51632314e-01
  1.33654756e-01  1.38755405e-01  1.49656315e-01  1.29642853e-01
  1.39810100e-01  1.72060182e-02  8.64500084e-03  8.84563947e-03
  8.76177491e-03  8.50085802e-03  9.30163691e-03  8.14829479e-03
  0.00000000e+00  0.00000000e+00  0.00000000e+00  0.00000000e+00
  0.00000000e+00  0.00000000e+00  0.00000000e+00  0.00000000e+00
  0.00000000e+00  0.00000000e+00  0.00000000e+00  0.00000000e+00
  0.00000000e+00  0.00000000e+00  0.00000000e+00  0.00000000e+00
  0.00000000e+00  0.00000000e+00  0.00000000e+00  0.00000000e+00
  0.00000000e+00  0.00000000e+00  0.00000000e+00  0.00000000e+00
  0.00000000e+00  0.00000000e+00  0.00000000e+00  0.00000000e+00
  0.00000000e+00  0.00000000e+00  0.00000000e+00  0.00000000e+00
  0.00000000e+00  0.00000000e+00  0.00000000e+00  0.00000000e+00
  0.00000000e+00  0.00000000e+00  0.00000000e+00  0.00000000e+00
  0.00000000e+00  0.00000000e+00  0.00000000e+00  0.00000000e+00
  0.00000000e+00  0.00000000e+00  0.00000000e+00  0.00000000e+00
  0.00000000e+00  0.00000000e+00  0.00000000e+00  0.00000000e+00
  0.00000000e+00]

Diff = 
[9.22596812e-06 9.22941043e-04 5.43586763e-04 1.11934165e-05
 2.85710259e-04 1.39684361e-04 4.12270917e-05 1.13075190e-03
 9.95415063e-06 2.42949703e-05 1.19376849e-03 1.25632386e-03
 6.47618140e-06 1.39484142e-03 9.87353402e-04 3.46263244e-06
 1.28418888e-03 4.79072024e-04 2.00434875e-04 1.28665936e-03
 7.35911116e-05 5.49594756e-04 2.24264884e-05 1.07464784e-03
 9.64939194e-04 7.46754245e-04 3.66104908e-04 2.15880509e-04
 3.01835637e-04 1.85149638e-04 9.37956070e-04 1.06168879e-04
 8.03474598e-04 3.19734598e-04 6.09533425e-04 7.98073830e-05
 4.70164847e-04 1.11059467e-03 1.95026375e-03 9.54925990e-04
 1.38623363e-03 1.69889717e-03 3.46685408e-01 1.95038632e-01
 1.71243608e-01 1.77408392e-01 1.91598615e-01 1.65694137e-01
 1.77565325e-01 2.99113285e-01 1.66341302e-01 1.47050818e-01
 1.53103429e-01 1.64646359e-01 1.45661210e-01 1.53365169e-01
 3.24562731e-01 1.82064808e-01 1.61596987e-01 1.67367314e-01
 1.98238445e-01 1.67938333e-01 1.76332505e-01 3.74293163e-01
 2.11592122e-01 1.90546411e-01 1.94740113e-01 1.79677184e-01
 1.66177318e-01 1.75873940e-01 2.61198571e-01 1.42476339e-01
 1.24216582e-01 1.28950512e-01 1.41499360e-01 1.26910858e-01
 1.35953360e-01 1.36709709e-02 5.58526620e-03 3.04287080e-03
 3.84694496e-03 6.37536979e-03 9.03181881e-03 5.67969156e-03
 1.32381048e-03 1.85850908e-03 2.44340474e-03 5.31580057e-04
 1.23819130e-02 5.21692910e-03 7.55606653e-03 7.18860851e-03
 6.38293280e-03 6.65138228e-03 6.66770168e-03 1.17120543e-02
 7.11394838e-03 4.53272019e-03 4.60996700e-03 4.48526240e-03
 5.97790362e-03 5.80773680e-03 3.55555288e-01 1.97288335e-01
 1.76169896e-01 1.83557133e-01 1.88704417e-01 1.82855934e-01
 1.61895175e-01 2.93452441e-01 1.63434164e-01 1.45626224e-01
 1.50647436e-01 1.54421155e-01 1.48908076e-01 1.32807705e-01
 3.10770454e-01 1.71650988e-01 1.53064669e-01 1.58982081e-01
 1.63259968e-01 1.60488568e-01 1.41295526e-01 3.27744409e-01
 1.81687022e-01 1.63141339e-01 1.68559763e-01 1.74004206e-01
 1.69081797e-01 1.46346646e-01 3.10610062e-01 1.71923957e-01
 1.54509916e-01 1.60402463e-01 1.64423721e-01 1.58974483e-01
 1.40977680e-01]

 Iteration 200:
############################
Gradient = 
[-3.18923902e-06  8.50990455e-04  5.21018814e-04  4.14864846e-06
 -3.45677260e-04  1.23133606e-04 -2.30219566e-05  1.21337119e-03
  3.52637078e-05  9.67465012e-06 -1.26088103e-03 -1.26483564e-03
 -8.92964883e-06  1.30231974e-03  9.58979409e-04  4.44034829e-08
  1.27723591e-03  4.73510611e-04  2.83566780e-05 -1.38159174e-03
 -1.47440740e-04  4.23246587e-04 -2.83618164e-05  9.38808821e-04
 -1.07815155e-03 -5.13031184e-05  1.48054818e-05  1.07609401e-04
  1.15877341e-04  1.03368723e-04 -5.02947229e-04  3.12340834e-04
 -5.15493766e-04  4.78025295e-04 -4.70601667e-04  2.56859908e-04
 -3.51501225e-04 -9.16742762e-04 -1.75303546e-03 -7.71444242e-04
 -1.25799186e-03 -1.60104986e-03  9.22826358e-04 -9.93180343e-04
  2.08530108e-04  4.86273202e-04 -5.50759547e-04  5.20131053e-04
  1.18834886e-03 -2.42407339e-04 -1.87570769e-04  4.46771366e-04
 -3.74788302e-04 -3.76494920e-05 -1.32733578e-03  3.64503695e-04
  1.17514331e-03 -1.36400237e-03 -3.49446931e-04 -6.26953717e-04
 -1.99464468e-02 -1.07081541e-02 -9.56094972e-03 -9.21438251e-03
 -9.03478990e-03 -9.96565342e-03 -7.98970505e-03  1.98274716e-02
  1.00257762e-02  1.09614312e-02  1.00520256e-02  9.12470064e-03
  9.41370447e-03  9.76641968e-03  7.93632212e-03  2.64287006e-03
  3.74873200e-03  3.43651440e-03  3.25593109e-03  5.84499366e-03
  4.95714811e-03  1.41108603e-03  4.79012216e-05  2.25244664e-03
  1.08238623e-03  1.20578767e-03  1.90558098e-03 -1.03447940e-03
  1.23827313e-02  5.08250767e-03  7.41514139e-03  7.04937404e-03
  6.26506514e-03  6.61039007e-03  6.61389913e-03  1.10931079e-02
  6.75734045e-03  4.12746878e-03  4.22718588e-03  4.15600751e-03
  5.63987311e-03  5.48218244e-03  3.55164216e-01  1.96973157e-01
  1.76052067e-01  1.85151879e-01  1.88738328e-01  1.79836068e-01
  1.60584036e-01  2.93814764e-01  1.63545917e-01  1.45862801e-01
  1.52326607e-01  1.54810470e-01  1.46788481e-01  1.32041732e-01
  3.15592740e-01  1.74256965e-01  1.55519291e-01  1.63063644e-01
  1.66324277e-01  1.60622054e-01  1.42623429e-01  3.28437406e-01
  1.82105600e-01  1.63706166e-01  1.70701096e-01  1.74290363e-01
  1.66686190e-01  1.45461759e-01  3.02614493e-01  1.67239589e-01
  1.50488466e-01  1.57680183e-01  1.60281994e-01  1.52446247e-01
  1.36360970e-01]

Gradient approximate =
[-1.45734513e-05 -6.69902001e-05 -1.66104419e-05 -6.74845069e-06
 -6.28255381e-05 -1.32467703e-05  2.04459716e-05  1.10159941e-04
  2.82199730e-05 -1.50050128e-05 -8.68538819e-05 -2.79682721e-05
 -1.38454204e-05 -6.44169273e-05 -1.24611743e-05 -6.10967277e-06
  1.84888549e-06 -1.43590029e-06 -4.69998307e-05 -4.60501237e-05
 -1.80442572e-05 -4.29697877e-05 -4.11806145e-07 -4.27090407e-05
 -5.20027910e-05  7.69890220e-04  4.22093924e-04  3.59991073e-04
  4.64482177e-04  3.21084215e-04  4.73768753e-04  4.68484200e-04
  3.48169653e-04  1.97774404e-04  1.60209563e-04  2.16438649e-04
  1.39696712e-04  2.16302396e-04  2.06460338e-04  2.12978311e-04
  1.24954216e-04  8.74887185e-05  3.47796453e-01  1.94003084e-01
  1.71633954e-01  1.77995437e-01  1.91064195e-01  1.66447296e-01
  1.82020314e-01  2.99169369e-01  1.66225325e-01  1.47731022e-01
  1.52893773e-01  1.64710201e-01  1.44553336e-01  1.56501283e-01
  3.25754155e-01  1.80593072e-01  1.61313896e-01  1.66745276e-01
  1.77935523e-01  1.57164287e-01  1.69404400e-01  3.64729782e-01
  2.02187045e-01  1.80399750e-01  1.86535253e-01  1.99386447e-01
  1.76236717e-01  1.89880698e-01  2.71715857e-01  1.51774076e-01
  1.33939072e-01  1.38976341e-01  1.49810342e-01  1.29959277e-01
  1.42531520e-01  1.70182095e-02  8.55508272e-03  8.74999205e-03
  8.67637231e-03  8.41435233e-03  9.19988920e-03  8.06461057e-03
  0.00000000e+00  0.00000000e+00  0.00000000e+00  0.00000000e+00
  0.00000000e+00  0.00000000e+00  0.00000000e+00  0.00000000e+00
  0.00000000e+00  0.00000000e+00  0.00000000e+00  0.00000000e+00
  0.00000000e+00  0.00000000e+00  0.00000000e+00  0.00000000e+00
  0.00000000e+00  0.00000000e+00  0.00000000e+00  0.00000000e+00
  0.00000000e+00  0.00000000e+00  0.00000000e+00  0.00000000e+00
  0.00000000e+00  0.00000000e+00  0.00000000e+00  0.00000000e+00
  0.00000000e+00  0.00000000e+00  0.00000000e+00  0.00000000e+00
  0.00000000e+00  0.00000000e+00  0.00000000e+00  0.00000000e+00
  0.00000000e+00  0.00000000e+00  0.00000000e+00  0.00000000e+00
  0.00000000e+00  0.00000000e+00  0.00000000e+00  0.00000000e+00
  0.00000000e+00  0.00000000e+00  0.00000000e+00  0.00000000e+00
  0.00000000e+00  0.00000000e+00  0.00000000e+00  0.00000000e+00
  0.00000000e+00]

Diff = 
[1.13842123e-05 9.17980655e-04 5.37629256e-04 1.08970992e-05
 2.82851721e-04 1.36380376e-04 4.34679282e-05 1.10321125e-03
 7.04373476e-06 2.46796629e-05 1.17402715e-03 1.23686737e-03
 4.91577154e-06 1.36673667e-03 9.71440584e-04 6.15407625e-06
 1.27538703e-03 4.74946512e-04 7.53565087e-05 1.33554161e-03
 1.29396483e-04 4.66216375e-04 2.79500103e-05 9.81517862e-04
 1.02614876e-03 8.21193339e-04 4.07288442e-04 2.52381671e-04
 3.48604836e-04 2.17715491e-04 9.76715982e-04 1.56143366e-04
 8.63663419e-04 2.80250891e-04 6.30811231e-04 4.04212588e-05
 4.91197936e-04 1.13304516e-03 1.95949579e-03 9.84422552e-04
 1.38294608e-03 1.68853858e-03 3.46873627e-01 1.94996264e-01
 1.71425424e-01 1.77509164e-01 1.91614955e-01 1.65927165e-01
 1.80831965e-01 2.99411777e-01 1.66412896e-01 1.47284250e-01
 1.53268562e-01 1.64747851e-01 1.45880672e-01 1.56136779e-01
 3.24579012e-01 1.81957074e-01 1.61663343e-01 1.67372229e-01
 1.97881969e-01 1.67872441e-01 1.78965350e-01 3.73944165e-01
 2.11221835e-01 1.90365403e-01 1.94524958e-01 1.79558976e-01
 1.66210941e-01 1.78919267e-01 2.61663832e-01 1.42649376e-01
 1.24525368e-01 1.29209921e-01 1.41874020e-01 1.27316406e-01
 1.38782788e-01 1.35816951e-02 5.29915163e-03 2.90499839e-03
 3.71922420e-03 7.00326630e-03 9.15198798e-03 5.81216393e-03
 1.08238623e-03 1.20578767e-03 1.90558098e-03 1.03447940e-03
 1.23827313e-02 5.08250767e-03 7.41514139e-03 7.04937404e-03
 6.26506514e-03 6.61039007e-03 6.61389913e-03 1.10931079e-02
 6.75734045e-03 4.12746878e-03 4.22718588e-03 4.15600751e-03
 5.63987311e-03 5.48218244e-03 3.55164216e-01 1.96973157e-01
 1.76052067e-01 1.85151879e-01 1.88738328e-01 1.79836068e-01
 1.60584036e-01 2.93814764e-01 1.63545917e-01 1.45862801e-01
 1.52326607e-01 1.54810470e-01 1.46788481e-01 1.32041732e-01
 3.15592740e-01 1.74256965e-01 1.55519291e-01 1.63063644e-01
 1.66324277e-01 1.60622054e-01 1.42623429e-01 3.28437406e-01
 1.82105600e-01 1.63706166e-01 1.70701096e-01 1.74290363e-01
 1.66686190e-01 1.45461759e-01 3.02614493e-01 1.67239589e-01
 1.50488466e-01 1.57680183e-01 1.60281994e-01 1.52446247e-01
 1.36360970e-01]

 Iteration 300:
############################
Gradient = 
[-3.21012107e-06  8.36137958e-04  5.12429480e-04  4.06919428e-06
 -3.40665800e-04  1.20396414e-04 -2.25663538e-05  1.19882213e-03
  3.57402685e-05  8.77209849e-06 -1.24727249e-03 -1.24714003e-03
 -8.85979248e-06  1.28259047e-03  9.45269684e-04  9.00691576e-07
  1.25965167e-03  4.67009264e-04 -1.23734813e-05 -1.38257738e-03
 -1.64211173e-04  3.93122919e-04 -4.58557427e-05  9.00735062e-04
 -1.08589427e-03 -9.13690829e-05 -7.22567424e-06  8.74112956e-05
  9.02794888e-05  8.53566595e-05 -5.20096801e-04  2.83614730e-04
 -5.34795822e-04  4.61355733e-04 -4.72833420e-04  2.42631030e-04
 -3.55776731e-04 -9.13516892e-04 -1.73727463e-03 -7.52290860e-04
 -1.22809224e-03 -1.56846510e-03  9.21195262e-04 -9.71795000e-04
  2.18331507e-04  4.91468060e-04 -5.39352878e-04  5.18764735e-04
  1.17587911e-03 -2.31768120e-04 -1.80308801e-04  4.47372485e-04
 -3.62094768e-04 -1.48557100e-05 -1.29403309e-03  3.69097759e-04
  1.17302940e-03 -1.33592611e-03 -3.28553990e-04 -6.02242211e-04
 -1.96353776e-02 -1.05406498e-02 -9.40476250e-03 -9.07403184e-03
 -8.87860950e-03 -9.80401925e-03 -7.86477225e-03  1.97759293e-02
  1.00060847e-02  1.09286318e-02  1.00419156e-02  9.10729892e-03
  9.40462176e-03  9.74142604e-03  7.74947692e-03  2.57045880e-03
  3.65800814e-03  3.35468417e-03  3.46405250e-03  5.90306620e-03
  5.01295812e-03  7.65608775e-04 -1.41803040e-04  2.06941371e-03
  8.73531819e-04  5.87720081e-04  1.40552423e-03 -1.50449272e-03
  1.24005635e-02  4.95728623e-03  7.28354484e-03  6.91932121e-03
  6.15858480e-03  6.57978112e-03  6.56942722e-03  1.05072137e-02
  6.41436341e-03  3.73873583e-03  3.85988101e-03  3.85278461e-03
  5.32283729e-03  5.17476755e-03  3.54774411e-01  1.96657646e-01
  1.75930528e-01  1.86713153e-01  1.88747497e-01  1.76842248e-01
  1.59318758e-01  2.94161681e-01  1.63647963e-01  1.46088587e-01
  1.53976482e-01  1.55171000e-01  1.44670877e-01  1.31301801e-01
  3.20283973e-01  1.76785713e-01  1.57907347e-01  1.67098271e-01
  1.69298372e-01  1.60629020e-01  1.43898754e-01  3.29125016e-01
  1.82517604e-01  1.64262579e-01  1.72817070e-01  1.74552449e-01
  1.64295121e-01  1.44610207e-01  2.94669364e-01  1.62587881e-01
  1.46485314e-01  1.54879109e-01  1.56138455e-01  1.46086671e-01
  1.31853736e-01]

Gradient approximate =
[-1.65344782e-05 -7.55539142e-05 -1.90860150e-05 -6.51606102e-06
 -6.03703421e-05 -1.27217414e-05  2.28153962e-05  1.20418744e-04
  3.11323745e-05 -1.60637459e-05 -9.11029607e-05 -2.91169910e-05
 -1.23077504e-05 -5.72779335e-05 -1.05735865e-05 -7.92840682e-06
 -7.36122274e-06 -3.93283406e-06  3.85796706e-05  2.22298624e-06
  2.14369278e-05  1.02086939e-05  3.31890404e-05  1.21135080e-05
  1.69438907e-06  8.02535829e-04  4.39806176e-04  3.75235347e-04
  4.84036626e-04  3.34915620e-04  4.93806795e-04  4.88032526e-04
  3.88616450e-04  2.19961687e-04  1.79072492e-04  2.40940745e-04
  1.56442965e-04  2.41544846e-04  2.31229849e-04  2.53065269e-04
  1.46709787e-04  1.06425162e-04  3.47959023e-01  1.93969027e-01
  1.71806128e-01  1.78082032e-01  1.91076733e-01  1.66660428e-01
  1.85209721e-01  2.99456672e-01  1.66291860e-01  1.47948928e-01
  1.53055000e-01  1.64818264e-01  1.44789224e-01  1.59227439e-01
  3.25748729e-01  1.80502647e-01  1.61386414e-01  1.66759326e-01
  1.77851562e-01  1.57238866e-01  1.72126973e-01  3.64496199e-01
  2.01952400e-01  1.80355879e-01  1.86421061e-01  1.99181321e-01
  1.76224486e-01  1.92819064e-01  2.72138470e-01  1.51905216e-01
  1.34211135e-01  1.39184908e-01  1.49954783e-01  1.30262253e-01
  1.45207079e-01  1.68193642e-02  8.45992433e-03  8.64913727e-03
  8.58520436e-03  8.32206333e-03  9.09212419e-03  7.97527538e-03
  0.00000000e+00  0.00000000e+00  0.00000000e+00  0.00000000e+00
  0.00000000e+00  0.00000000e+00  0.00000000e+00  0.00000000e+00
  0.00000000e+00  0.00000000e+00  0.00000000e+00  0.00000000e+00
  0.00000000e+00  0.00000000e+00  0.00000000e+00  0.00000000e+00
  0.00000000e+00  0.00000000e+00  0.00000000e+00  0.00000000e+00
  0.00000000e+00  0.00000000e+00  0.00000000e+00  0.00000000e+00
  0.00000000e+00  0.00000000e+00  0.00000000e+00  0.00000000e+00
  0.00000000e+00  0.00000000e+00  0.00000000e+00  0.00000000e+00
  0.00000000e+00  0.00000000e+00  0.00000000e+00  0.00000000e+00
  0.00000000e+00  0.00000000e+00  0.00000000e+00  0.00000000e+00
  0.00000000e+00  0.00000000e+00  0.00000000e+00  0.00000000e+00
  0.00000000e+00  0.00000000e+00  0.00000000e+00  0.00000000e+00
  0.00000000e+00  0.00000000e+00  0.00000000e+00  0.00000000e+00
  0.00000000e+00]

Diff = 
[1.33243572e-05 9.11691873e-04 5.31515495e-04 1.05852553e-05
 2.80295458e-04 1.33118156e-04 4.53817500e-05 1.07840339e-03
 4.60789406e-06 2.48358444e-05 1.15616953e-03 1.21802304e-03
 3.44795789e-06 1.33986840e-03 9.55843270e-04 8.82909840e-06
 1.26701289e-03 4.70942098e-04 5.09531519e-05 1.38480036e-03
 1.85648101e-04 3.82914225e-04 7.90447831e-05 8.88621554e-04
 1.08758866e-03 8.93904912e-04 4.47031850e-04 2.87824052e-04
 3.93757138e-04 2.49558960e-04 1.01390360e-03 2.04417795e-04
 9.23412272e-04 2.41394046e-04 6.51905912e-04 1.69028500e-06
 5.12219696e-04 1.15506174e-03 1.96850448e-03 1.00535613e-03
 1.37480203e-03 1.67489026e-03 3.47037828e-01 1.94940822e-01
 1.71587796e-01 1.77590564e-01 1.91616085e-01 1.66141663e-01
 1.84033842e-01 2.99688440e-01 1.66472169e-01 1.47501556e-01
 1.53417095e-01 1.64833119e-01 1.46083257e-01 1.58858341e-01
 3.24575700e-01 1.81838574e-01 1.61714968e-01 1.67361568e-01
 1.97486940e-01 1.67779516e-01 1.81531736e-01 3.73570230e-01
 2.10831009e-01 1.90159898e-01 1.94285833e-01 1.79405391e-01
 1.66218402e-01 1.81890432e-01 2.62096554e-01 1.42797917e-01
 1.24806513e-01 1.29443482e-01 1.42205306e-01 1.27691794e-01
 1.41549071e-01 1.34646800e-02 4.99587183e-03 2.74607107e-03
 3.57224624e-03 7.55645455e-03 9.23392723e-03 5.90586168e-03
 8.73531819e-04 5.87720081e-04 1.40552423e-03 1.50449272e-03
 1.24005635e-02 4.95728623e-03 7.28354484e-03 6.91932121e-03
 6.15858480e-03 6.57978112e-03 6.56942722e-03 1.05072137e-02
 6.41436341e-03 3.73873583e-03 3.85988101e-03 3.85278461e-03
 5.32283729e-03 5.17476755e-03 3.54774411e-01 1.96657646e-01
 1.75930528e-01 1.86713153e-01 1.88747497e-01 1.76842248e-01
 1.59318758e-01 2.94161681e-01 1.63647963e-01 1.46088587e-01
 1.53976482e-01 1.55171000e-01 1.44670877e-01 1.31301801e-01
 3.20283973e-01 1.76785713e-01 1.57907347e-01 1.67098271e-01
 1.69298372e-01 1.60629020e-01 1.43898754e-01 3.29125016e-01
 1.82517604e-01 1.64262579e-01 1.72817070e-01 1.74552449e-01
 1.64295121e-01 1.44610207e-01 2.94669364e-01 1.62587881e-01
 1.46485314e-01 1.54879109e-01 1.56138455e-01 1.46086671e-01
 1.31853736e-01]

 Iteration 400:
############################
Gradient = 
[-3.25868602e-06  8.20871933e-04  5.03934855e-04  3.99819239e-06
 -3.35886943e-04  1.17723517e-04 -2.19871682e-05  1.18599908e-03
  3.64140569e-05  7.78727574e-06 -1.23483319e-03 -1.22985835e-03
 -8.74867633e-06  1.26380282e-03  9.31800742e-04  1.86787729e-06
  1.24309562e-03  4.60791595e-04 -5.66139874e-05 -1.38539778e-03
 -1.82387944e-04  3.61445554e-04 -6.46210164e-05  8.61159955e-04
 -1.09553875e-03 -1.31650285e-04 -2.89822729e-05  6.73971796e-05
  6.50021613e-05  6.74207918e-05 -5.37028768e-04  2.55270618e-04
 -5.55555577e-04  4.44173018e-04 -4.75720505e-04  2.27791612e-04
 -3.60644927e-04 -9.11182321e-04 -1.72257535e-03 -7.27538035e-04
 -1.19516909e-03 -1.53395688e-03  9.23564583e-04 -9.49069721e-04
  2.32073698e-04  5.00563711e-04 -5.24371283e-04  5.19568758e-04
  1.16516130e-03 -2.18845531e-04 -1.71996297e-04  4.50473589e-04
 -3.47144453e-04  1.10791266e-05 -1.25934983e-03  3.75008690e-04
  1.17307009e-03 -1.30723970e-03 -3.05777665e-04 -5.75770618e-04
 -1.92974413e-02 -1.03603268e-02 -9.23546791e-03 -8.91982839e-03
 -8.70888976e-03 -9.62777839e-03 -7.72639651e-03  1.97494597e-02
  9.99940925e-03  1.09092351e-02  1.00444924e-02  9.10148163e-03
  9.40845497e-03  9.72777635e-03  7.59271328e-03  2.51290841e-03
  3.58261810e-03  3.28769414e-03  3.68185348e-03  5.97475558e-03
  5.08031439e-03  1.77259139e-04 -3.05454505e-04  1.91316210e-03
  6.91116006e-04 -1.83822019e-06  9.36642454e-04 -1.94733971e-03
  1.24291450e-02  4.83795938e-03  7.15784472e-03  6.79510661e-03
  6.05988139e-03  6.55589639e-03  6.53105820e-03  9.94858901e-03
  6.08194368e-03  3.36327931e-03  3.50496802e-03  3.57180318e-03
  5.02320782e-03  4.88233916e-03  3.54381251e-01  1.96337963e-01
  1.75802178e-01  1.88235205e-01  1.88724061e-01  1.73867544e-01
  1.58088651e-01  2.94491351e-01  1.63738239e-01  1.46301972e-01
  1.55592938e-01  1.55497108e-01  1.42550995e-01  1.30580326e-01
  3.24835982e-01  1.79231625e-01  1.60223820e-01  1.71075393e-01
  1.72171302e-01  1.60504974e-01  1.45112830e-01  3.29789948e-01
  1.82912051e-01  1.64801061e-01  1.74894951e-01  1.74775675e-01
  1.61895947e-01  1.43776555e-01  2.86762109e-01  1.57960668e-01
  1.42493722e-01  1.51992455e-01  1.51983345e-01  1.39883243e-01
  1.27440039e-01]

Gradient approximate =
[-1.83105842e-05 -8.32964764e-05 -2.13254858e-05 -6.26045216e-06
 -5.78836179e-05 -1.21792132e-05  2.50074295e-05  1.29875355e-04
  3.38157125e-05 -1.69986292e-05 -9.48141365e-05 -3.01126679e-05
 -1.08159393e-05 -5.03744646e-05 -8.74835315e-06 -9.59009538e-06
 -1.58233759e-05 -6.22182972e-06  1.21000598e-04  4.85263207e-05
  5.95237792e-05  6.12004780e-05  6.58537092e-05  6.46296572e-05
  5.31550293e-05  8.33150049e-04  4.56313451e-04  3.89565775e-04
  5.02247810e-04  3.48061520e-04  5.12443563e-04  5.06218940e-04
  4.26831583e-04  2.40821705e-04  1.96929801e-04  2.63967801e-04
  1.72433849e-04  2.65245146e-04  2.54498849e-04  2.91076705e-04
  1.67241894e-04  1.24417492e-04  3.48097757e-01  1.93919809e-01
  1.71960522e-01  1.78150618e-01  1.91074784e-01  1.66854646e-01
  1.88327536e-01  2.99721357e-01  1.66344419e-01  1.48151245e-01
  1.53199758e-01  1.64910885e-01  1.45007477e-01  1.61897595e-01
  3.25722324e-01  1.80399022e-01  1.61443776e-01  1.66757097e-01
  1.77755459e-01  1.57297922e-01  1.74789663e-01  3.64248173e-01
  2.01708233e-01  1.80300366e-01  1.86294238e-01  1.98966757e-01
  1.76198191e-01  1.95690321e-01  2.72540687e-01  1.52023228e-01
  1.34468956e-01  1.39378940e-01  1.50087379e-01  1.30549835e-01
  1.47829981e-01  1.66092399e-02  8.35942008e-03  8.54292774e-03
  8.48814263e-03  8.22379214e-03  8.97816725e-03  7.88013814e-03
  0.00000000e+00  0.00000000e+00  0.00000000e+00  0.00000000e+00
  0.00000000e+00  0.00000000e+00  0.00000000e+00  0.00000000e+00
  0.00000000e+00  0.00000000e+00  0.00000000e+00  0.00000000e+00
  0.00000000e+00  0.00000000e+00  0.00000000e+00  0.00000000e+00
  0.00000000e+00  0.00000000e+00  0.00000000e+00  0.00000000e+00
  0.00000000e+00  0.00000000e+00  0.00000000e+00  0.00000000e+00
  0.00000000e+00  0.00000000e+00  0.00000000e+00  0.00000000e+00
  0.00000000e+00  0.00000000e+00  0.00000000e+00  0.00000000e+00
  0.00000000e+00  0.00000000e+00  0.00000000e+00  0.00000000e+00
  0.00000000e+00  0.00000000e+00  0.00000000e+00  0.00000000e+00
  0.00000000e+00  0.00000000e+00  0.00000000e+00  0.00000000e+00
  0.00000000e+00  0.00000000e+00  0.00000000e+00  0.00000000e+00
  0.00000000e+00  0.00000000e+00  0.00000000e+00  0.00000000e+00
  0.00000000e+00]

Diff = 
[1.50518981e-05 9.04168410e-04 5.25260340e-04 1.02586446e-05
 2.78003325e-04 1.29902730e-04 4.69945977e-05 1.05612373e-03
 2.59834444e-06 2.47859049e-05 1.14001905e-03 1.19974568e-03
 2.06726293e-06 1.31417729e-03 9.40549095e-04 1.14579727e-05
 1.25891900e-03 4.67013425e-04 1.77614586e-04 1.43392410e-03
 2.41911724e-04 3.00245076e-04 1.30474726e-04 7.96530298e-04
 1.14869378e-03 9.64800334e-04 4.85295724e-04 3.22168596e-04
 4.37245649e-04 2.80640728e-04 1.04947233e-03 2.50948322e-04
 9.82387160e-04 2.03351313e-04 6.72650306e-04 3.61761887e-05
 5.33078777e-04 1.17642747e-03 1.97707420e-03 1.01861474e-03
 1.36241098e-03 1.65837437e-03 3.47174192e-01 1.94868878e-01
 1.71728448e-01 1.77650054e-01 1.91599155e-01 1.66335077e-01
 1.87162375e-01 2.99940203e-01 1.66516416e-01 1.47700771e-01
 1.53546902e-01 1.64899806e-01 1.46266827e-01 1.61522587e-01
 3.24549254e-01 1.81706262e-01 1.61749554e-01 1.67332868e-01
 1.97052901e-01 1.67658249e-01 1.84025131e-01 3.73168001e-01
 2.10417123e-01 1.89928144e-01 1.94020635e-01 1.79217297e-01
 1.66198782e-01 1.84781086e-01 2.62496194e-01 1.42921746e-01
 1.25060501e-01 1.29651163e-01 1.42494666e-01 1.28036927e-01
 1.44247363e-01 1.33215457e-02 4.67756660e-03 2.56817216e-03
 3.40782824e-03 8.04653300e-03 9.28362175e-03 5.96697604e-03
 6.91116006e-04 1.83822019e-06 9.36642454e-04 1.94733971e-03
 1.24291450e-02 4.83795938e-03 7.15784472e-03 6.79510661e-03
 6.05988139e-03 6.55589639e-03 6.53105820e-03 9.94858901e-03
 6.08194368e-03 3.36327931e-03 3.50496802e-03 3.57180318e-03
 5.02320782e-03 4.88233916e-03 3.54381251e-01 1.96337963e-01
 1.75802178e-01 1.88235205e-01 1.88724061e-01 1.73867544e-01
 1.58088651e-01 2.94491351e-01 1.63738239e-01 1.46301972e-01
 1.55592938e-01 1.55497108e-01 1.42550995e-01 1.30580326e-01
 3.24835982e-01 1.79231625e-01 1.60223820e-01 1.71075393e-01
 1.72171302e-01 1.60504974e-01 1.45112830e-01 3.29789948e-01
 1.82912051e-01 1.64801061e-01 1.74894951e-01 1.74775675e-01
 1.61895947e-01 1.43776555e-01 2.86762109e-01 1.57960668e-01
 1.42493722e-01 1.51992455e-01 1.51983345e-01 1.39883243e-01
 1.27440039e-01]

 Iteration 500:
############################
Gradient = 
[-3.33308122e-06  8.05264413e-04  4.95543236e-04  3.93432111e-06
 -3.31311799e-04  1.15116835e-04 -2.13060692e-05  1.17472034e-03
  3.72454610e-05  6.73683990e-06 -1.22341600e-03 -1.21295485e-03
 -8.60132988e-06  1.24589828e-03  9.18561251e-04  2.92102919e-06
  1.22743605e-03  4.54818027e-04 -1.03778309e-04 -1.38969522e-03
 -2.01681659e-04  3.28601989e-04 -8.44172055e-05  8.20484250e-04
 -1.10668814e-03 -1.72199131e-04 -5.04923137e-05  4.75382118e-05
  4.00163568e-05  4.95297191e-05 -5.53770926e-04  2.27278343e-04
 -5.77592590e-04  4.26587608e-04 -4.79171152e-04  2.12465287e-04
 -3.66031346e-04 -9.09607074e-04 -1.70880619e-03 -6.97945312e-04
 -1.15973800e-03 -1.49788500e-03  9.29348801e-04 -9.25249515e-04
  2.49148225e-04  5.12967717e-04 -5.06311974e-04  5.22212778e-04
  1.15594903e-03 -2.04005207e-04 -1.62812261e-04  4.55692538e-04
 -3.30307184e-04  3.97697843e-05 -1.22354349e-03  3.82048141e-04
  1.17496774e-03 -1.27806661e-03 -2.81423703e-04 -5.47834877e-04
 -1.89349199e-02 -1.01683450e-02 -9.05425664e-03 -8.75296018e-03
 -8.52672772e-03 -9.43816136e-03 -7.57565167e-03  1.97442043e-02
  1.00038434e-02  1.09012222e-02  1.00578105e-02  9.10525016e-03
  9.42304925e-03  9.72360349e-03  7.46277876e-03  2.46859366e-03
  3.52085528e-03  3.23391049e-03  3.90734986e-03  6.05809993e-03
  5.15750268e-03 -3.64454553e-04 -4.48544169e-04  1.77804850e-03
  5.29665719e-04 -5.68334480e-04  4.93087319e-04 -2.36810113e-03
  1.24628326e-02  4.72155793e-03  7.03496433e-03  6.67371939e-03
  5.96570308e-03  6.53544485e-03  6.49588345e-03  9.41215125e-03
  5.75738188e-03  2.99825308e-03  3.15973228e-03  3.30979257e-03
  4.73787279e-03  4.60216581e-03  3.53980838e-01  1.96010891e-01
  1.75664404e-01  1.89712903e-01  1.88661249e-01  1.70906296e-01
  1.56884862e-01  2.94802254e-01  1.63815027e-01  1.46501610e-01
  1.57172240e-01  1.55783885e-01  1.40425384e-01  1.29871028e-01
  3.29241185e-01  1.81589561e-01  1.62464070e-01  1.74984775e-01
  1.74932866e-01  1.60246403e-01  1.46258159e-01  3.30417268e-01
  1.83279484e-01  1.65313379e-01  1.76923207e-01  1.74947137e-01
  1.59478394e-01  1.42947894e-01  2.78882798e-01  1.53351563e-01
  1.38508440e-01  1.49015138e-01  1.47809330e-01  1.33826141e-01
  1.23107172e-01]

Gradient approximate =
[-1.99010075e-05 -9.02180042e-05 -2.33286790e-05 -5.98207039e-06
 -5.53651880e-05 -1.16194054e-05  2.70185341e-05  1.38517355e-04
  3.62663943e-05 -1.78086701e-05 -9.79843917e-05 -3.09543169e-05
 -9.37225186e-06 -4.37149605e-05 -6.98790359e-06 -1.10944787e-05
 -2.35416575e-05 -8.30368441e-06  2.00038190e-04  9.27529542e-05
  9.61067914e-05  1.09886187e-04  9.74675807e-05  1.14721963e-04
  1.02262265e-04  8.61588574e-04  4.71546580e-04  4.02912299e-04
  5.19037806e-04  3.60449417e-04  5.29602207e-04  5.22967221e-04
  4.62680525e-04  2.60290940e-04  2.13715770e-04  2.85448378e-04
  1.87599962e-04  2.87333379e-04  2.76197660e-04  3.26866640e-04
  1.86478712e-04  1.41395038e-04  3.48208787e-01  1.93852251e-01
  1.72094539e-01  1.78198405e-01  1.91055389e-01  1.67027436e-01
  1.91365767e-01  2.99960443e-01  1.66380519e-01  1.48335899e-01
  1.53325854e-01  1.64985614e-01  1.45205997e-01  1.64504964e-01
  3.25671592e-01  1.80279456e-01  1.61483673e-01  1.66736170e-01
  1.77644691e-01  1.57339247e-01  1.77385387e-01  3.63981738e-01
  2.01451400e-01  1.80230582e-01  1.86152019e-01  1.98739759e-01
  1.76155215e-01  1.98486715e-01  2.72920151e-01  1.52125993e-01
  1.34710848e-01  1.39556601e-01  1.50206211e-01  1.30820369e-01
  1.50394071e-01  1.63878377e-02  8.25357587e-03  8.43134050e-03
  8.38517928e-03  8.11947704e-03  8.85798549e-03  7.77917274e-03
  0.00000000e+00  0.00000000e+00  0.00000000e+00  0.00000000e+00
  0.00000000e+00  0.00000000e+00  0.00000000e+00  0.00000000e+00
  0.00000000e+00  0.00000000e+00  0.00000000e+00  0.00000000e+00
  0.00000000e+00  0.00000000e+00  0.00000000e+00  0.00000000e+00
  0.00000000e+00  0.00000000e+00  0.00000000e+00  0.00000000e+00
  0.00000000e+00  0.00000000e+00  0.00000000e+00  0.00000000e+00
  0.00000000e+00  0.00000000e+00  0.00000000e+00  0.00000000e+00
  0.00000000e+00  0.00000000e+00  0.00000000e+00  0.00000000e+00
  0.00000000e+00  0.00000000e+00  0.00000000e+00  0.00000000e+00
  0.00000000e+00  0.00000000e+00  0.00000000e+00  0.00000000e+00
  0.00000000e+00  0.00000000e+00  0.00000000e+00  0.00000000e+00
  0.00000000e+00  0.00000000e+00  0.00000000e+00  0.00000000e+00
  0.00000000e+00  0.00000000e+00  0.00000000e+00  0.00000000e+00
  0.00000000e+00]

Diff = 
[1.65679263e-05 8.95482417e-04 5.18871915e-04 9.91639150e-06
 2.75946611e-04 1.26736241e-04 4.83246033e-05 1.03620299e-03
 9.79066640e-07 2.45455100e-05 1.12543160e-03 1.18200054e-03
 7.70921983e-07 1.28961324e-03 9.25549155e-04 1.40155079e-05
 1.25097771e-03 4.63121711e-04 3.03816500e-04 1.48244817e-03
 2.97788451e-04 2.18715802e-04 1.81884786e-04 7.05762287e-04
 1.20895040e-03 1.03378770e-03 5.22038893e-04 3.55374087e-04
 4.79021449e-04 3.10919698e-04 1.08337313e-03 2.95688878e-04
 1.04027312e-03 1.66296668e-04 6.92886922e-04 7.29830915e-05
 5.53631309e-04 1.19694045e-03 1.98500385e-03 1.02481195e-03
 1.34621672e-03 1.63928004e-03 3.47279439e-01 1.94777500e-01
 1.71845391e-01 1.77685437e-01 1.91561701e-01 1.66505223e-01
 1.90209818e-01 3.00164448e-01 1.66543331e-01 1.47880207e-01
 1.53656161e-01 1.64945845e-01 1.46429541e-01 1.64122916e-01
 3.24496624e-01 1.81557523e-01 1.61765096e-01 1.67284005e-01
 1.96579611e-01 1.67507592e-01 1.86439643e-01 3.72734698e-01
 2.09978127e-01 1.89668744e-01 1.93727671e-01 1.78995555e-01
 1.66151372e-01 1.87585493e-01 2.62862340e-01 1.43020743e-01
 1.25287798e-01 1.29832998e-01 1.42743432e-01 1.28351775e-01
 1.46873216e-01 1.31539272e-02 4.34622601e-03 2.37324057e-03
 3.22767659e-03 8.48393159e-03 9.30652966e-03 6.00112424e-03
 5.29665719e-04 5.68334480e-04 4.93087319e-04 2.36810113e-03
 1.24628326e-02 4.72155793e-03 7.03496433e-03 6.67371939e-03
 5.96570308e-03 6.53544485e-03 6.49588345e-03 9.41215125e-03
 5.75738188e-03 2.99825308e-03 3.15973228e-03 3.30979257e-03
 4.73787279e-03 4.60216581e-03 3.53980838e-01 1.96010891e-01
 1.75664404e-01 1.89712903e-01 1.88661249e-01 1.70906296e-01
 1.56884862e-01 2.94802254e-01 1.63815027e-01 1.46501610e-01
 1.57172240e-01 1.55783885e-01 1.40425384e-01 1.29871028e-01
 3.29241185e-01 1.81589561e-01 1.62464070e-01 1.74984775e-01
 1.74932866e-01 1.60246403e-01 1.46258159e-01 3.30417268e-01
 1.83279484e-01 1.65313379e-01 1.76923207e-01 1.74947137e-01
 1.59478394e-01 1.42947894e-01 2.78882798e-01 1.53351563e-01
 1.38508440e-01 1.49015138e-01 1.47809330e-01 1.33826141e-01
 1.23107172e-01]

 Iteration 600:
############################
Gradient = 
[-3.43564124e-06  7.89364887e-04  4.87256340e-04  3.87471346e-06
 -3.26921217e-04  1.12575612e-04 -2.05373169e-05  1.16483717e-03
  3.82060102e-05  5.63110827e-06 -1.21290435e-03 -1.19640321e-03
 -8.42117500e-06  1.22882445e-03  9.05542342e-04  4.03837308e-06
  1.21255344e-03  4.49053501e-04 -1.53327138e-04 -1.39514520e-03
 -2.21828535e-04  2.94943721e-04 -1.05023870e-04  7.79070822e-04
 -1.11898249e-03 -2.13047240e-04 -7.17719897e-05  2.78155390e-05
  1.53063686e-05  3.16606070e-05 -5.70337470e-04  1.99621052e-04
 -6.00723953e-04  4.08709061e-04 -4.83093636e-04  1.96774699e-04
 -3.71860754e-04 -9.08660406e-04 -1.69583700e-03 -6.64030300e-04
 -1.12216980e-03 -1.46049330e-03  9.38120610e-04 -9.00483326e-04
  2.69111460e-04  5.28248142e-04 -4.85546589e-04  5.26442673e-04
  1.14805693e-03 -1.87529561e-04 -1.52885234e-04  4.62733929e-04
 -3.11868356e-04  7.09683252e-05 -1.18679040e-03  3.90093521e-04
  1.17851331e-03 -1.24847523e-03 -2.55705652e-04 -5.18641116e-04
 -1.85498940e-02 -9.96574768e-03 -8.86220559e-03 -8.57450462e-03
 -8.33313564e-03 -9.23629600e-03 -7.41352588e-03  1.97567708e-02
  1.00177100e-02  1.09028225e-02  1.00801579e-02  9.11684446e-03
  9.44651179e-03  9.72726299e-03  7.35679773e-03  2.43607802e-03
  3.47121447e-03  3.19188836e-03  4.13877522e-03  6.15136084e-03
  5.24300104e-03 -8.68901804e-04 -5.75987170e-04  1.65902973e-03
  3.84274502e-04 -1.11661715e-03  6.96491019e-05 -2.77130830e-03
  1.24965439e-02  4.60541453e-03  6.91214561e-03  6.55244832e-03
  5.87311989e-03  6.51546679e-03  6.46128207e-03  8.89342291e-03
  5.43830312e-03  2.64115298e-03  2.82177961e-03  3.06393424e-03
  4.46413365e-03  4.33188235e-03  3.53569839e-01  1.95673680e-01
  1.75514976e-01  1.91141640e-01  1.88553217e-01  1.67953926e-01
  1.55700123e-01  2.95093110e-01  1.63876863e-01  1.46686354e-01
  1.58710982e-01  1.56027045e-01  1.38291300e-01  1.29168770e-01
  3.33492581e-01  1.83854805e-01  1.64623811e-01  1.78816542e-01
  1.77573603e-01  1.59850744e-01  1.47328369e-01  3.30994097e-01
  1.83611753e-01  1.65792405e-01  1.78891390e-01  1.75055598e-01
  1.57034248e-01  1.42113527e-01  2.71023842e-01  1.48755725e-01
  1.34525522e-01  1.45943629e-01  1.43611213e-01  1.27907840e-01
  1.18845191e-01]

Gradient approximate =
[-2.13067408e-05 -9.63249347e-05 -2.50973597e-05 -5.68199932e-06
 -5.28166044e-05 -1.10429976e-05  2.88465030e-05  1.46338597e-04
  3.84826215e-05 -1.84940241e-05 -1.00615645e-04 -3.16423932e-05
 -7.97889310e-06 -3.73079212e-05 -5.29481126e-06 -1.24426847e-05
 -3.05247072e-05 -1.01806963e-05  2.75486103e-04  1.34806470e-04
  1.31085047e-04  1.56158428e-04  1.27922146e-04  1.62284977e-04
  1.48911377e-04  8.87727822e-04  4.85447873e-04  4.15214290e-04
  5.34341216e-04  3.72014313e-04  5.45219392e-04  5.38214062e-04
  4.96049601e-04  2.78317540e-04  2.29374504e-04  3.05324419e-04
  2.01879828e-04  3.07753256e-04  2.96270126e-04  3.60310604e-04
  2.04360724e-04  1.57297306e-04  3.48288800e-01  1.93763635e-01
  1.72205955e-01  1.78223006e-01  1.91015997e-01  1.67176634e-01
  1.94317230e-01  3.00171368e-01  1.66398021e-01  1.48501106e-01
  1.53431402e-01  1.65040354e-01  1.45382985e-01  1.67043426e-01
  3.25593633e-01  1.80141576e-01  1.61504105e-01  1.66694456e-01
  1.77517075e-01  1.57360929e-01  1.79907755e-01  3.63693475e-01
  2.01179192e-01  1.80144261e-01  1.85992022e-01  1.98497753e-01
  1.76093307e-01  2.01201302e-01  2.73274796e-01  1.52211676e-01
  1.34935339e-01  1.39716298e-01  1.50309602e-01  1.31072406e-01
  1.52893767e-01  1.61553410e-02  8.14247931e-03  8.31444524e-03
  8.27639630e-03  8.00915980e-03  8.73165283e-03  7.67244721e-03
  0.00000000e+00  0.00000000e+00  0.00000000e+00  0.00000000e+00
  0.00000000e+00  0.00000000e+00  0.00000000e+00  0.00000000e+00
  0.00000000e+00  0.00000000e+00  0.00000000e+00  0.00000000e+00
  0.00000000e+00  0.00000000e+00  0.00000000e+00  0.00000000e+00
  0.00000000e+00  0.00000000e+00  0.00000000e+00  0.00000000e+00
  0.00000000e+00  0.00000000e+00  0.00000000e+00  0.00000000e+00
  0.00000000e+00  0.00000000e+00  0.00000000e+00  0.00000000e+00
  0.00000000e+00  0.00000000e+00  0.00000000e+00  0.00000000e+00
  0.00000000e+00  0.00000000e+00  0.00000000e+00  0.00000000e+00
  0.00000000e+00  0.00000000e+00  0.00000000e+00  0.00000000e+00
  0.00000000e+00  0.00000000e+00  0.00000000e+00  0.00000000e+00
  0.00000000e+00  0.00000000e+00  0.00000000e+00  0.00000000e+00
  0.00000000e+00  0.00000000e+00  0.00000000e+00  0.00000000e+00
  0.00000000e+00]

Diff = 
[1.78710996e-05 8.85689822e-04 5.12353699e-04 9.55671278e-06
 2.74104613e-04 1.23618610e-04 4.93838199e-05 1.01849858e-03
 2.76611382e-07 2.41251324e-05 1.11228871e-03 1.16476082e-03
 4.42281903e-07 1.26613237e-03 9.10837154e-04 1.64810577e-05
 1.24307814e-03 4.59234197e-04 4.28813241e-04 1.52995167e-03
 3.52913583e-04 1.38785292e-04 2.32946016e-04 6.16785845e-04
 1.26789387e-03 1.10077506e-03 5.57219863e-04 3.87398751e-04
 5.19034847e-04 3.40353706e-04 1.11555686e-03 3.38593010e-04
 1.09677355e-03 1.30391521e-04 7.12468140e-04 1.08549720e-04
 5.73740582e-04 1.21641366e-03 1.99210712e-03 1.02434090e-03
 1.32653053e-03 1.61779061e-03 3.47350679e-01 1.94664118e-01
 1.71936843e-01 1.77694758e-01 1.91501544e-01 1.66650191e-01
 1.93169173e-01 3.00358898e-01 1.66550906e-01 1.48038372e-01
 1.53743271e-01 1.64969386e-01 1.46569775e-01 1.66653333e-01
 3.24415119e-01 1.81390051e-01 1.61759811e-01 1.67213097e-01
 1.96066969e-01 1.67326676e-01 1.88769960e-01 3.72267980e-01
 2.09512328e-01 1.89380557e-01 1.93405548e-01 1.78740983e-01
 1.66075597e-01 1.90298479e-01 2.63194638e-01 1.43094831e-01
 1.25488828e-01 1.29989035e-01 1.42952804e-01 1.28636328e-01
 1.49422552e-01 1.29634526e-02 4.00370409e-03 2.16308440e-03
 3.03339527e-03 8.87806160e-03 9.30764000e-03 6.01341749e-03
 3.84274502e-04 1.11661715e-03 6.96491019e-05 2.77130830e-03
 1.24965439e-02 4.60541453e-03 6.91214561e-03 6.55244832e-03
 5.87311989e-03 6.51546679e-03 6.46128207e-03 8.89342291e-03
 5.43830312e-03 2.64115298e-03 2.82177961e-03 3.06393424e-03
 4.46413365e-03 4.33188235e-03 3.53569839e-01 1.95673680e-01
 1.75514976e-01 1.91141640e-01 1.88553217e-01 1.67953926e-01
 1.55700123e-01 2.95093110e-01 1.63876863e-01 1.46686354e-01
 1.58710982e-01 1.56027045e-01 1.38291300e-01 1.29168770e-01
 3.33492581e-01 1.83854805e-01 1.64623811e-01 1.78816542e-01
 1.77573603e-01 1.59850744e-01 1.47328369e-01 3.30994097e-01
 1.83611753e-01 1.65792405e-01 1.78891390e-01 1.75055598e-01
 1.57034248e-01 1.42113527e-01 2.71023842e-01 1.48755725e-01
 1.34525522e-01 1.45943629e-01 1.43611213e-01 1.27907840e-01
 1.18845191e-01]

 Iteration 700:
############################
Gradient = 
[-3.57183412e-06  7.73205095e-04  4.79070937e-04  3.81540329e-06
 -3.22703819e-04  1.10097100e-04 -1.96893406e-05  1.15622642e-03
  3.92759660e-05  4.47546238e-06 -1.20320618e-03 -1.18018451e-03
 -8.21038791e-06  1.21253319e-03  8.92737062e-04  5.20075831e-06
  1.19833829e-03  4.43466843e-04 -2.04760056e-04 -1.40145133e-03
 -2.42586170e-04  2.60791769e-04 -1.26236865e-04  7.37250423e-04
 -1.13209319e-03 -2.54206971e-04 -9.28269511e-05  8.21952665e-06
 -9.13167024e-06  1.37988999e-05 -5.86730548e-04  1.72293704e-04
 -6.24763708e-04  3.90646222e-04 -4.87395965e-04  1.80841699e-04
 -3.78056680e-04 -9.08212657e-04 -1.68353869e-03 -6.26112458e-04
 -1.08271788e-03 -1.42193126e-03  9.49580810e-04 -8.74841333e-04
  2.91653179e-04  5.46103019e-04 -4.62342808e-04  5.32066926e-04
  1.14134991e-03 -1.69632784e-04 -1.42301811e-04  4.71373432e-04
 -2.92044141e-04  1.04540124e-04 -1.14920071e-03  3.99076132e-04
  1.18356983e-03 -1.21848839e-03 -2.28762104e-04 -4.88322399e-04
 -1.81442833e-02 -9.75348409e-03 -8.66030088e-03 -8.38545093e-03
 -8.12905855e-03 -9.02322831e-03 -7.24093899e-03  1.97841583e-02
  1.00395229e-02  1.09124721e-02  1.01100171e-02  9.13470153e-03
  9.47716818e-03  9.73729550e-03  7.27220777e-03  2.41408134e-03
  3.43235717e-03  3.16033918e-03  4.37454559e-03  6.25298619e-03
  5.33544788e-03 -1.34447740e-03 -6.92197856e-04  1.55158329e-03
  2.50528961e-04 -1.65101421e-03 -3.38327323e-04 -3.16101448e-03
  1.25257109e-02  4.48713653e-03  6.78692021e-03  6.42885594e-03
  5.77949527e-03  6.49330513e-03  6.42489649e-03  8.38845508e-03
  5.12261653e-03  2.28977313e-03  2.48899625e-03  2.83180651e-03
  4.19965391e-03  4.06944489e-03  3.53145352e-01  1.95323937e-01
  1.75351946e-01  1.92517248e-01  1.88394910e-01  1.65006788e-01
  1.54528543e-01  2.95362803e-01  1.63922464e-01  1.46855194e-01
  1.60206032e-01  1.56222835e-01  1.36146618e-01  1.28469414e-01
  3.37583759e-01  1.86023045e-01  1.66699096e-01  1.82561206e-01
  1.80084795e-01  1.59316346e-01  1.48318171e-01  3.31509353e-01
  1.83901831e-01  1.66231970e-01  1.80790039e-01  1.75091310e-01
  1.54557101e-01  1.41264701e-01  2.63179739e-01  1.44169660e-01
  1.30542174e-01  1.42775826e-01  1.39385685e-01  1.22122777e-01
  1.14646519e-01]

Gradient approximate =
[-2.25299845e-05 -1.01629736e-04 -2.66351696e-05 -5.36134692e-06
 -5.02410935e-05 -1.04514042e-05  3.04904946e-05  1.53338353e-04
  4.04640477e-05 -1.90557681e-05 -1.02714386e-04 -3.21787486e-05
 -6.63802346e-06 -3.11613157e-05 -3.67142317e-06 -1.36367051e-05
 -3.67858077e-05 -1.18562649e-05  3.47160078e-04  1.74603743e-04
  1.64367375e-04  1.99923409e-04  1.57117073e-04  2.07228299e-04
  1.93011844e-04  9.11463918e-04  4.97970813e-04  4.26420470e-04
  5.48105386e-04  3.82698984e-04  5.59244371e-04  5.51908921e-04
  5.26844737e-04  2.94860794e-04  2.43858984e-04  3.23549600e-04
  2.15219593e-04  3.26460861e-04  3.14672097e-04  3.91304098e-04
  2.20839793e-04  1.72072843e-04  3.48334878e-01  1.93651575e-01
  1.72292813e-01  1.78222329e-01  1.90954363e-01  1.67300327e-01
  1.97175466e-01  3.00351886e-01  1.66395039e-01  1.48645292e-01
  1.53514742e-01  1.65073270e-01  1.45536858e-01  1.69507461e-01
  3.25485863e-01  1.79983269e-01  1.61503301e-01  1.66630100e-01
  1.77370678e-01  1.57361264e-01  1.82350992e-01  3.63380368e-01
  2.00889221e-01  1.80039401e-01  1.85812148e-01  1.98238477e-01
  1.76010478e-01  2.03827859e-01  2.73602757e-01  1.52278636e-01
  1.35141110e-01  1.39856600e-01  1.50396046e-01  1.31304640e-01
  1.55323994e-01  1.59120629e-02  8.02627435e-03  8.19237687e-03
  8.16193885e-03  7.89295689e-03  8.59931983e-03  7.56009695e-03
  0.00000000e+00  0.00000000e+00  0.00000000e+00  0.00000000e+00
  0.00000000e+00  0.00000000e+00  0.00000000e+00  0.00000000e+00
  0.00000000e+00  0.00000000e+00  0.00000000e+00  0.00000000e+00
  0.00000000e+00  0.00000000e+00  0.00000000e+00  0.00000000e+00
  0.00000000e+00  0.00000000e+00  0.00000000e+00  0.00000000e+00
  0.00000000e+00  0.00000000e+00  0.00000000e+00  0.00000000e+00
  0.00000000e+00  0.00000000e+00  0.00000000e+00  0.00000000e+00
  0.00000000e+00  0.00000000e+00  0.00000000e+00  0.00000000e+00
  0.00000000e+00  0.00000000e+00  0.00000000e+00  0.00000000e+00
  0.00000000e+00  0.00000000e+00  0.00000000e+00  0.00000000e+00
  0.00000000e+00  0.00000000e+00  0.00000000e+00  0.00000000e+00
  0.00000000e+00  0.00000000e+00  0.00000000e+00  0.00000000e+00
  0.00000000e+00  0.00000000e+00  0.00000000e+00  0.00000000e+00
  0.00000000e+00]

Diff = 
[1.89581504e-05 8.74834830e-04 5.05706107e-04 9.17675021e-06
 2.72462726e-04 1.20548504e-04 5.01798352e-05 1.00288807e-03
 1.18808165e-06 2.35312305e-05 1.10049179e-03 1.14800576e-03
 1.57236444e-06 1.24369451e-03 8.96408485e-04 1.88374634e-05
 1.23512409e-03 4.55323107e-04 5.51920134e-04 1.57605507e-03
 4.06953545e-04 6.08683604e-05 2.83353938e-04 5.30022124e-04
 1.32510503e-03 1.16567089e-03 5.90797765e-04 4.18200943e-04
 5.57237056e-04 3.68900084e-04 1.14597492e-03 3.79615217e-04
 1.15160845e-03 9.57854289e-05 7.31254949e-04 1.42707901e-04
 5.93276273e-04 1.23467352e-03 1.99821079e-03 1.01741656e-03
 1.30355767e-03 1.59400410e-03 3.47385297e-01 1.94526417e-01
 1.72001160e-01 1.77676226e-01 1.91416705e-01 1.66768260e-01
 1.96034116e-01 3.00521519e-01 1.66537341e-01 1.48173918e-01
 1.53806786e-01 1.64968730e-01 1.46686059e-01 1.69108385e-01
 3.24302293e-01 1.81201757e-01 1.61732063e-01 1.67118423e-01
 1.95514962e-01 1.67114748e-01 1.91011292e-01 3.71765819e-01
 2.09018280e-01 1.89062629e-01 1.93053087e-01 1.78454319e-01
 1.65970955e-01 1.92915387e-01 2.63492740e-01 1.43143934e-01
 1.25663941e-01 1.30119304e-01 1.43123839e-01 1.28890559e-01
 1.51891637e-01 1.27517237e-02 3.65172876e-03 1.93939068e-03
 2.82649097e-03 9.23743428e-03 9.29151769e-03 6.00851366e-03
 2.50528961e-04 1.65101421e-03 3.38327323e-04 3.16101448e-03
 1.25257109e-02 4.48713653e-03 6.78692021e-03 6.42885594e-03
 5.77949527e-03 6.49330513e-03 6.42489649e-03 8.38845508e-03
 5.12261653e-03 2.28977313e-03 2.48899625e-03 2.83180651e-03
 4.19965391e-03 4.06944489e-03 3.53145352e-01 1.95323937e-01
 1.75351946e-01 1.92517248e-01 1.88394910e-01 1.65006788e-01
 1.54528543e-01 2.95362803e-01 1.63922464e-01 1.46855194e-01
 1.60206032e-01 1.56222835e-01 1.36146618e-01 1.28469414e-01
 3.37583759e-01 1.86023045e-01 1.66699096e-01 1.82561206e-01
 1.80084795e-01 1.59316346e-01 1.48318171e-01 3.31509353e-01
 1.83901831e-01 1.66231970e-01 1.80790039e-01 1.75091310e-01
 1.54557101e-01 1.41264701e-01 2.63179739e-01 1.44169660e-01
 1.30542174e-01 1.42775826e-01 1.39385685e-01 1.22122777e-01
 1.14646519e-01]

 Iteration 800:
############################
Gradient = 
[-3.74943176e-06  7.56802836e-04  4.70980150e-04  3.75167350e-06
 -3.18654428e-04  1.07677098e-04 -1.87659975e-05  1.14878463e-03
  4.04423916e-05  3.27146899e-06 -1.19424894e-03 -1.16428555e-03
 -7.97019042e-06  1.19697922e-03  8.80139923e-04  6.39121317e-06
  1.18468943e-03  4.38030227e-04 -2.57608319e-04 -1.40834092e-03
 -2.63729885e-04  2.26441424e-04 -1.47865131e-04  6.95326622e-04
 -1.14571809e-03 -2.95672071e-04 -1.13653038e-04 -1.12506050e-05
 -3.32906569e-05 -4.06166459e-06 -6.02941207e-04  1.45302163e-04
 -6.49522002e-04  3.72507576e-04 -4.91985460e-04  1.64787701e-04
 -3.84540871e-04 -9.08134907e-04 -1.67178291e-03 -5.84348510e-04
 -1.04154026e-03 -1.38227146e-03  9.63533995e-04 -8.48329007e-04
  3.16571206e-04  5.66335716e-04 -4.36881735e-04  5.38945671e-04
  1.13573461e-03 -1.50472903e-04 -1.31113516e-04  4.81445193e-04
 -2.70993718e-04  1.40444338e-04 -1.11083061e-03  4.08971496e-04
  1.19005897e-03 -1.18809114e-03 -2.00670710e-04 -4.56952329e-04
 -1.77198796e-02 -9.53242910e-03 -8.44945699e-03 -8.18671883e-03
 -7.91538896e-03 -8.79993979e-03 -7.05875696e-03  1.98236946e-02
  1.00679553e-02  1.09287800e-02  1.01460332e-02  9.15742122e-03
  9.51352634e-03  9.75239584e-03  7.20670712e-03  2.40145303e-03
  3.40308284e-03  3.13810359e-03  4.61323054e-03  6.36157969e-03
  5.43361581e-03 -1.79872028e-03 -8.01150560e-04  1.45164326e-03
  1.24449505e-04 -2.17539572e-03 -7.35009911e-04 -3.54085197e-03
  1.25462436e-02  4.36458451e-03  6.65708656e-03  6.30075843e-03
  5.68246404e-03  6.46658314e-03  6.38461360e-03  7.89376515e-03
  4.80848226e-03  1.94217036e-03  2.15951632e-03  2.61133924e-03
  3.94241719e-03  3.81309420e-03  3.52704799e-01  1.94959531e-01
  1.75173577e-01  1.93835926e-01  1.88181953e-01  1.62062044e-01
  1.53365427e-01  2.95610325e-01  1.63950667e-01  1.47007214e-01
  1.61654491e-01  1.56367967e-01  1.33989751e-01  1.27769703e-01
  3.41508899e-01  1.88090350e-01  1.68686303e-01  1.86209689e-01
  1.82458467e-01  1.58642448e-01  1.49223326e-01  3.31953537e-01
  1.84143665e-01  1.66626743e-01  1.82610600e-01  1.75045874e-01
  1.52042136e-01  1.40394394e-01  2.55346864e-01  1.39591064e-01
  1.26556622e-01  1.39510946e-01  1.35131121e-01  1.16467058e-01
  1.10505608e-01]

Gradient approximate =
[-2.35741471e-05 -1.06150215e-04 -2.79468648e-05 -5.02193398e-06
 -4.76431716e-05 -9.84593518e-06  3.19504445e-05  1.59520788e-04
  4.22118052e-05 -1.94960514e-05 -1.04291136e-04 -3.25660943e-05
 -5.35177236e-06 -2.52823718e-05 -2.11997087e-06 -1.46796530e-05
 -4.23424784e-05 -1.33350953e-05  4.14900851e-04  2.12075268e-04
  1.95874454e-04  2.41103058e-04  1.84961768e-04  2.49477272e-04
  2.34488666e-04  9.32711539e-04  5.09079376e-04  4.36487939e-04
  5.60289251e-04  3.92453441e-04  5.71638392e-04  5.64012930e-04
  5.54989921e-04  3.09889872e-04  2.57130590e-04  3.40089032e-04
  2.27572594e-04  3.43423767e-04  3.31370875e-04  4.19761086e-04
  2.35878002e-04  1.85678579e-04  3.48344382e-01  1.93513919e-01
  1.72353348e-01  1.78194476e-01  1.90868454e-01  1.67396773e-01
  1.99934663e-01  3.00499967e-01  1.66369864e-01  1.48767030e-01
  1.53574365e-01  1.65082714e-01  1.45666189e-01  1.71892087e-01
  3.25345912e-01  1.79802598e-01  1.61479639e-01  1.66541406e-01
  1.77203731e-01  1.57338685e-01  1.84709867e-01  3.63039689e-01
  2.00579322e-01  1.79914190e-01  1.85610488e-01  1.97959891e-01
  1.75904926e-01  2.06360808e-01  2.73902286e-01  1.52325359e-01
  1.35326930e-01  1.39976176e-01  1.50464152e-01  1.31515852e-01
  1.57680139e-01  1.56584020e-02  7.90514015e-03  8.06531318e-03
  8.04199376e-03  7.77103576e-03  8.46118877e-03  7.44230312e-03
  0.00000000e+00  0.00000000e+00  0.00000000e+00  0.00000000e+00
  0.00000000e+00  0.00000000e+00  0.00000000e+00  0.00000000e+00
  0.00000000e+00  0.00000000e+00  0.00000000e+00  0.00000000e+00
  0.00000000e+00  0.00000000e+00  0.00000000e+00  0.00000000e+00
  0.00000000e+00  0.00000000e+00  0.00000000e+00  0.00000000e+00
  0.00000000e+00  0.00000000e+00  0.00000000e+00  0.00000000e+00
  0.00000000e+00  0.00000000e+00  0.00000000e+00  0.00000000e+00
  0.00000000e+00  0.00000000e+00  0.00000000e+00  0.00000000e+00
  0.00000000e+00  0.00000000e+00  0.00000000e+00  0.00000000e+00
  0.00000000e+00  0.00000000e+00  0.00000000e+00  0.00000000e+00
  0.00000000e+00  0.00000000e+00  0.00000000e+00  0.00000000e+00
  0.00000000e+00  0.00000000e+00  0.00000000e+00  0.00000000e+00
  0.00000000e+00  0.00000000e+00  0.00000000e+00  0.00000000e+00
  0.00000000e+00]

Diff = 
[1.98247153e-05 8.62953052e-04 4.98927015e-04 8.77360748e-06
 2.71011257e-04 1.17523033e-04 5.07164421e-05 9.89263846e-04
 1.76941352e-06 2.27675204e-05 1.08995780e-03 1.13171946e-03
 2.61841806e-06 1.22226159e-03 8.82259894e-04 2.10708662e-05
 1.22703190e-03 4.51365323e-04 6.72509171e-04 1.62041619e-03
 4.59604339e-04 1.46616337e-05 3.32826899e-04 4.45849350e-04
 1.38020676e-03 1.22838361e-03 6.22732415e-04 4.47738544e-04
 5.93579907e-04 3.96515105e-04 1.17457960e-03 4.18710767e-04
 1.20451192e-03 6.26177045e-05 7.49116050e-04 1.75301331e-04
 6.12113465e-04 1.25155867e-03 2.00315379e-03 1.00410960e-03
 1.27741826e-03 1.56795004e-03 3.47380848e-01 1.94362248e-01
 1.72036777e-01 1.77628141e-01 1.91305336e-01 1.66857828e-01
 1.98798929e-01 3.00650440e-01 1.66500977e-01 1.48285585e-01
 1.53845359e-01 1.64942270e-01 1.46777020e-01 1.71483116e-01
 3.24155853e-01 1.80990689e-01 1.61680310e-01 1.66998358e-01
 1.94923611e-01 1.66871114e-01 1.93159324e-01 3.71226408e-01
 2.08494711e-01 1.88714130e-01 1.92669245e-01 1.78136196e-01
 1.65836971e-01 1.95432028e-01 2.63756253e-01 1.43167938e-01
 1.25813404e-01 1.30223780e-01 1.43257445e-01 1.29114399e-01
 1.54277056e-01 1.25202984e-02 3.29190961e-03 1.70373349e-03
 2.60837795e-03 9.56975604e-03 9.26233933e-03 5.99065986e-03
 1.24449505e-04 2.17539572e-03 7.35009911e-04 3.54085197e-03
 1.25462436e-02 4.36458451e-03 6.65708656e-03 6.30075843e-03
 5.68246404e-03 6.46658314e-03 6.38461360e-03 7.89376515e-03
 4.80848226e-03 1.94217036e-03 2.15951632e-03 2.61133924e-03
 3.94241719e-03 3.81309420e-03 3.52704799e-01 1.94959531e-01
 1.75173577e-01 1.93835926e-01 1.88181953e-01 1.62062044e-01
 1.53365427e-01 2.95610325e-01 1.63950667e-01 1.47007214e-01
 1.61654491e-01 1.56367967e-01 1.33989751e-01 1.27769703e-01
 3.41508899e-01 1.88090350e-01 1.68686303e-01 1.86209689e-01
 1.82458467e-01 1.58642448e-01 1.49223326e-01 3.31953537e-01
 1.84143665e-01 1.66626743e-01 1.82610600e-01 1.75045874e-01
 1.52042136e-01 1.40394394e-01 2.55346864e-01 1.39591064e-01
 1.26556622e-01 1.39510946e-01 1.35131121e-01 1.16467058e-01
 1.10505608e-01]

 Iteration 900:
############################
Gradient = 
[-3.97785364e-06  7.40165023e-04  4.62974484e-04  3.67832508e-06
 -3.14772845e-04  1.05310381e-04 -1.77676040e-05  1.14242329e-03
  4.16975752e-05  2.01778256e-06 -1.18597575e-03 -1.14869760e-03
 -7.70109776e-06  1.18211887e-03  8.67746537e-04  7.59456717e-06
  1.17151253e-03  4.32718719e-04 -3.11428735e-04 -1.41556126e-03
 -2.85049624e-04  1.92166251e-04 -1.69727969e-04  6.53579996e-04
 -1.15957747e-03 -3.37417823e-04 -1.34236703e-04 -3.05869170e-05
 -5.71530428e-05 -2.19188879e-05 -6.18949974e-04  1.18662651e-04
 -6.74804203e-04  3.54401631e-04 -4.96768319e-04  1.48734073e-04
 -3.91232760e-04 -9.08298591e-04 -1.66044164e-03 -5.38761649e-04
 -9.98717739e-04 -1.34152408e-03  9.79868594e-04 -8.20898772e-04
  3.43750605e-04  5.88834731e-04 -4.09272140e-04  5.46981730e-04
  1.13115224e-03 -1.30161661e-04 -1.19342475e-04  4.92831527e-04
 -2.48829280e-04  1.78717665e-04 -1.07169239e-03  4.19791309e-04
  1.19794995e-03 -1.15723725e-03 -1.71459750e-04 -4.24556280e-04
 -1.72783749e-02 -9.30339933e-03 -8.23053271e-03 -7.97917424e-03
 -7.69297928e-03 -8.56736184e-03 -6.86780411e-03  1.98729841e-02
  1.01018130e-02  1.09505001e-02  1.01869871e-02  9.18373779e-03
  9.55424650e-03  9.77138723e-03  7.15821091e-03  2.39714962e-03
  3.38230501e-03  3.12412890e-03  4.85352936e-03  6.47587555e-03
  5.53638995e-03 -2.23840968e-03 -9.06428858e-04  1.35554846e-03
  2.44254463e-06 -2.69322376e-03 -1.12413368e-03 -3.91407792e-03
  1.25545018e-02  4.23585575e-03  6.52069213e-03  6.16621010e-03
  5.57991556e-03  6.43318731e-03  6.33855037e-03  7.40628594e-03
  4.49428450e-03  1.59663517e-03  1.83169538e-03  2.40077640e-03
  3.69069266e-03  3.56132546e-03  3.52245841e-01  1.94578508e-01
  1.74978282e-01  1.95094183e-01  1.87910560e-01  1.59117564e-01
  1.52207124e-01  2.95834733e-01  1.63960382e-01  1.47141556e-01
  1.63053651e-01  1.56459557e-01  1.31819595e-01  1.27067155e-01
  3.45262780e-01  1.90053151e-01  1.70582134e-01  1.89753347e-01
  1.84687401e-01  1.57829156e-01  1.50040605e-01  3.32318554e-01
  1.84332050e-01  1.66972126e-01  1.84345364e-01  1.74912116e-01
  1.49485949e-01  1.39497118e-01  2.47523277e-01  1.35018688e-01
  1.22568004e-01  1.36149424e-01  1.30847398e-01  1.10938210e-01
  1.06418645e-01]

Gradient approximate =
[-2.44438669e-05 -1.09909035e-04 -2.90390223e-05 -4.66551242e-06
 -4.50284232e-05 -9.22873333e-06  3.32274364e-05  1.64893796e-04
  4.37280923e-05 -1.98177430e-05 -1.05359754e-04 -3.28085470e-05
 -4.12210710e-06 -1.96780792e-05 -6.42532694e-07 -1.55755786e-05
 -4.72161754e-05 -1.46230161e-05  4.78574940e-04  2.47166241e-04
  2.25538690e-04  2.79634902e-04  2.11375719e-04  2.88973616e-04
  2.73283234e-04  9.51403019e-04  5.18746888e-04  4.45382038e-04
  5.70862309e-04  4.01234685e-04  5.82373818e-04  5.74497776e-04
  5.80425814e-04  3.23383116e-04  2.69158626e-04  3.54917913e-04
  2.38898805e-04  3.58620003e-04  3.46343989e-04  4.45612451e-04
  2.49446823e-04  1.98079568e-04  3.48314848e-01  1.93348659e-01
  1.72385912e-01  1.78137678e-01  1.90756383e-01  1.67464335e-01
  2.02589586e-01  3.00613725e-01  1.66320895e-01  1.48864993e-01
  1.53608858e-01  1.65067171e-01  1.45769645e-01  1.74192804e-01
  3.25171536e-01  1.79597731e-01  1.61431593e-01  1.66426767e-01
  1.77014567e-01  1.57291704e-01  1.86979631e-01  3.62668903e-01
  2.00247472e-01  1.79766937e-01  1.85385257e-01  1.97660102e-01
  1.75774967e-01  2.08795145e-01  2.74171691e-01  1.52350400e-01
  1.35491621e-01  1.40073747e-01  1.50512584e-01  1.31704861e-01
  1.59957994e-01  1.53948053e-02  7.77927318e-03  7.93345548e-03
  7.91677029e-03  7.64359452e-03  8.31749240e-03  7.31927343e-03
  0.00000000e+00  0.00000000e+00  0.00000000e+00  0.00000000e+00
  0.00000000e+00  0.00000000e+00  0.00000000e+00  0.00000000e+00
  0.00000000e+00  0.00000000e+00  0.00000000e+00  0.00000000e+00
  0.00000000e+00  0.00000000e+00  0.00000000e+00  0.00000000e+00
  0.00000000e+00  0.00000000e+00  0.00000000e+00  0.00000000e+00
  0.00000000e+00  0.00000000e+00  0.00000000e+00  0.00000000e+00
  0.00000000e+00  0.00000000e+00  0.00000000e+00  0.00000000e+00
  0.00000000e+00  0.00000000e+00  0.00000000e+00  0.00000000e+00
  0.00000000e+00  0.00000000e+00  0.00000000e+00  0.00000000e+00
  0.00000000e+00  0.00000000e+00  0.00000000e+00  0.00000000e+00
  0.00000000e+00  0.00000000e+00  0.00000000e+00  0.00000000e+00
  0.00000000e+00  0.00000000e+00  0.00000000e+00  0.00000000e+00
  0.00000000e+00  0.00000000e+00  0.00000000e+00  0.00000000e+00
  0.00000000e+00]

Diff = 
[2.04660133e-05 8.50074058e-04 4.92013506e-04 8.34383750e-06
 2.69744422e-04 1.14539114e-04 5.09950403e-05 9.77529494e-04
 2.03051710e-06 2.18355256e-05 1.08061599e-03 1.11588906e-03
 3.57899066e-06 1.20179694e-03 8.68389070e-04 2.31701458e-05
 1.21872871e-03 4.47341735e-04 7.90003674e-04 1.66272750e-03
 5.10588314e-04 8.74686510e-05 3.81103688e-04 3.64606380e-04
 1.43286070e-03 1.28882084e-03 6.52983590e-04 4.75968955e-04
 6.28015351e-04 4.23153573e-04 1.20132379e-03 4.55835125e-04
 1.25523002e-03 3.10185155e-05 7.65926946e-04 2.06183840e-04
 6.30131565e-04 1.26691859e-03 2.00678563e-03 9.84374100e-04
 1.24816456e-03 1.53960365e-03 3.47334980e-01 1.94169558e-01
 1.72042161e-01 1.77548843e-01 1.91165655e-01 1.66917353e-01
 2.01458434e-01 3.00743887e-01 1.66440238e-01 1.48372161e-01
 1.53857687e-01 1.64888453e-01 1.46841337e-01 1.73773013e-01
 3.23973586e-01 1.80754968e-01 1.61603052e-01 1.66851323e-01
 1.94292942e-01 1.66595103e-01 1.95210164e-01 3.70648077e-01
 2.07940451e-01 1.88334299e-01 1.92253061e-01 1.77787118e-01
 1.65673154e-01 1.97844644e-01 2.63984704e-01 1.43166662e-01
 1.25937374e-01 1.30302360e-01 1.43354373e-01 1.29307711e-01
 1.56575689e-01 1.22706764e-02 2.92574382e-03 1.45757993e-03
 2.38038034e-03 9.88200420e-03 9.22392126e-03 5.96372497e-03
 2.44254463e-06 2.69322376e-03 1.12413368e-03 3.91407792e-03
 1.25545018e-02 4.23585575e-03 6.52069213e-03 6.16621010e-03
 5.57991556e-03 6.43318731e-03 6.33855037e-03 7.40628594e-03
 4.49428450e-03 1.59663517e-03 1.83169538e-03 2.40077640e-03
 3.69069266e-03 3.56132546e-03 3.52245841e-01 1.94578508e-01
 1.74978282e-01 1.95094183e-01 1.87910560e-01 1.59117564e-01
 1.52207124e-01 2.95834733e-01 1.63960382e-01 1.47141556e-01
 1.63053651e-01 1.56459557e-01 1.31819595e-01 1.27067155e-01
 3.45262780e-01 1.90053151e-01 1.70582134e-01 1.89753347e-01
 1.84687401e-01 1.57829156e-01 1.50040605e-01 3.32318554e-01
 1.84332050e-01 1.66972126e-01 1.84345364e-01 1.74912116e-01
 1.49485949e-01 1.39497118e-01 2.47523277e-01 1.35018688e-01
 1.22568004e-01 1.36149424e-01 1.30847398e-01 1.10938210e-01
 1.06418645e-01]

 