Iteration 0:
############################
Gradient = 
[ 3.61753856e-04 -8.62857684e-04 -6.02876165e-04 -3.77843517e-04
 -2.27256624e-03 -1.40152853e-04  2.50215756e-04  2.58921110e-03
 -1.22432423e-04 -7.29463048e-04 -4.34773565e-03 -2.62221912e-03
 -8.16413416e-03 -4.45721927e-03 -1.54776829e-03 -3.50476166e-03
 -3.55317686e-03  2.18668208e-02  9.56924398e-03  1.03927282e-02
  1.28530815e-02  6.76304205e-03  3.64855538e-03  1.63808679e-03
 -2.89858850e-04  2.14519769e-03  3.02386267e-03  1.76519169e-02
  8.61800261e-03  6.62345071e-03  1.25420767e-02  5.71958848e-03
  2.92507092e-01  1.42042995e-01  1.40527482e-01  1.45288965e-01
  1.53450297e-01  3.26370517e-01  1.59315219e-01  1.59026411e-01
  1.65633893e-01  1.70878247e-01  3.46340723e-01  1.70734021e-01
  1.67706506e-01  1.73569098e-01  1.83470871e-01  3.29204698e-01
  1.60616124e-01  1.60390346e-01  1.68210766e-01  1.73610953e-01
  3.28497648e-01  1.58201126e-01  1.59149347e-01  1.67006263e-01
  1.74007611e-01]

Gradient approximate =
[ 1.99009702e-04  7.58238559e-04  2.13858657e-04 -1.12571030e-04
 -4.95500507e-04 -1.98117178e-04 -2.23964187e-04 -1.11422078e-03
 -3.91299366e-04 -4.53414710e-04 -1.41920011e-03 -4.00248887e-04
 -9.48222824e-03 -3.73355446e-03 -4.13245491e-03 -5.86275001e-03
 -3.58919172e-03  2.53274669e-02  1.06536736e-02  1.13360282e-02
  2.93199419e-01  1.46555011e-01  1.38264319e-01  1.41982236e-01
  1.48096434e-01  3.17497633e-01  1.55615109e-01  1.50245612e-01
  1.58643457e-01  1.64527197e-01  3.12230715e-01  1.52511524e-01
  1.50508748e-01  1.58069783e-01  1.63851136e-01  2.90258307e-01
  1.41998680e-01  1.39697955e-01  1.46482788e-01  1.52336249e-01
  3.38258191e-01  1.65203943e-01  1.62717156e-01  1.70665048e-01
  1.77080408e-01  0.00000000e+00  0.00000000e+00  0.00000000e+00
  0.00000000e+00  0.00000000e+00  0.00000000e+00  0.00000000e+00
  0.00000000e+00  0.00000000e+00  0.00000000e+00  0.00000000e+00
  0.00000000e+00]

Diff = 
[1.62744154e-04 1.62109624e-03 8.16734822e-04 2.65272487e-04
 1.77706574e-03 5.79643248e-05 4.74179943e-04 3.70343188e-03
 2.68866943e-04 2.76048338e-04 2.92853554e-03 2.22197023e-03
 1.31809407e-03 7.23664811e-04 2.58468662e-03 2.35798836e-03
 3.60148651e-05 3.46064606e-03 1.08442965e-03 9.43300049e-04
 2.80346337e-01 1.39791968e-01 1.34615764e-01 1.40344150e-01
 1.48386293e-01 3.15352436e-01 1.52591246e-01 1.32593695e-01
 1.50025455e-01 1.57903746e-01 2.99688638e-01 1.46791936e-01
 1.41998343e-01 1.60267875e-02 2.33236539e-02 1.44969343e-01
 1.14516173e-02 1.86672562e-01 1.28324315e-02 6.69016227e-03
 1.72624298e-01 5.67430365e-03 1.83623567e-01 6.89730953e-05
 9.37390184e-03 1.73569098e-01 1.83470871e-01 3.29204698e-01
 1.60616124e-01 1.60390346e-01 1.68210766e-01 1.73610953e-01
 3.28497648e-01 1.58201126e-01 1.59149347e-01 1.67006263e-01
 1.74007611e-01]

 Iteration 100:
############################
Gradient = 
[-1.25336665e-04 -2.43353297e-03 -1.11729554e-03  3.73552545e-05
 -1.04546448e-03  2.18411399e-04 -1.06002002e-03 -1.85779666e-03
 -1.43219674e-03  7.72177674e-04  6.52089796e-04 -1.12814548e-03
 -2.12281719e-02 -9.86164553e-03 -7.27154358e-03 -1.11376603e-02
 -8.79997036e-03 -2.31856546e-02 -9.88460753e-03 -9.84567753e-03
 -1.37203262e-02 -1.20209681e-02 -1.80812799e-02 -7.85715137e-03
 -9.96341026e-03 -1.04892572e-02 -6.23703499e-03 -2.61193882e-02
 -9.94356042e-03 -1.28600781e-02 -1.32766704e-02 -1.21115441e-02
  2.81133124e-01  1.37835716e-01  1.36931280e-01  1.42981142e-01
  1.47961682e-01  3.20393062e-01  1.60459818e-01  1.56772532e-01
  1.64144471e-01  1.69027283e-01  2.47152455e-01  1.21001240e-01
  1.14399037e-01  1.21500469e-01  1.27568972e-01  1.62131782e-01
  7.70329942e-02  7.22760972e-02  7.88221998e-02  8.48822111e-02
  2.09794357e-01  1.00181565e-01  9.71829883e-02  1.05374358e-01
  1.09507870e-01]

Gradient approximate =
[ 1.03100797e-04  5.63483284e-04  2.08890683e-05 -1.75656378e-05
 -6.96803966e-04  9.23620402e-05 -7.07740806e-04 -2.58126097e-03
 -1.15570149e-03 -1.52618687e-04 -3.87576862e-04 -7.01822955e-05
 -1.68682153e-02 -6.81448616e-03 -7.42549407e-03 -1.03463823e-02
 -6.54910064e-03  1.80277712e-02  7.52961726e-03  8.08324747e-03
  2.91934172e-01  1.47132972e-01  1.32640737e-01  1.41219805e-01
  1.48125951e-01  3.18698536e-01  1.57405642e-01  1.40295751e-01
  1.57037577e-01  1.63636191e-01  3.02394192e-01  1.48428493e-01
  1.49956027e-01  1.58282449e-01  1.64935485e-01  3.11258563e-01
  1.54667011e-01  1.50339955e-01  1.58442534e-01  1.65586324e-01
  2.81335409e-01  1.39564372e-01  1.35822723e-01  1.43160306e-01
  1.49253197e-01  0.00000000e+00  0.00000000e+00  0.00000000e+00
  0.00000000e+00  0.00000000e+00  0.00000000e+00  0.00000000e+00
  0.00000000e+00  0.00000000e+00  0.00000000e+00  0.00000000e+00
  0.00000000e+00]

Diff = 
[2.28437461e-04 2.99701625e-03 1.13818461e-03 5.49208923e-05
 3.48660512e-04 1.26049358e-04 3.52279218e-04 7.23464313e-04
 2.76495245e-04 9.24796360e-04 1.03966666e-03 1.05796319e-03
 4.35995658e-03 3.04715937e-03 1.53950483e-04 7.91277996e-04
 2.25086972e-03 4.12134258e-02 1.74142248e-02 1.79289250e-02
 3.05654498e-01 1.59153940e-01 1.50722017e-01 1.49076956e-01
 1.58089361e-01 3.29187793e-01 1.63642677e-01 1.66415139e-01
 1.66981137e-01 1.76496269e-01 3.15670863e-01 1.60540037e-01
 1.31177097e-01 2.04467330e-02 2.80042045e-02 1.68277420e-01
 6.70532900e-03 1.70053107e-01 2.01728412e-03 8.81379193e-03
 1.17190938e-01 2.94629111e-02 1.11329733e-01 2.21590668e-02
 3.48541595e-02 1.21500469e-01 1.27568972e-01 1.62131782e-01
 7.70329942e-02 7.22760972e-02 7.88221998e-02 8.48822111e-02
 2.09794357e-01 1.00181565e-01 9.71829883e-02 1.05374358e-01
 1.09507870e-01]

 Iteration 200:
############################
Gradient = 
[-4.56535805e-04 -3.27007675e-03 -1.20873260e-03 -3.83437224e-05
 -1.15550418e-03  1.33118251e-04 -1.27140896e-03 -1.96795980e-03
 -1.27654269e-03  5.97819199e-04 -3.44448855e-04 -1.51246364e-03
 -1.47221880e-02 -7.12133366e-03 -4.29922450e-03 -6.91539655e-03
 -6.12895470e-03 -2.44537002e-02 -1.09004314e-02 -1.03507303e-02
 -1.36796661e-02 -1.29937800e-02 -1.74161013e-02 -7.77175832e-03
 -9.53301736e-03 -9.63417547e-03 -6.19384679e-03 -2.83670816e-02
 -1.10384665e-02 -1.36558914e-02 -1.41443343e-02 -1.30812129e-02
  2.91372824e-01  1.45759668e-01  1.46063837e-01  1.51040143e-01
  1.57522554e-01  3.31285090e-01  1.68940209e-01  1.67016447e-01
  1.73003295e-01  1.79606844e-01  1.79761069e-01  8.94349312e-02
  7.78032007e-02  8.56964270e-02  9.10346063e-02  4.36853110e-02
  1.51547075e-02  8.31020274e-03  1.52299084e-02  1.88782784e-02
  1.01453225e-01  4.33580032e-02  4.13853694e-02  4.88072905e-02
  5.11432456e-02]

Gradient approximate =
[-7.05619274e-05  2.40292140e-04 -2.94449667e-04  1.37818998e-04
 -2.43538523e-04  3.16564950e-04 -9.16509064e-04 -2.71776110e-03
 -1.59767841e-03 -1.00700770e-04 -4.66771486e-04  3.71309095e-05
 -1.25696153e-02 -5.07563356e-03 -5.52524520e-03 -7.78788269e-03
 -4.83160740e-03  2.44526263e-02  1.02715336e-02  1.09714140e-02
  3.06122316e-01  1.57308378e-01  1.45910909e-01  1.51023653e-01
  1.59504180e-01  3.32342377e-01  1.67578913e-01  1.39611148e-01
  1.60879659e-01  1.69051153e-01  3.08082507e-01  1.52536440e-01
  1.59740290e-01  1.67115509e-01  1.75409929e-01  3.21186816e-01
  1.62417573e-01  1.59324507e-01  1.66454643e-01  1.75191892e-01
  2.49951110e-01  1.26185656e-01  1.23947275e-01  1.29510109e-01
  1.35924934e-01  0.00000000e+00  0.00000000e+00  0.00000000e+00
  0.00000000e+00  0.00000000e+00  0.00000000e+00  0.00000000e+00
  0.00000000e+00  0.00000000e+00  0.00000000e+00  0.00000000e+00
  0.00000000e+00]

Diff = 
[3.85973877e-04 3.51036889e-03 9.14282935e-04 1.76162721e-04
 9.11965661e-04 1.83446699e-04 3.54899893e-04 7.49801305e-04
 3.21135718e-04 6.98519969e-04 1.22322631e-04 1.54959455e-03
 2.15257277e-03 2.04570010e-03 1.22602069e-03 8.72486136e-04
 1.29734731e-03 4.89063265e-02 2.11719650e-02 2.13221443e-02
 3.19801982e-01 1.70302158e-01 1.63327010e-01 1.58795412e-01
 1.69037198e-01 3.41976553e-01 1.73772759e-01 1.67978230e-01
 1.71918126e-01 1.82707045e-01 3.22226842e-01 1.65617653e-01
 1.31632535e-01 2.13558410e-02 2.93460919e-02 1.70146673e-01
 4.89501940e-03 1.71960583e-01 2.48556553e-03 8.17544468e-03
 7.69478154e-02 5.34211883e-02 5.58137942e-02 4.00751777e-02
 5.81217336e-02 8.56964270e-02 9.10346063e-02 4.36853110e-02
 1.51547075e-02 8.31020274e-03 1.52299084e-02 1.88782784e-02
 1.01453225e-01 4.33580032e-02 4.13853694e-02 4.88072905e-02
 5.11432456e-02]

 Iteration 300:
############################
Gradient = 
[-2.74316665e-04 -2.13859102e-03 -5.91305044e-04  2.45100251e-04
  2.09166467e-04  5.39802758e-04 -4.51635610e-04  1.75708207e-03
  1.86429775e-04  7.28781367e-05 -2.40596769e-03 -2.22799968e-03
  2.67074797e-03  1.41950388e-04  3.43255781e-03  3.79383910e-03
  7.83230967e-04  3.92909582e-03  5.87553115e-04  2.32044458e-03
  4.05743582e-03 -2.12521677e-03 -1.88210409e-03 -1.42792411e-03
 -2.50722100e-03  9.56792135e-05 -2.38933978e-04 -1.57293810e-02
 -5.84782183e-03 -7.81270962e-03 -6.08462112e-03 -8.12866784e-03
  2.96607171e-01  1.49376948e-01  1.50601307e-01  1.55351419e-01
  1.63608861e-01  3.38811592e-01  1.73746837e-01  1.73261075e-01
  1.78821141e-01  1.87546653e-01  1.12061463e-01  5.57830168e-02
  3.82781098e-02  4.78615070e-02  5.20071739e-02 -4.93902233e-02
 -3.56503076e-02 -4.57006876e-02 -3.71209315e-02 -3.62140063e-02
  2.09830153e-02 -1.38976211e-03 -1.67575594e-03  5.58552060e-03
  6.21822849e-03]

Gradient approximate =
[-2.06705306e-04  1.61180755e-04 -5.83933253e-04  2.10546991e-04
 -1.13081255e-05  4.04907223e-04 -1.08124060e-03 -2.58137613e-03
 -2.00907700e-03 -6.28101104e-05 -4.85577027e-04  9.97880423e-05
 -9.48327592e-03 -3.80888877e-03 -4.14826610e-03 -5.93301797e-03
 -3.60963041e-03  2.79811407e-02  1.18319784e-02  1.25616055e-02
  3.13515198e-01  1.62196629e-01  1.53447888e-01  1.56619378e-01
  1.66904944e-01  3.41817221e-01  1.73627531e-01  1.38398513e-01
  1.63095012e-01  1.73384119e-01  3.11724453e-01  1.53999512e-01
  1.65352649e-01  1.72610806e-01  1.82937663e-01  3.27944473e-01
  1.66719676e-01  1.64595783e-01  1.71613788e-01  1.82334338e-01
  2.14849131e-01  1.09035508e-01  1.07811258e-01  1.12417874e-01
  1.19045304e-01  0.00000000e+00  0.00000000e+00  0.00000000e+00
  0.00000000e+00  0.00000000e+00  0.00000000e+00  0.00000000e+00
  0.00000000e+00  0.00000000e+00  0.00000000e+00  0.00000000e+00
  0.00000000e+00]

Diff = 
[6.76113593e-05 2.29977178e-03 7.37179075e-06 3.45532601e-05
 2.20474592e-04 1.34895535e-04 6.29604987e-04 4.33845819e-03
 2.19550678e-03 1.35688247e-04 1.92039066e-03 2.32778772e-03
 1.21540239e-02 3.95083916e-03 7.58082391e-03 9.72685707e-03
 4.39286137e-03 2.40520449e-02 1.12444253e-02 1.02411610e-02
 3.09457762e-01 1.64321846e-01 1.55329992e-01 1.58047302e-01
 1.69412165e-01 3.41721542e-01 1.73866465e-01 1.54127894e-01
 1.68942834e-01 1.81196829e-01 3.17809074e-01 1.62128180e-01
 1.31254522e-01 2.32338581e-02 3.23363551e-02 1.72593054e-01
 3.11081536e-03 1.74215809e-01 2.13304951e-03 9.07326309e-03
 3.60279895e-02 7.85111453e-02 4.25020493e-03 5.66348573e-02
 8.07671940e-02 4.78615070e-02 5.20071739e-02 4.93902233e-02
 3.56503076e-02 4.57006876e-02 3.71209315e-02 3.62140063e-02
 2.09830153e-02 1.38976211e-03 1.67575594e-03 5.58552060e-03
 6.21822849e-03]

 Iteration 400:
############################
Gradient = 
[ 9.27181195e-05 -7.46842425e-04  3.50368558e-05  5.60045808e-04
  1.31079484e-03  7.30416810e-04  5.89887567e-04  5.58804707e-03
  1.53149590e-03 -5.44903691e-04 -4.92662516e-03 -3.21124684e-03
  2.27069983e-02  8.43507971e-03  1.21373659e-02  1.57439913e-02
  8.73128595e-03  4.24308525e-02  1.62854421e-02  1.91674984e-02
  2.70754938e-02  1.29099197e-02  1.88928262e-02  7.08942123e-03
  6.67414747e-03  1.25710381e-02  7.85366508e-03  2.76310924e-03
  1.82313916e-03  5.16693500e-04  5.19320115e-03 -8.14224208e-04
  2.90293436e-01  1.44137624e-01  1.44134720e-01  1.50886183e-01
  1.60796216e-01  3.37812819e-01  1.70935498e-01  1.69287097e-01
  1.77045836e-01  1.87991429e-01  5.30633129e-02  2.55607254e-02
  1.46974782e-03  1.34555525e-02  1.60667446e-02 -1.09221336e-01
 -6.90075696e-02 -8.21892071e-02 -7.19004613e-02 -7.36307598e-02
 -3.13900933e-02 -3.20300311e-02 -2.94583806e-02 -2.26064352e-02
 -2.33797496e-02]

Gradient approximate =
[-3.84348258e-04 -9.37114719e-05 -8.97315140e-04  1.31662592e-04
 -4.00633831e-04  3.02576437e-04 -1.34984166e-03 -2.91696604e-03
 -2.51425574e-03 -1.98762784e-05 -4.65461099e-04  1.69436298e-04
 -9.40195370e-03 -3.75827868e-03 -4.08695005e-03 -5.86990433e-03
 -3.59146334e-03  2.47622995e-02  1.05078497e-02  1.10958612e-02
  3.05145783e-01  1.55881588e-01  1.47020105e-01  1.52170843e-01
  1.64068838e-01  3.40689423e-01  1.70873133e-01  1.29076358e-01
  1.58630965e-01  1.71209698e-01  3.06288927e-01  1.47852066e-01
  1.60397992e-01  1.69838230e-01  1.82246660e-01  3.26751930e-01
  1.63959884e-01  1.60487840e-01  1.69734493e-01  1.82539843e-01
  1.76383473e-01  8.83371185e-02  8.66187646e-02  9.16115363e-02
  9.81330421e-02  0.00000000e+00  0.00000000e+00  0.00000000e+00
  0.00000000e+00  0.00000000e+00  0.00000000e+00  0.00000000e+00
  0.00000000e+00  0.00000000e+00  0.00000000e+00  0.00000000e+00
  0.00000000e+00]

Diff = 
[0.00047707 0.00065313 0.00093235 0.00042838 0.00171143 0.00042784
 0.00193973 0.00850501 0.00404575 0.00052503 0.00446116 0.00338068
 0.03210895 0.01219336 0.01622432 0.0216139  0.01232275 0.01766855
 0.00577759 0.00807164 0.27807029 0.14297167 0.12812728 0.14508142
 0.15739469 0.32811838 0.16301947 0.12631325 0.15680783 0.170693
 0.30109573 0.14866629 0.12989544 0.02570061 0.03811194 0.17586575
 0.00316367 0.17732498 0.001201   0.01325275 0.00066236 0.09965431
 0.03355545 0.06605081 0.09666329 0.01345555 0.01606674 0.10922134
 0.06900757 0.08218921 0.07190046 0.07363076 0.03139009 0.03203003
 0.02945838 0.02260644 0.02337975]

 Iteration 500:
############################
Gradient = 
[-2.19089923e-04 -2.52471822e-03 -6.55728497e-04  5.68894320e-05
 -1.25025337e-03 -6.03209627e-04  4.78779252e-04  4.15168182e-03
  7.14228503e-04 -1.70151146e-03 -9.77556205e-03 -5.24702839e-03
  4.02586351e-02  1.55740626e-02  1.95382207e-02  2.57025468e-02
  1.58543476e-02  7.73007649e-02  3.03574659e-02  3.40679646e-02
  4.67923549e-02  2.70038392e-02  3.79188033e-02  1.48035685e-02
  1.48884444e-02  2.34089536e-02  1.54936727e-02  2.02238703e-02
  9.01456033e-03  8.21125997e-03  1.53289653e-02  6.26535288e-03
  2.72257812e-01  1.30430788e-01  1.26980493e-01  1.37691486e-01
  1.48829380e-01  3.27694517e-01  1.60501114e-01  1.54773405e-01
  1.67288751e-01  1.80281979e-01  9.74643498e-03  3.60354134e-03
 -2.64709025e-02 -1.23147651e-02 -1.12248449e-02 -1.42403166e-01
 -8.69383916e-02 -1.01956360e-01 -9.09713917e-02 -9.49735169e-02
 -6.26866229e-02 -5.09103051e-02 -4.37423925e-02 -3.83525267e-02
 -4.01600002e-02]

Gradient approximate =
[-4.87308975e-04 -2.05404702e-04 -1.06282819e-03  5.71880454e-05
 -9.32701654e-04  2.28514572e-04 -1.53079409e-03 -3.17087621e-03
 -2.83687980e-03  1.36633256e-04 -9.78101111e-05  4.05502290e-04
 -1.22715052e-02 -4.93613428e-03 -5.33859404e-03 -7.56946849e-03
 -4.81735041e-03  1.50933326e-02  6.43987831e-03  6.77980146e-03
  2.81180849e-01  1.38823444e-01  1.26943022e-01  1.37714981e-01
  1.50756107e-01  3.28397096e-01  1.59274739e-01  1.10886620e-01
  1.46898863e-01  1.61622357e-01  2.91087322e-01  1.34105356e-01
  1.44891878e-01  1.58647796e-01  1.72886281e-01  3.17153216e-01
  1.54213131e-01  1.46797898e-01  1.60524696e-01  1.75267397e-01
  1.38281917e-01  6.70775715e-02  6.39827561e-02  6.99633446e-02
  7.60149081e-02  0.00000000e+00  0.00000000e+00  0.00000000e+00
  0.00000000e+00  0.00000000e+00  0.00000000e+00  0.00000000e+00
  0.00000000e+00  0.00000000e+00  0.00000000e+00  0.00000000e+00
  0.00000000e+00]

Diff = 
[2.68219052e-04 2.31931352e-03 4.07099691e-04 2.98613429e-07
 3.17551717e-04 8.31724199e-04 2.00957334e-03 7.32255803e-03
 3.55110831e-03 1.83814471e-03 9.67775194e-03 5.65253068e-03
 5.25301403e-02 2.05101968e-02 2.48768147e-02 3.32720153e-02
 2.06716980e-02 6.22074323e-02 2.39175876e-02 2.72881632e-02
 2.34388495e-01 1.11819605e-01 8.90242192e-02 1.22911412e-01
 1.35867663e-01 3.04988142e-01 1.43781066e-01 9.06627500e-02
 1.37884303e-01 1.53411097e-01 2.75758356e-01 1.27840003e-01
 1.27365934e-01 2.82170081e-02 4.59057873e-02 1.79461730e-01
 5.38375134e-03 1.80896618e-01 2.35826998e-05 2.04939925e-02
 2.90068341e-02 1.13204408e-01 5.42363211e-02 6.63598033e-02
 1.02485811e-01 1.23147651e-02 1.12248449e-02 1.42403166e-01
 8.69383916e-02 1.01956360e-01 9.09713917e-02 9.49735169e-02
 6.26866229e-02 5.09103051e-02 4.37423925e-02 3.83525267e-02
 4.01600002e-02]

 Iteration 600:
############################
Gradient = 
[-0.00163022 -0.00882431 -0.00327035 -0.00162909 -0.00860918 -0.00398608
 -0.00133839 -0.00424021 -0.00302356 -0.00369484 -0.01795721 -0.00879934
  0.05371     0.02114823  0.02527761  0.03312287  0.02183246  0.10199039
  0.04063033  0.04488617  0.06025435  0.03818439  0.0521268   0.02071512
  0.02116954  0.03125848  0.02180241  0.03343489  0.01456016  0.01411714
  0.02272433  0.01207994  0.24619995  0.11146081  0.1035371   0.11891984
  0.13079294  0.31079683  0.14478075  0.13319628  0.151836    0.16659311
 -0.01690056 -0.00920321 -0.04397385 -0.02821687 -0.02832819 -0.15937139
 -0.0947092  -0.11027157 -0.09959811 -0.10549511 -0.08055091 -0.06167408
 -0.0484965  -0.04561376 -0.04814724]

Gradient approximate =
[-2.65388345e-04  7.12737023e-04 -7.72914672e-04  2.92931834e-04
 -4.88798610e-04  5.66104814e-04 -1.23834610e-03 -1.96905611e-03
 -2.48457156e-03  6.08574584e-04  1.32478282e-03  1.06787844e-03
 -1.68626445e-02 -6.92697574e-03 -7.46130947e-03 -1.03743899e-02
 -6.95389009e-03  2.03891710e-03  9.17577692e-04  9.78590393e-04
  2.47298469e-01  1.15220940e-01  9.87929522e-02  1.16887621e-01
  1.30565630e-01  3.08079944e-01  1.41556596e-01  8.70788547e-02
  1.30006191e-01  1.46586523e-01  2.69171183e-01  1.15561983e-01
  1.22925980e-01  1.41921242e-01  1.57619709e-01  3.01421944e-01
  1.39698249e-01  1.26765634e-01  1.46144052e-01  1.62593200e-01
  1.04444993e-01  4.82469900e-02  4.39056282e-02  5.05972117e-02
  5.59230837e-02  0.00000000e+00  0.00000000e+00  0.00000000e+00
  0.00000000e+00  0.00000000e+00  0.00000000e+00  0.00000000e+00
  0.00000000e+00  0.00000000e+00  0.00000000e+00  0.00000000e+00
  0.00000000e+00]

Diff = 
[1.36483485e-03 9.53704828e-03 2.49744010e-03 1.92201830e-03
 8.12038288e-03 4.55218691e-03 1.00042340e-04 2.27115357e-03
 5.38987591e-04 4.30341387e-03 1.92819973e-02 9.86722145e-03
 7.05726485e-02 2.80752029e-02 3.27389178e-02 4.34972591e-02
 2.87863497e-02 9.99514723e-02 3.97127498e-02 4.39075844e-02
 1.87044123e-01 7.70365493e-02 4.66661511e-02 9.61724979e-02
 1.09396085e-01 2.76821464e-01 1.19754183e-01 5.36439642e-02
 1.15446028e-01 1.32469384e-01 2.46446855e-01 1.03482045e-01
 1.23273973e-01 3.04604281e-02 5.40826127e-02 1.82502099e-01
 8.90530948e-03 1.84031196e-01 1.36330037e-03 2.93969241e-02
 4.73910029e-02 1.18346124e-01 6.08061841e-02 5.98004216e-02
 9.98969302e-02 2.82168750e-02 2.83281915e-02 1.59371387e-01
 9.47091993e-02 1.10271570e-01 9.95981050e-02 1.05495107e-01
 8.05509085e-02 6.16740773e-02 4.84964977e-02 4.56137613e-02
 4.81472410e-02]

 Iteration 700:
############################
Gradient = 
[-0.00395525 -0.01854604 -0.00747609 -0.00422996 -0.01931405 -0.00894808
 -0.0043612  -0.0169459  -0.00878278 -0.00636501 -0.02856224 -0.01358382
  0.06296777  0.0255733   0.02984178  0.03865184  0.02699751  0.11415906
  0.04695432  0.05155503  0.06751613  0.04602751  0.06074346  0.02497214
  0.02573027  0.03644561  0.0268188   0.04152592  0.01844144  0.0182712
  0.02747762  0.01652683  0.21679509  0.09065009  0.07861251  0.09814375
  0.11038168  0.29023443  0.1263885   0.10880822  0.13347901  0.14973762
 -0.02930051 -0.0144214  -0.05280564 -0.035687   -0.03652187 -0.16738604
 -0.09635957 -0.11187327 -0.10193416 -0.10943443 -0.09025583 -0.06711858
 -0.0473101  -0.04752253 -0.05058451]

Gradient approximate =
[ 4.33389060e-04  3.23050020e-03  1.52014896e-04  1.03044947e-03
  1.67348979e-03  1.55241004e-03 -2.83571870e-04  1.38986293e-03
 -1.22324921e-03  1.51939411e-03  4.26398195e-03  2.31528374e-03
 -2.18137147e-02 -9.36510823e-03 -1.00776604e-02 -1.37085618e-02
 -9.69377982e-03 -1.07015843e-02 -4.71997842e-03 -4.93571247e-03
  2.10123478e-01  8.96062597e-02  6.87121391e-02  9.37163694e-02
  1.07655333e-01  2.83582968e-01  1.20715276e-01  6.14999805e-02
  1.10518930e-01  1.28671316e-01  2.44488486e-01  9.52976819e-02
  9.92744521e-02  1.23071596e-01  1.39902739e-01  2.82515055e-01
  1.22814417e-01  1.04230518e-01  1.29149639e-01  1.47126143e-01
  7.71275280e-02  3.34058612e-02  2.85393641e-02  3.52466467e-02
  3.97442726e-02  0.00000000e+00  0.00000000e+00  0.00000000e+00
  0.00000000e+00  0.00000000e+00  0.00000000e+00  0.00000000e+00
  0.00000000e+00  0.00000000e+00  0.00000000e+00  0.00000000e+00
  0.00000000e+00]

Diff = 
[0.00438864 0.02177654 0.00762811 0.00526041 0.02098754 0.01050049
 0.00407762 0.01833576 0.00755954 0.00788441 0.03282622 0.01589911
 0.08478149 0.0349384  0.03991944 0.0523604  0.03669129 0.12486065
 0.0516743  0.05649074 0.14260734 0.04357875 0.00796868 0.06874423
 0.08192507 0.24713736 0.09389648 0.01997406 0.09207749 0.11040011
 0.21701087 0.07877085 0.11752064 0.0324215  0.06129023 0.1843713
 0.01243274 0.18600391 0.00276114 0.03831792 0.05635148 0.11633176
 0.05783987 0.04966805 0.09254992 0.035687   0.03652187 0.16738604
 0.09635957 0.11187327 0.10193416 0.10943443 0.09025583 0.06711858
 0.0473101  0.04752253 0.05058451]

 Iteration 800:
############################
Gradient = 
[-0.0066109  -0.02908937 -0.01228335 -0.00705439 -0.03027749 -0.01428411
 -0.00745217 -0.02889831 -0.01457544 -0.00910891 -0.03887649 -0.01854626
  0.0681689   0.02920111  0.03358813  0.04270465  0.03151854  0.1138709
  0.04951952  0.05420889  0.06890135  0.0501767   0.06387411  0.02784195
  0.02882318  0.03930715  0.03057212  0.04463765  0.02086436  0.02087783
  0.02989949  0.01961072  0.18818913  0.0705171   0.05567753  0.07807555
  0.09049082  0.26879615  0.10734801  0.08510816  0.11448894  0.13203884
 -0.03043793 -0.0141341  -0.05572547 -0.03685818 -0.03785319 -0.17026415
 -0.09418432 -0.10997332 -0.10040779 -0.10928618 -0.09489764 -0.06896485
 -0.04281356 -0.04608356 -0.04954662]

Gradient approximate =
[ 0.00155756  0.00717426  0.00165114  0.00223042  0.00545888  0.00314173
  0.0011594   0.00625687  0.00071732  0.00280641  0.00850579  0.00406996
 -0.02614486 -0.01206746 -0.01298696 -0.01720571 -0.0128437  -0.02034365
 -0.00957244 -0.01004124  0.17508967  0.06534756  0.04112726  0.07115196
  0.0851556   0.25810316  0.09900041  0.03704704  0.09046339  0.10994764
  0.22047616  0.07556744  0.0775914   0.10479385  0.12254322  0.26306671
  0.10535151  0.08228867  0.11156595  0.13096625  0.05697304  0.02283843
  0.01820038  0.02429886  0.02799923  0.          0.          0.
  0.          0.          0.          0.          0.          0.
  0.          0.          0.        ]

Diff = 
[0.00816846 0.03626363 0.01393449 0.00928481 0.03573637 0.01742584
 0.00861157 0.03515519 0.01529276 0.01191532 0.04738228 0.02261622
 0.09431376 0.04126856 0.04657508 0.05991036 0.04436224 0.13421456
 0.05909196 0.06425013 0.10618832 0.01517086 0.02274686 0.04331001
 0.05633241 0.21879601 0.0684283  0.00759061 0.06959903 0.08906981
 0.19057666 0.05595673 0.11059773 0.03427674 0.06686569 0.18499116
 0.01486069 0.18650748 0.00421793 0.04585809 0.05751589 0.10920041
 0.04863831 0.03843295 0.0837247  0.03685818 0.03785319 0.17026415
 0.09418432 0.10997332 0.10040779 0.10928618 0.09489764 0.06896485
 0.04281356 0.04608356 0.04954662]

 Iteration 900:
############################
Gradient = 
[-0.00882053 -0.03715472 -0.01634313 -0.00922679 -0.03777145 -0.01840683
 -0.00948381 -0.03549094 -0.01838888 -0.01105991 -0.04516008 -0.02212117
  0.06944074  0.03190822  0.03631064  0.04495711  0.03498075  0.10358166
  0.04837991  0.05273523  0.06455262  0.05002864  0.06212942  0.02923507
  0.03024556  0.0396238   0.03263048  0.04343306  0.02180337  0.0218359
  0.02994227  0.02103489  0.16347678  0.0526527   0.03673387  0.06044178
  0.0729913   0.24870076  0.08915407  0.06453987  0.09656619  0.11521239
 -0.02319264 -0.01041334 -0.05551322 -0.03393387 -0.03445315 -0.16987463
 -0.08955172 -0.10679342 -0.0964924  -0.10652208 -0.09631218 -0.06835234
 -0.03701717 -0.04263865 -0.04635348]

Gradient approximate =
[ 0.00288136  0.01170688  0.00344886  0.00365661  0.01004393  0.00503233
  0.00268032  0.0111233   0.00279045  0.00422297  0.01314181  0.00599783
 -0.02929378 -0.01486609 -0.01596334 -0.02045708 -0.01612573 -0.02577393
 -0.01315789 -0.01380508  0.14601282  0.04461419  0.01855291  0.05104564
  0.06507404  0.23414672  0.07808431  0.01552451  0.07127929  0.09186637
  0.19953804  0.05765689  0.05994604  0.08881693  0.10738666  0.24513611
  0.08859182  0.06314431  0.09488573  0.1156176   0.04356556  0.01607036
  0.01206634  0.01730562  0.0203514   0.          0.          0.
  0.          0.          0.          0.          0.          0.
  0.          0.          0.        ]

Diff = 
[0.0117019  0.0488616  0.01979199 0.01288341 0.04781538 0.02343917
 0.01216414 0.04661424 0.02117933 0.01528288 0.05830189 0.02811901
 0.09873452 0.04677431 0.05227398 0.06541419 0.05110648 0.12935559
 0.06153779 0.06654031 0.0814602  0.00541445 0.04357651 0.02181057
 0.03482847 0.19452292 0.04545384 0.02790855 0.04947593 0.07003047
 0.16959577 0.036622   0.10353074 0.03616423 0.0706528  0.18469432
 0.01560052 0.18555646 0.00573166 0.05107773 0.05300063 0.09914202
 0.03525897 0.02771896 0.07586462 0.03393387 0.03445315 0.16987463
 0.08955172 0.10679342 0.0964924  0.10652208 0.09631218 0.06835234
 0.03701717 0.04263865 0.04635348]

 