Iteration 0:
############################
Gradient = 
[ 0.01265517  0.06441004  0.01869616 -0.00260745 -0.01449926 -0.00218145
  0.31070536  0.16638976  0.10340324  0.27237938  0.13705195  0.1000321
  0.31694629  0.1619621   0.12559789  0.30404055  0.15655349  0.10976323
  0.30108464  0.15206026  0.12202971]

Gradient approximate =
[ 1.26551732e-02  6.49594177e-02  1.36781518e-02 -2.60744635e-03
 -9.70617949e-03  2.66210500e-04  3.10705355e-01  1.61618582e-01
  1.03109673e-01  2.72379381e-01  1.38238382e-01  1.03882270e-01
  3.16946290e-01  1.58166188e-01  1.27631278e-01  3.04040552e-01
  1.52144887e-01  1.09835381e-01  3.01084639e-01  1.55892513e-01
  1.18486424e-01]

Diff = 
[3.43484442e-12 5.49374282e-04 5.01800379e-03 2.63705091e-11
 4.79307745e-03 2.44765934e-03 2.05979678e-11 4.77117849e-03
 2.93571905e-04 3.51822460e-11 1.18642961e-03 3.85017117e-03
 1.34922629e-11 3.79591114e-03 2.03338613e-03 1.11161080e-11
 4.40860286e-03 7.21469455e-05 8.70409300e-12 3.83225071e-03
 3.54328799e-03]

 Iteration 100:
############################
Gradient = 
[-0.02455667 -0.07934455 -0.02586428 -0.0275355  -0.10532808 -0.03047054
  0.21787378  0.12057487  0.08775245  0.19045871  0.09402235  0.07716321
  0.22083293  0.10983926  0.09423437  0.21328289  0.11023047  0.0889802
  0.21074164  0.10361975  0.09348348]

Gradient approximate =
[-0.02455667 -0.07986643 -0.03128088 -0.0275355  -0.10390157 -0.02895643
  0.21787378  0.12273223  0.09211522  0.19045871  0.10085672  0.08539621
  0.22083293  0.11272246  0.10173247  0.21328289  0.11229676  0.09393356
  0.21074164  0.11372751  0.09529573]

Diff = 
[4.94534899e-11 5.21879425e-04 5.41659282e-03 2.54600160e-11
 1.42650849e-03 1.51410487e-03 7.66302577e-11 2.15735861e-03
 4.36277214e-03 8.88804030e-11 6.83436801e-03 8.23300156e-03
 6.62749300e-11 2.88320327e-03 7.49809862e-03 6.08325057e-11
 2.06628842e-03 4.95336183e-03 7.53137830e-11 1.01077527e-02
 1.81225082e-03]

 Iteration 200:
############################
Gradient = 
[-0.03017862 -0.09623796 -0.03027555 -0.03167818 -0.11433251 -0.03365982
  0.14349914  0.10169922  0.0840395   0.12568132  0.06610072  0.05856433
  0.14716859  0.07310803  0.0654966   0.14196323  0.0857492   0.07678325
  0.14021857  0.0694986   0.0680761 ]

Gradient approximate =
[-0.03017862 -0.10155025 -0.03722324 -0.03167818 -0.11875559 -0.03385519
  0.14349914  0.10947496  0.09276632  0.12568132  0.0769772   0.0702437
  0.14716859  0.08059859  0.07704576  0.14196323  0.09276735  0.08594578
  0.14021857  0.08397365  0.07398439]

Diff = 
[2.40694305e-11 5.31228557e-03 6.94769956e-03 3.73901812e-11
 4.42307737e-03 1.95364923e-04 1.12328147e-10 7.77574636e-03
 8.72682260e-03 1.35371520e-10 1.08764813e-02 1.16793663e-02
 1.15970233e-10 7.49056534e-03 1.15491607e-02 1.27224842e-10
 7.01815329e-03 9.16253218e-03 1.20874394e-10 1.44750482e-02
 5.90828511e-03]

 Iteration 300:
############################
Gradient = 
[-0.02298933 -0.06529598 -0.01964708 -0.02381344 -0.0776629  -0.02310453
  0.08782628  0.07596564  0.06752104  0.08125343  0.03928735  0.03620817
  0.09726201  0.04141591  0.03650191  0.09030098  0.0580183   0.05565296
  0.09212237  0.03856334  0.04120788]

Gradient approximate =
[-0.02298933 -0.07472457 -0.02786652 -0.02381344 -0.08697486 -0.02474691
  0.08782628  0.08823306  0.08010827  0.08125343  0.05280037  0.050274
  0.09726201  0.0517575   0.05059992  0.09030098  0.06865809  0.0681748
  0.09212237  0.05573232  0.04985584]

Diff = 
[8.66451702e-12 9.42858541e-03 8.21944476e-03 1.11383056e-11
 9.31195428e-03 1.64237531e-03 1.42239776e-10 1.22674132e-02
 1.25872388e-02 1.61049285e-10 1.35130275e-02 1.40658380e-02
 1.34261186e-10 1.03415890e-02 1.40980169e-02 1.45307683e-10
 1.06397922e-02 1.25218387e-02 1.43643542e-10 1.71689751e-02
 8.64795482e-03]

 Iteration 400:
############################
Gradient = 
[-0.01572679 -0.03813389 -0.01048227 -0.01591324 -0.04578842 -0.01364004
  0.05205828  0.05255931  0.04818224  0.05495679  0.02007314  0.01853217
  0.06775786  0.02009225  0.01602558  0.05803343  0.03544344  0.03546065
  0.06357181  0.01728697  0.02141341]

Gradient approximate =
[-0.01572679 -0.05012552 -0.01944632 -0.01591324 -0.05815898 -0.01619375
  0.05205828  0.06804111  0.0636746   0.05495679  0.03504961  0.03395167
  0.06775786  0.03194485  0.03141177  0.05803343  0.04840843  0.05025884
  0.06357181  0.03582542  0.03160725]

Diff = 
[1.04327970e-11 1.19916346e-02 8.96404885e-03 2.93559170e-11
 1.23705644e-02 2.55370427e-03 1.47326776e-10 1.54818050e-02
 1.54923589e-02 1.51903726e-10 1.49764758e-02 1.54195064e-02
 1.49800228e-10 1.18526012e-02 1.53861913e-02 1.63312218e-10
 1.29649839e-02 1.47981858e-02 1.43994566e-10 1.85384450e-02
 1.01938357e-02]

 Iteration 500:
############################
Gradient = 
[-0.01069215 -0.02131242 -0.00483266 -0.01051108 -0.02626764 -0.00773785
  0.03024045  0.03584506  0.03327029  0.03982313  0.00819116  0.00719901
  0.05067821  0.00717998  0.00350897  0.03876582  0.02036781  0.02116377
  0.04704446  0.00438292  0.00901684]

Gradient approximate =
[-0.01069215 -0.03476763 -0.01417107 -0.01051108 -0.04041308 -0.01081823
  0.03024045  0.05352876  0.05079475  0.03982313  0.02385656  0.0232457
  0.05067821  0.01969414  0.01936276  0.03876582  0.03471296  0.03736599
  0.04704446  0.02344168  0.01995371]

Diff = 
[5.81239917e-13 1.34552052e-02 9.33841203e-03 3.02908341e-11
 1.41454405e-02 3.08038288e-03 1.73419459e-10 1.76836968e-02
 1.75244640e-02 1.56228461e-10 1.56653971e-02 1.60466880e-02
 1.53716803e-10 1.25141621e-02 1.58537952e-02 1.56572769e-10
 1.43451444e-02 1.62022276e-02 1.57417676e-10 1.90587529e-02
 1.09368682e-02]

 Iteration 600:
############################
Gradient = 
[-0.0073619  -0.01143185 -0.0015434  -0.00698557 -0.01488217 -0.00426168
  0.01692308  0.02472969  0.02305863  0.03096621  0.00115471  0.00039157
  0.04056684 -0.0004532  -0.00385862  0.02719559  0.01090073  0.01193731
  0.03729373 -0.00317348  0.00158724]

Gradient approximate =
[-0.0073619  -0.02569151 -0.01103558 -0.00698557 -0.03004048 -0.0076372
  0.01692308  0.04392115  0.04198611  0.03096621  0.01704141  0.01661608
  0.04056684  0.01221532  0.01197168  0.02719559  0.0260163   0.02895727
  0.03729373  0.01590047  0.01277672]

Diff = 
[2.40401969e-12 1.42596605e-02 9.49217890e-03 1.64193633e-11
 1.51583089e-02 3.37552215e-03 1.80161355e-10 1.91914574e-02
 1.89274786e-02 1.67462388e-10 1.58867053e-02 1.62245107e-02
 1.44757512e-10 1.26685150e-02 1.58302915e-02 1.61055599e-10
 1.51155688e-02 1.70199644e-02 1.51813041e-10 1.90739522e-02
 1.11894798e-02]

 Iteration 700:
############################
Gradient = 
[-0.00511674 -0.00565962  0.00034867 -0.00463378 -0.00822161 -0.0022188
  0.00870344  0.01745349  0.01629549  0.025647   -0.00294847 -0.00360005
  0.03439323 -0.00494167 -0.00813304  0.02012832  0.00506209  0.00614685
  0.03137588 -0.00753405 -0.00281422]

Gradient approximate =
[-0.00511674 -0.0203379  -0.00916965 -0.00463378 -0.02394827 -0.00575342
  0.00870344  0.03769552  0.0362033   0.025647    0.01288478  0.01253567
  0.03439323  0.00758221  0.00738669  0.02012832  0.02056898  0.02361199
  0.03137588  0.01126137  0.00833581]

Diff = 
[6.36460676e-12 1.46782814e-02 9.51831375e-03 9.30770998e-12
 1.57266553e-02 3.53461909e-03 1.56997599e-10 2.02420309e-02
 1.99078081e-02 1.61880013e-10 1.58332530e-02 1.61357235e-02
 1.58100963e-10 1.25238788e-02 1.55197219e-02 1.57859368e-10
 1.55068953e-02 1.74651384e-02 1.48164390e-10 1.87954214e-02
 1.11500302e-02]

 Iteration 800:
############################
Gradient = 
[-0.00354555 -0.00230978  0.00142018 -0.00300082 -0.00430672 -0.00101597
  0.00358587  0.01268328  0.01184911  0.0223565  -0.00531115 -0.00590023
  0.03049275 -0.0075661  -0.01057103  0.01573125  0.00148517  0.00254438
  0.02766691 -0.01000584 -0.00540647]

Gradient approximate =
[-0.00354555 -0.01718176 -0.00805128 -0.00300082 -0.02034098 -0.00462964
  0.00358587  0.03367663  0.03245857  0.0223565   0.0103093   0.00999158
  0.03049275  0.00463772  0.00447273  0.01573125  0.01715038  0.02022199
  0.02766691  0.00834277  0.00553155]

Diff = 
[2.11738374e-11 1.48719789e-02 9.47146085e-03 1.13723930e-11
 1.60342601e-02 3.61366772e-03 1.51542411e-10 2.09933520e-02
 2.06094657e-02 1.50345611e-10 1.56204470e-02 1.58918101e-02
 1.57649047e-10 1.22038118e-02 1.50437519e-02 1.73882627e-10
 1.56652154e-02 1.76776087e-02 1.62218430e-10 1.83486092e-02
 1.09380180e-02]

 Iteration 900:
############################
Gradient = 
[-0.00239596 -0.00040929  0.00200461 -0.00181247 -0.00201791 -0.00031251
  0.00038939  0.0095322   0.00892136  0.02024721 -0.00664524 -0.00719446
  0.02792933 -0.00908039 -0.01191756  0.0129423  -0.00069417  0.00031059
  0.02525272 -0.01136084 -0.00692012]

Gradient approximate =
[-0.00239596 -0.01534552 -0.00737925 -0.00181247 -0.01820672 -0.00395819
  0.00038939  0.03108006  0.03004922  0.02024721  0.00867136  0.00836492
  0.02792933  0.0027013   0.00255706  0.0129423   0.01498696  0.01805614
  0.02525272  0.00644681  0.0037046 ]

Diff = 
[1.23218098e-11 1.49362349e-02 9.38385802e-03 1.34693897e-11
 1.61888121e-02 3.64568113e-03 1.67428282e-10 2.15478625e-02
 2.11278620e-02 1.52849140e-10 1.53166041e-02 1.55593729e-02
 1.58230234e-10 1.17816914e-02 1.44746238e-02 1.56467558e-10
 1.56811283e-02 1.77455519e-02 1.67894865e-10 1.78076501e-02
 1.06247240e-02]

 