Iteration 0:
############################
Gradient = 
[-2.15946710e-04  1.53495955e-02  3.14615054e-03 -2.31299844e-04
  4.67901188e-03  4.66045092e-03  1.42856959e-04 -7.04968241e-03
 -1.68191798e-02  8.69877630e-05 -8.80590972e-03 -8.85886094e-04
  2.61003013e-04 -8.80296420e-03 -3.52326097e-03  1.52718798e-04
  2.65919568e-03  1.02208954e-02 -1.25309836e-02  4.19500876e-03
  7.24449504e-03 -1.23753232e-02 -8.86590589e-03 -1.93274537e-02
 -1.32149799e-02 -1.47273004e-03  5.02049875e-03 -1.19749592e-02
 -1.01715891e-02 -1.46937509e-02 -5.89730726e-03 -1.28450397e-02
  2.81830267e-01  1.40629809e-01  1.17224635e-01  3.11319519e-01
  1.36986159e-01  1.60400091e-01  2.90932182e-01  1.36424355e-01
  1.34421462e-01  2.80307821e-01  1.22343223e-01  1.35317930e-01
  3.02654151e-01  1.46541969e-01  1.28394729e-01]

Gradient approximate =
[-3.64531259e-04 -1.31525974e-03 -4.56092677e-04 -4.32159761e-04
 -1.78010796e-03 -5.49671915e-04  2.27723975e-04  7.98833646e-04
  1.96897567e-04  1.18068426e-04  3.21536220e-04  1.41903920e-04
  4.44253474e-04  1.68182404e-03  2.85687067e-01  1.39053143e-01
  1.33367966e-01  3.15103391e-01  1.30590711e-01  1.32732661e-01
  3.01585567e-01  1.42285954e-01  1.35158510e-01  2.62914475e-01
  1.20971395e-01  1.25415805e-01  2.93977632e-01  1.42007090e-01
  1.35763907e-01 -5.34085296e-04 -4.59058620e-04 -4.85981579e-04
  0.00000000e+00  0.00000000e+00  0.00000000e+00  0.00000000e+00
  0.00000000e+00  0.00000000e+00  0.00000000e+00  0.00000000e+00
  0.00000000e+00  0.00000000e+00  0.00000000e+00  0.00000000e+00
  0.00000000e+00  0.00000000e+00  0.00000000e+00]

Diff = 
[1.48584549e-04 1.66648553e-02 3.60224322e-03 2.00859917e-04
 6.45911984e-03 5.21012283e-03 8.48670160e-05 7.84851606e-03
 1.70160774e-02 3.10806632e-05 9.12744594e-03 1.02779001e-03
 1.83250461e-04 1.04847882e-02 2.89210328e-01 1.38900424e-01
 1.30708770e-01 3.04882495e-01 1.43121695e-01 1.28537652e-01
 2.94341072e-01 1.54661277e-01 1.44024416e-01 2.82241929e-01
 1.34186375e-01 1.26888535e-01 2.88957134e-01 1.53982049e-01
 1.45935496e-01 1.41596656e-02 5.43824864e-03 1.23590581e-02
 2.81830267e-01 1.40629809e-01 1.17224635e-01 3.11319519e-01
 1.36986159e-01 1.60400091e-01 2.90932182e-01 1.36424355e-01
 1.34421462e-01 2.80307821e-01 1.22343223e-01 1.35317930e-01
 3.02654151e-01 1.46541969e-01 1.28394729e-01]

 Iteration 100:
############################
Gradient = 
[-2.86222920e-04  1.26837681e-02  2.52451162e-03 -3.51000656e-04
  3.37576458e-03  3.60264793e-03  1.07618982e-04 -6.12685541e-03
 -1.42402665e-02  2.40704118e-05 -7.75363276e-03 -9.02789332e-04
  2.61557158e-04 -7.41785336e-03 -2.91024043e-03  1.03319193e-04
  1.98504575e-03  8.51570223e-03 -1.76174873e-02  1.21953243e-03
  3.93799600e-03 -1.21095084e-02 -9.33624142e-03 -1.79895723e-02
 -1.31703240e-02  4.67493019e-04  5.42022643e-03 -9.07477112e-03
 -8.01366268e-03 -1.16784594e-02 -4.34767515e-03 -9.86034233e-03
  2.85367406e-01  1.26916153e-01  1.35440933e-01  3.14744479e-01
  1.48521695e-01  1.59021005e-01  3.15606800e-01  1.51807197e-01
  1.46401986e-01  2.79082160e-01  1.34306991e-01  1.27210338e-01
  2.95050022e-01  1.36833930e-01  1.29857894e-01]

Gradient approximate =
[-2.86222885e-04 -1.07770516e-03 -3.83530196e-04 -3.51000680e-04
 -1.46036299e-03 -4.64105956e-04  1.07618967e-04  3.74397937e-04
  7.03452296e-05  2.40703923e-05  7.95572719e-06  3.19874505e-05
  2.61557151e-04  1.01255617e-03  2.85715058e-01  1.42000994e-01
  1.34248516e-01  3.14940136e-01  1.38419175e-01  1.37048169e-01
  3.06149482e-01  1.48588808e-01  1.39547680e-01  2.71546301e-01
  1.29643444e-01  1.31220214e-01  2.95408366e-01  1.46343924e-01
  1.38140926e-01  1.16162846e-04  1.40536756e-04  1.81889810e-04
  0.00000000e+00  0.00000000e+00  0.00000000e+00  0.00000000e+00
  0.00000000e+00  0.00000000e+00  0.00000000e+00  0.00000000e+00
  0.00000000e+00  0.00000000e+00  0.00000000e+00  0.00000000e+00
  0.00000000e+00  0.00000000e+00  0.00000000e+00]

Diff = 
[3.47332032e-11 1.37614732e-02 2.90804182e-03 2.37039206e-11
 4.83612757e-03 4.06675389e-03 1.44788759e-11 6.50125334e-03
 1.43106117e-02 1.94568804e-11 7.76158848e-03 9.34776783e-04
 6.43308280e-12 8.43040953e-03 2.88625298e-01 1.41897675e-01
 1.32263470e-01 3.06424434e-01 1.56036663e-01 1.35828636e-01
 3.02211486e-01 1.60698316e-01 1.48883921e-01 2.89535873e-01
 1.42813768e-01 1.30752721e-01 2.89988139e-01 1.55418695e-01
 1.46154588e-01 1.17946223e-02 4.48821191e-03 1.00422321e-02
 2.85367406e-01 1.26916153e-01 1.35440933e-01 3.14744479e-01
 1.48521695e-01 1.59021005e-01 3.15606800e-01 1.51807197e-01
 1.46401986e-01 2.79082160e-01 1.34306991e-01 1.27210338e-01
 2.95050022e-01 1.36833930e-01 1.29857894e-01]

 Iteration 200:
############################
Gradient = 
[-2.20297355e-04  1.08936909e-02  2.19090850e-03 -2.76231540e-04
  3.11480600e-03  3.11447926e-03  4.25391886e-05 -5.38202858e-03
 -1.20769770e-02 -1.98814925e-05 -6.67265330e-03 -8.12335245e-04
  1.51969818e-04 -6.63201396e-03 -2.57764647e-03  3.35253832e-05
  1.44025422e-03  7.09603742e-03 -1.41950382e-02  3.01170785e-03
  5.05617441e-03 -8.94379536e-03 -6.50831624e-03 -1.39091203e-02
 -9.47403248e-03  1.22617535e-03  4.93159720e-03 -7.29191059e-03
 -6.42168792e-03 -9.49772155e-03 -3.34095254e-03 -7.97350656e-03
  2.85681019e-01  1.29189920e-01  1.36215014e-01  3.14509240e-01
  1.53594796e-01  1.59622751e-01  3.16658437e-01  1.56676052e-01
  1.49362264e-01  2.84292745e-01  1.41007300e-01  1.30447719e-01
  2.95476654e-01  1.40802665e-01  1.32328395e-01]

Gradient approximate =
[-2.20297345e-04 -8.67356984e-04 -3.16990383e-04 -2.76231549e-04
 -1.16981360e-03 -3.82352354e-04  4.25392055e-05  1.40759111e-04
  9.56728030e-07 -1.98814898e-05 -1.36514060e-04 -2.36740227e-05
  1.51969806e-04  6.03330863e-04  2.85894749e-01  1.44215978e-01
  1.35053245e-01  3.14608330e-01  1.44221625e-01  1.40183145e-01
  3.09091872e-01  1.53065320e-01  1.42662553e-01  2.78138628e-01
  1.36217855e-01  1.35366332e-01  2.96228864e-01  1.49328011e-01
  1.39762122e-01  5.04772537e-04  4.98709827e-04  5.60275453e-04
  0.00000000e+00  0.00000000e+00  0.00000000e+00  0.00000000e+00
  0.00000000e+00  0.00000000e+00  0.00000000e+00  0.00000000e+00
  0.00000000e+00  0.00000000e+00  0.00000000e+00  0.00000000e+00
  0.00000000e+00  0.00000000e+00  0.00000000e+00]

Diff = 
[1.01428888e-11 1.17610479e-02 2.50789888e-03 8.44440766e-12
 4.28461960e-03 3.49683162e-03 1.68763589e-11 5.52278769e-03
 1.20779338e-02 2.71808519e-12 6.53613924e-03 7.88661222e-04
 1.26497807e-11 7.23534482e-03 2.88472396e-01 1.44182453e-01
 1.33612990e-01 3.07512293e-01 1.58416663e-01 1.37171437e-01
 3.04035698e-01 1.62009116e-01 1.49170869e-01 2.92047749e-01
 1.45691888e-01 1.34140157e-01 2.91297267e-01 1.56619921e-01
 1.46183810e-01 1.00024941e-02 3.83966237e-03 8.53378201e-03
 2.85681019e-01 1.29189920e-01 1.36215014e-01 3.14509240e-01
 1.53594796e-01 1.59622751e-01 3.16658437e-01 1.56676052e-01
 1.49362264e-01 2.84292745e-01 1.41007300e-01 1.30447719e-01
 2.95476654e-01 1.40802665e-01 1.32328395e-01]

 Iteration 300:
############################
Gradient = 
[-1.68226701e-04  9.34884857e-03  1.90027564e-03 -2.13396158e-04
  2.85173546e-03  2.69296711e-03  9.08922253e-06 -4.65215240e-03
 -1.02209917e-02 -3.69360488e-05 -5.67753823e-03 -7.08127110e-04
  8.69653367e-05 -5.82191310e-03 -2.25127066e-03 -4.37193792e-07
  1.09720151e-03  5.93713664e-03 -1.15298827e-02  4.05010576e-03
  5.60509500e-03 -6.52998321e-03 -4.40465110e-03 -1.07284864e-02
 -6.73250083e-03  1.58046163e-03  4.30964824e-03 -5.98586150e-03
 -5.24708953e-03 -7.83507893e-03 -2.65529087e-03 -6.56710629e-03
  2.86016249e-01  1.30858034e-01  1.36854496e-01  3.14095806e-01
  1.57327987e-01  1.59635635e-01  3.16916896e-01  1.59932515e-01
  1.51258879e-01  2.88179357e-01  1.45910253e-01  1.32765101e-01
  2.95759496e-01  1.43749729e-01  1.34243538e-01]

Gradient approximate =
[-1.68226661e-04 -6.94633391e-04 -2.60415862e-04 -2.13396130e-04
 -9.25793131e-04 -3.11059198e-04  9.08920272e-06  1.82914994e-05
 -3.45501228e-05 -3.69360675e-05 -1.89794300e-04 -4.87658824e-05
  8.69653061e-05  3.55084198e-04  2.86146134e-01  1.45852603e-01
  1.35777062e-01  3.14140802e-01  1.48442070e-01  1.42450027e-01
  3.10811038e-01  1.56121539e-01  1.44823278e-01  2.83121690e-01
  1.41127806e-01  1.38280783e-01  2.96676339e-01  1.51334485e-01
  1.40877552e-01  7.00008629e-04  6.78218552e-04  7.36087480e-04
  0.00000000e+00  0.00000000e+00  0.00000000e+00  0.00000000e+00
  0.00000000e+00  0.00000000e+00  0.00000000e+00  0.00000000e+00
  0.00000000e+00  0.00000000e+00  0.00000000e+00  0.00000000e+00
  0.00000000e+00  0.00000000e+00  0.00000000e+00]

Diff = 
[3.94089460e-11 1.00434820e-02 2.16069150e-03 2.80670437e-11
 3.77752859e-03 3.00402631e-03 1.98030559e-11 4.67044389e-03
 1.01864415e-02 1.87298058e-11 5.48774393e-03 6.59361228e-04
 3.06327277e-11 6.17699730e-03 2.88397405e-01 1.45853041e-01
 1.34679860e-01 3.08203666e-01 1.59971952e-01 1.38399921e-01
 3.05205943e-01 1.62651522e-01 1.49227929e-01 2.93850177e-01
 1.47860307e-01 1.36700321e-01 2.92366690e-01 1.57320346e-01
 1.46124642e-01 8.53508756e-03 3.33350942e-03 7.30319377e-03
 2.86016249e-01 1.30858034e-01 1.36854496e-01 3.14095806e-01
 1.57327987e-01 1.59635635e-01 3.16916896e-01 1.59932515e-01
 1.51258879e-01 2.88179357e-01 1.45910253e-01 1.32765101e-01
 2.95759496e-01 1.43749729e-01 1.34243538e-01]

 Iteration 400:
############################
Gradient = 
[-1.28390520e-04  8.01266955e-03  1.64577608e-03 -1.63129909e-04
  2.58604855e-03  2.32632462e-03 -6.83032994e-06 -3.97941214e-03
 -8.63753458e-03 -4.04625231e-05 -4.79632803e-03 -6.05263247e-04
  4.86875098e-05 -5.04891276e-03 -1.94733955e-03 -1.52312226e-05
  8.70963132e-04  4.98164910e-03 -9.45681120e-03  4.56777632e-03
  5.76307820e-03 -4.70262378e-03 -2.85739396e-03 -8.25541427e-03
 -4.70796458e-03  1.66412818e-03  3.65135517e-03 -5.01433333e-03
 -4.37380802e-03 -6.55497501e-03 -2.19044642e-03 -5.50287701e-03
  2.86343568e-01  1.32069473e-01  1.37397382e-01  3.13576248e-01
  1.60068012e-01  1.59293825e-01  3.16630080e-01  1.62002795e-01
  1.52407083e-01  2.91057316e-01  1.49448946e-01  1.34433142e-01
  2.95981497e-01  1.45967876e-01  1.35790625e-01]

Gradient approximate =
[-1.28390520e-04 -5.57709368e-04 -2.13968434e-04 -1.63129912e-04
 -7.29357346e-04 -2.51758410e-04 -6.83034074e-06 -4.17411639e-05
 -5.07014564e-05 -4.04625555e-05 -1.97309900e-04 -5.74661807e-05
  4.86875029e-05  2.04839319e-04  2.86420876e-01  1.47047738e-01
  1.36425969e-01  3.13591474e-01  1.51478108e-01  1.44101077e-01
  3.11652188e-01  1.58122394e-01  1.46296098e-01  2.86866929e-01
  1.44761527e-01  1.40311063e-01  2.96916838e-01  1.52661609e-01
  1.41669169e-01  7.61325156e-04  7.33606518e-04  7.78222125e-04
  0.00000000e+00  0.00000000e+00  0.00000000e+00  0.00000000e+00
  0.00000000e+00  0.00000000e+00  0.00000000e+00  0.00000000e+00
  0.00000000e+00  0.00000000e+00  0.00000000e+00  0.00000000e+00
  0.00000000e+00  0.00000000e+00  0.00000000e+00]

Diff = 
[8.21815218e-13 8.57037891e-03 1.85974452e-03 2.64923416e-12
 3.31540590e-03 2.57808303e-03 1.07943385e-11 3.93767098e-03
 8.58683312e-03 3.24509379e-11 4.59901813e-03 5.47797066e-04
 6.88926506e-12 5.25375208e-03 2.88368216e-01 1.47062970e-01
 1.35555006e-01 3.08609825e-01 1.60934920e-01 1.39533301e-01
 3.05889109e-01 1.62825018e-01 1.49153492e-01 2.95122343e-01
 1.49469492e-01 1.38646935e-01 2.93265482e-01 1.57675942e-01
 1.46042978e-01 7.31630016e-03 2.92405294e-03 6.28109913e-03
 2.86343568e-01 1.32069473e-01 1.37397382e-01 3.13576248e-01
 1.60068012e-01 1.59293825e-01 3.16630080e-01 1.62002795e-01
 1.52407083e-01 2.91057316e-01 1.49448946e-01 1.34433142e-01
 2.95981497e-01 1.45967876e-01 1.35790625e-01]

 Iteration 500:
############################
Gradient = 
[-9.83427757e-05  6.85801184e-03  1.42294374e-03 -1.24025307e-04
  2.32342419e-03  2.00672923e-03 -1.33382167e-05 -3.38080103e-03
 -7.29187596e-03 -3.77614582e-05 -4.03393205e-03 -5.10877659e-04
  2.63312362e-05 -4.34249783e-03 -1.67308148e-03 -2.01533802e-05
  7.13260585e-04  4.18814869e-03 -7.84049206e-03  4.73555450e-03
  5.66312898e-03 -3.32767184e-03 -1.73216460e-03 -6.33523287e-03
 -3.21912372e-03  1.57675052e-03  3.01609292e-03 -4.27552377e-03
 -3.71464732e-03 -5.55516114e-03 -1.87287216e-03 -4.68134214e-03
  2.86647909e-01  1.32939351e-01  1.37872434e-01  3.13007513e-01
  1.62080272e-01  1.58759444e-01  3.15986432e-01  1.63217160e-01
  1.53040522e-01  2.93174564e-01  1.51965257e-01  1.35652154e-01
  2.96192154e-01  1.47667956e-01  1.37095335e-01]

Gradient approximate =
[-9.83427917e-05 -4.50649558e-04 -1.76371753e-04 -1.24025283e-04
 -5.74831338e-04 -2.03647126e-04 -1.33382239e-05 -6.77293310e-05
 -5.61259905e-05 -3.77614939e-05 -1.83962965e-04 -5.78200421e-05
  2.63312172e-05  1.13989127e-04  2.86692163e-01  1.47909597e-01
  1.37011245e-01  3.13006756e-01  1.53641697e-01  1.45322624e-01
  3.11882120e-01  1.59356336e-01  1.47283488e-01  2.89670259e-01
  1.47430499e-01  1.41719909e-01  2.97058499e-01  1.53526501e-01
  1.42262883e-01  7.35009591e-04  7.07433774e-04  7.36869739e-04
  0.00000000e+00  0.00000000e+00  0.00000000e+00  0.00000000e+00
  0.00000000e+00  0.00000000e+00  0.00000000e+00  0.00000000e+00
  0.00000000e+00  0.00000000e+00  0.00000000e+00  0.00000000e+00
  0.00000000e+00  0.00000000e+00  0.00000000e+00]

Diff = 
[1.60123398e-11 7.30866140e-03 1.59931549e-03 2.38406622e-11
 2.89825553e-03 2.21037636e-03 7.20012498e-12 3.31307170e-03
 7.23574997e-03 3.57353666e-11 3.84996909e-03 4.53057617e-04
 1.89470167e-11 4.45648696e-03 2.88365244e-01 1.47929750e-01
 1.36297984e-01 3.08818607e-01 1.61482189e-01 1.40587070e-01
 3.06218991e-01 1.62684008e-01 1.49015652e-01 2.96005492e-01
 1.50649623e-01 1.40143159e-01 2.94042407e-01 1.57802024e-01
 1.45977530e-01 6.29017073e-03 2.58030594e-03 5.41821188e-03
 2.86647909e-01 1.32939351e-01 1.37872434e-01 3.13007513e-01
 1.62080272e-01 1.58759444e-01 3.15986432e-01 1.63217160e-01
 1.53040522e-01 2.93174564e-01 1.51965257e-01 1.35652154e-01
 2.96192154e-01 1.47667956e-01 1.37095335e-01]

 Iteration 600:
############################
Gradient = 
[-7.57658728e-05  5.86233190e-03  1.22828233e-03 -9.40928482e-05
  2.07027742e-03  1.72831517e-03 -1.50088921e-05 -2.85948942e-03
 -6.15142058e-03 -3.26673583e-05 -3.38370471e-03 -4.27694594e-04
  1.34131754e-05 -3.71369965e-03 -1.43052495e-03 -2.02809387e-05
  5.96847961e-04  3.52578490e-03 -6.57419009e-03  4.67578721e-03
  5.40152084e-03 -2.29897233e-03 -9.23885495e-04 -4.84542418e-03
 -2.12921619e-03  1.38945572e-03  2.43673261e-03 -3.69832727e-03
 -3.20606301e-03 -4.76035263e-03 -1.65048159e-03 -4.03224638e-03
  2.86922693e-01  1.33555718e-01  1.38300003e-01  3.12430981e-01
  1.63563998e-01  1.58140734e-01  3.15124853e-01  1.63825618e-01
  1.53328330e-01  2.94722351e-01  1.53723305e-01  1.36566219e-01
  2.96417283e-01  1.48999073e-01  1.38238898e-01]

Gradient approximate =
[-7.57658891e-05 -3.67102608e-04 -1.46044927e-04 -9.40928957e-05
 -4.54730236e-04 -1.65111078e-04 -1.50088875e-05 -7.58413243e-05
 -5.58459923e-05 -3.26673288e-05 -1.62840574e-04 -5.42657475e-05
  1.34131373e-05  5.90708837e-05  2.86946120e-01  1.48522358e-01
  1.37544258e-01  3.12421982e-01  1.55170558e-01  1.46248139e-01
  3.11700747e-01  1.60044396e-01  1.47934701e-01  2.91762239e-01
  1.49377701e-01  1.42699811e-01  2.97166997e-01  1.54082999e-01
  1.42741996e-01  6.55397501e-04  6.31414805e-04  6.47316942e-04
  0.00000000e+00  0.00000000e+00  0.00000000e+00  0.00000000e+00
  0.00000000e+00  0.00000000e+00  0.00000000e+00  0.00000000e+00
  0.00000000e+00  0.00000000e+00  0.00000000e+00  0.00000000e+00
  0.00000000e+00  0.00000000e+00  0.00000000e+00]

Diff = 
[1.63344598e-11 6.22943451e-03 1.37432726e-03 4.74928100e-11
 2.52500766e-03 1.89342625e-03 4.64573874e-12 2.78364810e-03
 6.09557458e-03 2.94592888e-11 3.22086414e-03 3.73428847e-04
 3.80865484e-11 3.77277053e-03 2.88376645e-01 1.48542639e-01
 1.36947410e-01 3.08896198e-01 1.61744748e-01 1.41572352e-01
 3.06299226e-01 1.62343368e-01 1.48858586e-01 2.96607663e-01
 1.51506917e-01 1.41310356e-01 2.94730264e-01 1.57781326e-01
 1.45948059e-01 5.41575013e-03 2.28189639e-03 4.67956332e-03
 2.86922693e-01 1.33555718e-01 1.38300003e-01 3.12430981e-01
 1.63563998e-01 1.58140734e-01 3.15124853e-01 1.63825618e-01
 1.53328330e-01 2.94722351e-01 1.53723305e-01 1.36566219e-01
 2.96417283e-01 1.48999073e-01 1.38238898e-01]

 Iteration 700:
############################
Gradient = 
[-5.87686052e-05  5.00577425e-03  1.05871816e-03 -7.13946467e-05
  1.83171204e-03  1.48623209e-03 -1.43650955e-05 -2.41162040e-03
 -5.18670532e-03 -2.70934020e-05 -2.83403555e-03 -3.56128237e-04
  6.06039217e-06 -3.16336167e-03 -1.21885525e-03 -1.83201067e-05
  5.06363694e-04  2.97090623e-03 -5.57552142e-03  4.47451041e-03
  5.04624026e-03 -1.53375705e-03 -3.51724850e-04 -3.68992196e-03
 -1.33574884e-03  1.15126144e-03  1.92846899e-03 -3.23398725e-03
 -2.80290203e-03 -4.11610803e-03 -1.48759650e-03 -3.50665827e-03
  2.87166158e-01  1.33985354e-01  1.38693635e-01  3.11874701e-01
  1.64666730e-01  1.57507092e-01  3.14145073e-01  1.64014153e-01
  1.53390630e-01  2.95846365e-01  1.54924139e-01  1.37276616e-01
  2.96667120e-01  1.50065339e-01  1.39271786e-01]

Gradient approximate =
[-5.87686211e-05 -3.01617535e-04 -1.21538462e-04 -7.13946324e-05
 -3.61886514e-04 -1.34422931e-04 -1.43650691e-05 -7.50940710e-05
 -5.27331978e-05 -2.70933853e-05 -1.40450709e-04 -4.91780683e-05
  6.06040995e-06  2.58818567e-05  2.87176456e-01  1.48950657e-01
  1.38034390e-01  3.11861755e-01  1.56242395e-01  1.46971091e-01
  3.11254385e-01  1.60352200e-01  1.48357210e-01  2.93319922e-01
  1.50789208e-01  1.43388483e-01  2.97278732e-01  1.54437795e-01
  1.43159019e-01  5.46936652e-04  5.28257285e-04  5.33569311e-04
  0.00000000e+00  0.00000000e+00  0.00000000e+00  0.00000000e+00
  0.00000000e+00  0.00000000e+00  0.00000000e+00  0.00000000e+00
  0.00000000e+00  0.00000000e+00  0.00000000e+00  0.00000000e+00
  0.00000000e+00  0.00000000e+00  0.00000000e+00]

Diff = 
[1.58831116e-11 5.30739178e-03 1.18025662e-03 1.42476566e-11
 2.19359856e-03 1.62065502e-03 2.64015742e-11 2.33652633e-03
 5.13397212e-03 1.67199566e-11 2.69358484e-03 3.06950169e-04
 1.77838638e-11 3.18924352e-03 2.88395311e-01 1.48968978e-01
 1.37528027e-01 3.08890849e-01 1.61817916e-01 1.42496581e-01
 3.06208145e-01 1.61885957e-01 1.48708935e-01 2.97009844e-01
 1.52124957e-01 1.42237221e-01 2.95350263e-01 1.57671782e-01
 1.45961921e-01 4.66304469e-03 2.01585378e-03 4.04022758e-03
 2.87166158e-01 1.33985354e-01 1.38693635e-01 3.11874701e-01
 1.64666730e-01 1.57507092e-01 3.14145073e-01 1.64014153e-01
 1.53390630e-01 2.95846365e-01 1.54924139e-01 1.37276616e-01
 2.96667120e-01 1.50065339e-01 1.39271786e-01]

 Iteration 800:
############################
Gradient = 
[-4.59075437e-05  4.27051448e-03  9.11425563e-04 -5.42718488e-05
  1.61104894e-03  1.27623202e-03 -1.27615308e-05 -2.03018796e-03
 -4.37172123e-03 -2.19166748e-05 -2.37188798e-03 -2.95472846e-04
  1.96582424e-06 -2.68706141e-03 -1.03582519e-03 -1.56646090e-05
  4.33093641e-04  2.50492426e-03 -4.78167010e-03  4.19123933e-03
  4.64419128e-03 -9.68180724e-04  4.57795164e-05 -2.79388597e-03
 -7.62201457e-04  8.94755675e-04  1.49531903e-03 -2.84954438e-03
 -2.47376032e-03 -3.58356262e-03 -1.36059329e-03 -3.07083575e-03
  2.87379159e-01  1.34278553e-01  1.39061802e-01  3.11356293e-01
  1.65496665e-01  1.56900742e-01  3.13116899e-01  1.63919214e-01
  1.53311301e-01  2.96656668e-01  1.55719190e-01  1.37853117e-01
  2.96942388e-01  1.50938864e-01  1.40223973e-01]

Gradient approximate =
[-4.59075467e-05 -2.49909937e-04 -1.01655175e-04 -5.42717871e-05
 -2.90198077e-04 -1.10022866e-04 -1.27615629e-05 -7.03950831e-05
 -4.83977458e-05 -2.19166707e-05 -1.19747956e-04 -4.37753611e-05
  1.96583194e-06  5.83701754e-06  2.87381202e-01  1.49243620e-01
  1.38488607e-01  3.11341742e-01  1.56988279e-01  1.47555781e-01
  3.10648029e-01  1.60401731e-01  1.48626956e-01  2.94477979e-01
  1.51805758e-01  1.43882573e-01  2.97410982e-01  1.54663525e-01
  1.43545121e-01  4.26369675e-04  4.13605954e-04  4.11403658e-04
  0.00000000e+00  0.00000000e+00  0.00000000e+00  0.00000000e+00
  0.00000000e+00  0.00000000e+00  0.00000000e+00  0.00000000e+00
  0.00000000e+00  0.00000000e+00  0.00000000e+00  0.00000000e+00
  0.00000000e+00  0.00000000e+00  0.00000000e+00]

Diff = 
[2.92067375e-12 4.52042442e-03 1.01308074e-03 6.17205008e-11
 1.90124702e-03 1.38625489e-03 3.21564678e-11 1.95979288e-03
 4.32332348e-03 4.08108486e-12 2.25214002e-03 2.51697485e-04
 7.70078503e-12 2.69289843e-03 2.88417027e-01 1.49259284e-01
 1.38055514e-01 3.08836818e-01 1.61769950e-01 1.43364542e-01
 3.06003837e-01 1.61369912e-01 1.48581176e-01 2.97271865e-01
 1.52567959e-01 1.42987818e-01 2.95915663e-01 1.57513069e-01
 1.46018881e-01 4.00993230e-03 1.77419925e-03 3.48223941e-03
 2.87379159e-01 1.34278553e-01 1.39061802e-01 3.11356293e-01
 1.65496665e-01 1.56900742e-01 3.13116899e-01 1.63919214e-01
 1.53311301e-01 2.96656668e-01 1.55719190e-01 1.37853117e-01
 2.96942388e-01 1.50938864e-01 1.40223973e-01]

 Iteration 900:
############################
Gradient = 
[-3.61147862e-05  3.64055758e-03  7.83792154e-04 -4.13890845e-05
  1.40999211e-03  1.09449972e-03 -1.08974576e-05 -1.70715796e-03
 -3.68385720e-03 -1.74732105e-05 -1.98457400e-03 -2.44553710e-04
 -2.40753972e-07 -2.27796240e-03 -8.78575102e-04 -1.29928454e-05
  3.72015319e-04  2.11293758e-03 -4.14504545e-03  3.86644299e-03
  4.22692134e-03 -5.53355992e-04  3.14968051e-04 -2.09923419e-03
 -3.51559895e-04  6.40712652e-04  1.13465990e-03 -2.52295371e-03
 -2.19719773e-03 -3.13519968e-03 -1.25440871e-03 -2.70165355e-03
  2.87563870e-01  1.34472967e-01  1.39409437e-01  3.10885677e-01
  1.66132551e-01  1.56345388e-01  3.12087823e-01  1.63639701e-01
  1.53147958e-01  2.97235940e-01  1.56221627e-01  1.38342873e-01
  2.97238559e-01  1.51669382e-01  1.41112278e-01]

Gradient approximate =
[-3.61147934e-05 -2.08738564e-04 -8.54465831e-05 -4.13890344e-05
 -2.34755828e-04 -9.06020703e-05 -1.08974918e-05 -6.43260489e-05
 -4.37170833e-05 -1.74732251e-05 -1.01833382e-04 -3.86414256e-05
 -2.40745202e-07 -6.25028251e-06  2.87560761e-01  1.49438271e-01
  1.38911747e-01  3.10870765e-01  1.57503945e-01  1.48045781e-01
  3.09955609e-01  1.60281543e-01  1.48796718e-01  2.95338186e-01
  1.52532877e-01  1.44248787e-01  2.97569207e-01  1.54808781e-01
  1.43917257e-01  3.04686645e-04  2.97795508e-04  2.90764182e-04
  0.00000000e+00  0.00000000e+00  0.00000000e+00  0.00000000e+00
  0.00000000e+00  0.00000000e+00  0.00000000e+00  0.00000000e+00
  0.00000000e+00  0.00000000e+00  0.00000000e+00  0.00000000e+00
  0.00000000e+00  0.00000000e+00  0.00000000e+00]

Diff = 
[7.22564883e-12 3.84929615e-03 8.69238738e-04 5.00859057e-11
 1.64474793e-03 1.18510179e-03 3.42341454e-11 1.64283191e-03
 3.64014011e-03 1.45603049e-11 1.88274062e-03 2.05912284e-04
 8.77037693e-12 2.27171211e-03 2.88439337e-01 1.49451264e-01
 1.38539732e-01 3.08757828e-01 1.61648991e-01 1.44179338e-01
 3.05728687e-01 1.60834899e-01 1.48481750e-01 2.97437420e-01
 1.52884437e-01 1.43608074e-01 2.96434547e-01 1.57331735e-01
 1.46114455e-01 3.43988633e-03 1.55220422e-03 2.99241773e-03
 2.87563870e-01 1.34472967e-01 1.39409437e-01 3.10885677e-01
 1.66132551e-01 1.56345388e-01 3.12087823e-01 1.63639701e-01
 1.53147958e-01 2.97235940e-01 1.56221627e-01 1.38342873e-01
 2.97238559e-01 1.51669382e-01 1.41112278e-01]

 