Iteration 0:
############################
Gradient = 
[ 0.00961331  0.03599046  0.00541503 -0.0009087  -0.00377283  0.00338216
  0.00199568  0.0071679   0.00703515  0.00065774  0.00649896 -0.0052451
  0.28948278  0.16966254  0.1371544   0.13942917  0.16375427  0.32963565
  0.18757457  0.15949505  0.15896409  0.18355865  0.31100896  0.1712807
  0.14697325  0.14858568  0.17194045  0.28833429  0.16743519  0.13723598
  0.13488684  0.1639761   0.28095431  0.15178608  0.1326472   0.13882863
  0.14843623]

Gradient approximate =
[ 0.00961331  0.03386999  0.00510143 -0.0009087  -0.00453617  0.0064252
  0.00199568  0.00805506  0.00505023  0.00065774  0.00493266 -0.00380814
  0.28948278  0.17083957  0.13624398  0.13862893  0.16408545  0.32963565
  0.18430892  0.15708861  0.15838472  0.18224863  0.31100896  0.16954401
  0.14989133  0.14906772  0.17043937  0.28833429  0.16551159  0.14035592
  0.13575527  0.16334897  0.28095431  0.15362806  0.1303948   0.13795541
  0.15159899]

Diff = 
[1.75729535e-11 2.12046942e-03 3.13597635e-04 1.59521841e-11
 7.63339797e-04 3.04304539e-03 1.51681606e-11 8.87156993e-04
 1.98492560e-03 2.37344283e-11 1.56630315e-03 1.43696238e-03
 8.72107941e-12 1.17703402e-03 9.10424285e-04 8.00245016e-04
 3.31177566e-04 4.38267755e-11 3.26564760e-03 2.40644012e-03
 5.79370055e-04 1.31001749e-03 3.04790082e-11 1.73669196e-03
 2.91807941e-03 4.82043092e-04 1.50107799e-03 8.61266614e-12
 1.92360410e-03 3.11993909e-03 8.68429510e-04 6.27138393e-04
 2.92114111e-11 1.84198105e-03 2.25239383e-03 8.73223249e-04
 3.16275987e-03]

 Iteration 100:
############################
Gradient = 
[-0.02164879 -0.08219714 -0.03069899 -0.02487416 -0.09268852 -0.02450391
 -0.02346794 -0.08762781 -0.02282272 -0.02644868 -0.09438087 -0.03576631
  0.16514653  0.10838183  0.09396686  0.09329299  0.10992229  0.19118913
  0.11271528  0.10129756  0.09882629  0.11376425  0.18013365  0.09772461
  0.0874137   0.08773911  0.10150094  0.16479887  0.10278023  0.0892935
  0.08483246  0.10489126  0.16395251  0.08704908  0.0804274   0.08501122
  0.08725746]

Gradient approximate =
[-0.02164879 -0.08574551 -0.03164099 -0.02487416 -0.09559495 -0.02197584
 -0.02346794 -0.08861836 -0.02523658 -0.02644868 -0.09806211 -0.03521787
  0.16514653  0.11407196  0.09682999  0.09628036  0.11472869  0.19118913
  0.11435491  0.10317927  0.10247318  0.11734052  0.18013365  0.10039759
  0.09420146  0.09211341  0.10450933  0.16479887  0.10526164  0.09612816
  0.08928967  0.10867757  0.16395251  0.09280247  0.08168954  0.08782571
  0.09430151]

Diff = 
[2.25209885e-11 3.54836977e-03 9.41998591e-04 4.21512061e-11
 2.90642850e-03 2.52807336e-03 3.75218086e-11 9.90543341e-04
 2.41385203e-03 1.37088257e-13 3.68124406e-03 5.48445926e-04
 9.56131008e-11 5.69012571e-03 2.86313084e-03 2.98737411e-03
 4.80640358e-03 9.07792730e-11 1.63963598e-03 1.88170822e-03
 3.64688860e-03 3.57627072e-03 8.31370528e-11 2.67298093e-03
 6.78775845e-03 4.37430037e-03 3.00839023e-03 1.00703029e-10
 2.48140897e-03 6.83466617e-03 4.45721045e-03 3.78630722e-03
 1.04049408e-10 5.75339003e-03 1.26214378e-03 2.81448465e-03
 7.04404395e-03]

 Iteration 200:
############################
Gradient = 
[-0.01763769 -0.06238746 -0.02371573 -0.0195655  -0.0670024  -0.01746243
 -0.01924939 -0.06620045 -0.01672801 -0.01991082 -0.06419122 -0.02530848
  0.08196797  0.06880327  0.0626618   0.06214516  0.06985475  0.10346368
  0.06205984  0.05757967  0.05558898  0.06219601  0.09950885  0.04803695
  0.0425638   0.04350421  0.05064388  0.08498396  0.05956445  0.05356914
  0.04977506  0.06077242  0.09109843  0.04310419  0.04144518  0.04548993
  0.04282793]

Gradient approximate =
[-0.01763769 -0.06849912 -0.02561372 -0.0195655  -0.0727095  -0.01567589
 -0.01924939 -0.06990186 -0.01984549 -0.01991082 -0.07064477 -0.02581979
  0.08196797  0.07745111  0.06815282  0.06773655  0.07767067  0.10346368
  0.06659573  0.0621061   0.06180362  0.06869257  0.09950885  0.05310648
  0.05149727  0.05004447  0.05615742  0.08498396  0.06474308  0.06278905
  0.05647577  0.06731714  0.09109843  0.0510013   0.04472368  0.05046567
  0.0520167 ]

Diff = 
[2.71101648e-11 6.11166476e-03 1.89798775e-03 1.21403929e-11
 5.70710115e-03 1.78653350e-03 2.72713692e-11 3.70140677e-03
 3.11748279e-03 1.17742274e-12 6.45355162e-03 5.11311212e-04
 1.58797100e-10 8.64783966e-03 5.49101409e-03 5.59138623e-03
 7.81592158e-03 1.44629364e-10 4.53588409e-03 4.52642842e-03
 6.21464216e-03 6.49656491e-03 1.46634385e-10 5.06953493e-03
 8.93347257e-03 6.54025408e-03 5.51354562e-03 1.33851902e-10
 5.17862649e-03 9.21990839e-03 6.70071397e-03 6.54471606e-03
 1.42482318e-10 7.89711578e-03 3.27850187e-03 4.97574206e-03
 9.18877463e-03]

 Iteration 300:
############################
Gradient = 
[-0.01023668 -0.03341642 -0.01396977 -0.01164753 -0.03530979 -0.00821861
 -0.01180743 -0.03591513 -0.0077554  -0.01167313 -0.03216225 -0.01443972
  0.03623851  0.04079598  0.03833093  0.03834179  0.0406705   0.05764413
  0.03013831  0.0284002   0.02689934  0.02939203  0.05944987  0.01948361
  0.015562    0.01692785  0.02128484  0.04309986  0.03140458  0.02859561
  0.02562918  0.03153981  0.05431005  0.01714227  0.0173554   0.02085048
  0.01645846]

Gradient approximate =
[-0.01023668 -0.04110502 -0.01649015 -0.01164753 -0.04269838 -0.00685323
 -0.01180743 -0.0412996  -0.0112748  -0.01167313 -0.04019076 -0.01560429
  0.03623851  0.0512494   0.04549146  0.04559473  0.05030624  0.05764413
  0.03617384  0.03432877  0.03445839  0.03737625  0.05944987  0.02563742
  0.02542649  0.0244388   0.027955    0.04309986  0.03807014  0.03916203
  0.03356388  0.03959228  0.05431005  0.02600779  0.02158298  0.02690168
  0.02659851]

Diff = 
[2.81793235e-11 7.68860060e-03 2.52037982e-03 1.18468256e-11
 7.38859108e-03 1.36538122e-03 4.24331473e-11 5.38446861e-03
 3.51939966e-03 1.33309891e-11 8.02850772e-03 1.16457439e-03
 1.60809671e-10 1.04534257e-02 7.16052703e-03 7.25293940e-03
 9.63573911e-03 1.55643817e-10 6.03553157e-03 5.92857396e-03
 7.55904890e-03 7.98422168e-03 1.41493255e-10 6.15380771e-03
 9.86448326e-03 7.51095383e-03 6.67015455e-03 1.55054899e-10
 6.66555601e-03 1.05664239e-02 7.93469846e-03 8.05246164e-03
 1.55938207e-10 8.86552665e-03 4.22758671e-03 6.05119470e-03
 1.01400456e-02]

 Iteration 400:
############################
Gradient = 
[-0.00562875 -0.01714576 -0.00838267 -0.00678129 -0.01777225 -0.00304154
 -0.00715245 -0.01875774 -0.00270222 -0.00683122 -0.01514453 -0.00852741
  0.01283606  0.02453893  0.02360287  0.02390807  0.02376501  0.03542945
  0.01331293  0.01266559  0.01139238  0.01221307  0.04085956  0.00547286
  0.00214997  0.00366215  0.00691941  0.02267267  0.01615498  0.01472015
  0.01223393  0.01578371  0.0369602   0.00414784  0.00503828  0.00811739
  0.00334086]

Gradient approximate =
[-0.00562875 -0.02565514 -0.01126905 -0.00678129 -0.02602108 -0.00185618
 -0.00715245 -0.02503036 -0.00638825 -0.00683122 -0.02393651 -0.01006732
  0.01283606  0.03606486  0.03178223  0.03218564  0.03445706  0.03542945
  0.02004882  0.0192569   0.01956808  0.02086573  0.04085956  0.01201903
  0.01228645  0.01149387  0.01403568  0.02267267  0.02359354  0.02599106
  0.02078234  0.02460415  0.0369602   0.01334663  0.00961942  0.0146321
  0.01378867]

Diff = 
[1.60263591e-11 8.50937441e-03 2.88638011e-03 3.21467939e-12
 8.24882242e-03 1.18536071e-03 6.02909563e-12 6.27261853e-03
 3.68603252e-03 7.63805425e-12 8.79198383e-03 1.53991773e-03
 1.65670535e-10 1.15259304e-02 8.17935622e-03 8.27757246e-03
 1.06920540e-02 1.47003437e-10 6.73588885e-03 6.59131188e-03
 8.17570522e-03 8.65265656e-03 1.59742240e-10 6.54616859e-03
 1.01364818e-02 7.83172136e-03 7.11626676e-03 1.57877159e-10
 7.43856416e-03 1.12709170e-02 8.54840595e-03 8.82044604e-03
 1.59310780e-10 9.19878661e-03 4.58114685e-03 6.51470803e-03
 1.04478148e-02]

 Iteration 500:
############################
Gradient = 
[-0.00303284 -0.00899107 -0.00547931 -0.00406288 -0.00914418 -0.00049485
 -0.00455559 -0.01024041 -0.0002675  -0.00417579 -0.00680657 -0.00551183
  0.0006912   0.01555647  0.01526966  0.01572846  0.01444572  0.0245327
  0.00480403  0.00464342  0.00347819  0.00359315  0.03210508 -0.00117091
 -0.00417781 -0.00263926  0.00011244  0.01259904  0.00825161  0.00750087
  0.00529107  0.00765797  0.02868595 -0.00207268 -0.00095085  0.00183973
 -0.00288764]

Gradient approximate =
[-0.00303284 -0.01792442 -0.00859346 -0.00406288 -0.01782862  0.00063593
 -0.00455559 -0.01698395 -0.00399858 -0.00417579 -0.0159516  -0.00728222
  0.0006912   0.02774174  0.02408927  0.02465934  0.02576496  0.0245327
  0.01182914  0.01151133  0.01188976  0.01249586  0.03210508  0.00543474
  0.00591233  0.0051975   0.00733368  0.01259904  0.01608652  0.01913252
  0.01412176  0.0168581   0.02868595  0.0071491   0.00368777  0.00851015
  0.00755576]

Diff = 
[9.11855053e-12 8.93335358e-03 3.11415397e-03 2.82584685e-11
 8.68444450e-03 1.13078735e-03 1.07586787e-11 6.74353722e-03
 3.73107975e-03 1.27802291e-11 9.14502014e-03 1.77038739e-03
 1.66652121e-10 1.21852717e-02 8.81960798e-03 8.93087612e-03
 1.13192456e-02 1.68703818e-10 7.02510956e-03 6.86790827e-03
 8.41157228e-03 8.90270833e-03 1.48666281e-10 6.60564506e-03
 1.00901350e-02 7.83675931e-03 7.22124697e-03 1.51870194e-10
 7.83490606e-03 1.16316512e-02 8.83068895e-03 9.20013002e-03
 1.46994056e-10 9.22177594e-03 4.63861266e-03 6.67042373e-03
 1.04434055e-02]

 Iteration 600:
############################
Gradient = 
[-0.00152723 -0.00497439 -0.0039576  -0.00250235 -0.00504061  0.00070177
 -0.00307907 -0.00615675  0.00081832 -0.00266996 -0.00276871 -0.00394432
 -0.00576162  0.01059867  0.01057957  0.0111274   0.00929971  0.01904761
  0.00051173  0.00058821 -0.00051739 -0.00070958  0.02785415 -0.0043001
 -0.00709469 -0.00557807 -0.00310033  0.00752111  0.00415525  0.00379588
  0.00176301  0.00346372  0.02463254 -0.00499602 -0.0038263  -0.00124576
 -0.00577585]

Gradient approximate =
[-0.00152723 -0.0141348  -0.00722768 -0.00250235 -0.01395509  0.00183841
 -0.00307907 -0.0131676  -0.00290112 -0.00266996 -0.01206689 -0.00587086
 -0.00576162  0.02321548  0.01982623  0.02050233  0.02100982  0.01904761
  0.00761862  0.00753691  0.00793694  0.00823393  0.02785415  0.00220773
  0.00280044  0.00211503  0.00406463  0.00752111  0.0121916   0.01561082
  0.01070596  0.01284352  0.02463254  0.00410145  0.00072677  0.00542911
  0.0045164 ]

Diff = 
[2.60626633e-12 9.16041375e-03 3.27008346e-03 5.27228088e-12
 8.91448237e-03 1.13664860e-03 2.13954739e-11 7.01084899e-03
 3.71943835e-03 2.09990697e-11 9.29817519e-03 1.92654240e-03
 1.50918607e-10 1.26168149e-02 9.24666559e-03 9.37492597e-03
 1.17101104e-02 1.52247041e-10 7.10689487e-03 6.94869471e-03
 8.45433015e-03 8.94351239e-03 1.59213635e-10 6.50782577e-03
 9.89512171e-03 7.69309278e-03 7.16496456e-03 1.70300687e-10
 8.03634680e-03 1.18149371e-02 8.94294776e-03 9.37980122e-03
 1.55808283e-10 9.09746355e-03 4.55306623e-03 6.67486925e-03
 1.02922587e-02]

 Iteration 700:
############################
Gradient = 
[-5.89982431e-04 -3.01668198e-03 -3.13045982e-03 -1.54279909e-03
 -3.17431637e-03  1.22748551e-03 -2.18432287e-03 -4.27065425e-03
  1.23860081e-03 -1.75689323e-03 -8.49022787e-04 -3.09661296e-03
 -9.24755471e-03  7.83795069e-03  7.91294268e-03  8.52012525e-03
  6.42286655e-03  1.62081351e-02 -1.66266047e-03 -1.46522800e-03
 -2.53126615e-03 -2.85213420e-03  2.57001814e-02 -5.76432223e-03
 -8.39407283e-03 -6.91857730e-03 -4.61335136e-03  4.90941776e-03
  2.00601508e-03  1.89904675e-03 -6.04396933e-06  1.27204107e-03
  2.25715387e-02 -6.33468985e-03 -5.19764761e-03 -2.78257344e-03
 -7.06334069e-03]

Gradient approximate =
[-0.00058998 -0.01230755 -0.00651827 -0.0015428  -0.01222268  0.0023977
 -0.00218432 -0.01145258 -0.00244513 -0.00175689 -0.01020417 -0.00514005
 -0.00924755  0.02076012  0.0174662   0.01822107  0.01839267  0.01620814
  0.0054212   0.00546523  0.00586842  0.00602781  0.02570018  0.00057178
  0.00123838  0.00056209  0.00241928  0.00490942  0.0101423   0.01380633
  0.00896325  0.01072777  0.02257154  0.00256991 -0.00079859  0.00382204
  0.00301071]

Diff = 
[5.71955894e-12 9.29087019e-03 3.38780684e-03 1.47502002e-11
 9.04836264e-03 1.17021259e-03 4.39102617e-12 7.18192895e-03
 3.68373489e-03 1.82479119e-12 9.35514296e-03 2.04343423e-03
 1.57210899e-10 1.29221653e-02 9.55325479e-03 9.70094029e-03
 1.19698037e-02 1.59345360e-10 7.08385993e-03 6.93045745e-03
 8.39968414e-03 8.87994918e-03 1.61931583e-10 6.33610221e-03
 9.63245231e-03 7.48066492e-03 7.03262826e-03 1.43727087e-10
 8.13628807e-03 1.19072802e-02 8.96929175e-03 9.45573089e-03
 1.65281563e-10 8.90460199e-03 4.39905916e-03 6.60461698e-03
 1.00740531e-02]

 Iteration 800:
############################
Gradient = 
[ 5.03846716e-05 -2.08618081e-03 -2.65532654e-03 -8.95120065e-04
 -2.40950287e-03  1.42194430e-03 -1.59017409e-03 -3.46730747e-03
  1.33596758e-03 -1.15252570e-03  1.66863352e-05 -2.61219864e-03
 -1.11475235e-02  6.28458236e-03  6.37548750e-03  7.02746873e-03
  4.79024411e-03  1.46866476e-02 -2.76870491e-03 -2.50901278e-03
 -3.54400441e-03 -3.90881047e-03  2.45349385e-02 -6.43935205e-03
 -8.93110842e-03 -7.50345762e-03 -5.32129507e-03  3.53747172e-03
  8.56054566e-04  9.29782949e-04 -8.73204213e-04  1.05013405e-04
  2.14621780e-02 -6.91450246e-03 -5.84574287e-03 -3.57055712e-03
 -7.58652820e-03]

Gradient approximate =
[ 5.03846609e-05 -1.14608504e-02 -6.13960439e-03 -8.95120065e-04
 -1.15495899e-02  2.63720813e-03 -1.59017412e-03 -1.07771446e-02
 -2.30398145e-03 -1.15252568e-03 -9.35053985e-03 -4.75079239e-03
 -1.11475234e-02  1.94415046e-02  1.61664173e-02  1.69872323e-02
  1.69459283e-02  1.46866477e-02  4.23891873e-03  4.35298423e-03
  4.75197676e-03  4.85577776e-03  2.45349387e-02 -3.09368509e-04
  4.09330108e-04 -2.66079090e-04  1.54326164e-03  3.53747187e-03
  9.03860120e-03  1.28828779e-02  8.07972117e-03  9.58204248e-03
  2.14621782e-02  1.76647349e-03 -1.63322559e-03  2.92618322e-03
  2.24038074e-03]

Diff = 
[1.06823008e-11 9.37466963e-03 3.48427785e-03 1.37601519e-13
 9.14008707e-03 1.21526383e-03 3.58987579e-11 7.30983708e-03
 3.63994903e-03 2.11459520e-11 9.36722619e-03 2.13859375e-03
 1.60833864e-10 1.31569223e-02 9.79092983e-03 9.95976357e-03
 1.21556842e-02 1.57719473e-10 7.00762364e-03 6.86199701e-03
 8.29598117e-03 8.76458824e-03 1.59708066e-10 6.12998354e-03
 9.34043853e-03 7.23737853e-03 6.86455671e-03 1.55791506e-10
 8.18254663e-03 1.19530950e-02 8.95292538e-03 9.47702907e-03
 1.59055925e-10 8.68097595e-03 4.21251727e-03 6.49674034e-03
 9.82690894e-03]

 Iteration 900:
############################
Gradient = 
[ 0.00053381 -0.00166934 -0.00236129 -0.00041042 -0.00218079  0.00145469
 -0.00115177 -0.00319233  0.00128102 -0.00071172  0.00035461 -0.00231463
 -0.01218553  0.00540053  0.00547564  0.00616441  0.00384724  0.01383137
 -0.00333237 -0.0030419  -0.0040495  -0.00441651  0.02384084 -0.00673967
 -0.0091117  -0.00773299 -0.00564697  0.00279636  0.00022269  0.00043749
 -0.00127805 -0.00053349  0.02081184 -0.00713239 -0.00614658 -0.00399581
 -0.00774671]

Gradient approximate =
[ 5.33809326e-04 -1.11061073e-02 -5.92943401e-03 -4.10422556e-04
 -1.13969323e-02  2.71851428e-03 -1.15176874e-03 -1.06129596e-02
 -2.31472972e-03 -7.11720716e-04 -9.00543190e-03 -4.53556770e-03
 -1.21855306e-02  1.87522898e-02  1.54642436e-02  1.63443593e-02
  1.61465915e-02  1.38313678e-02  3.57192285e-03  3.72606072e-03
  4.11816993e-03  4.20741467e-03  2.38408437e-02 -8.31464229e-04
 -7.46244622e-05 -7.51872540e-04  1.03289796e-03  2.79635877e-03
  8.42242702e-03  1.24126734e-02  7.63794894e-03  8.93542152e-03
  2.08118357e-02  1.31225825e-03 -2.13587896e-03  2.37335899e-03
  1.82227616e-03]

Diff = 
[4.45018523e-11 9.43676502e-03 3.56814228e-03 7.51575771e-12
 9.21613934e-03 1.26382790e-03 2.45881926e-11 7.42062885e-03
 3.59575318e-03 2.10001713e-11 9.36003706e-03 2.22094048e-03
 1.54888000e-10 1.33517604e-02 9.98860437e-03 1.01799452e-02
 1.22993546e-02 1.58399394e-10 6.90429572e-03 6.76795925e-03
 8.16767342e-03 8.62392173e-03 1.65567410e-10 5.90820868e-03
 9.03708025e-03 6.98111373e-03 6.67986513e-03 1.55826429e-10
 8.19973629e-03 1.19751850e-02 8.91599661e-03 9.46890820e-03
 1.61819138e-10 8.44465025e-03 4.01070154e-03 6.36917250e-03
 9.56899082e-03]

 