Iteration 0:
############################
Gradient = 
[ 9.18752597e-06  6.49110520e-04  1.89371862e-03  1.02664979e-05
 -1.72737964e-03  1.25916299e-03  1.89404612e-05 -5.61215865e-05
 -1.23763517e-03 -8.39440909e-06 -1.28357671e-03  4.35579104e-04
  5.01920593e-06  1.59248731e-03  1.09139340e-03  1.32602018e-05
 -2.24821246e-04  1.13679904e-03  1.91754034e-04  9.19674193e-05
 -2.85000816e-04  6.33794346e-04 -1.50785753e-03 -6.81709572e-04
 -1.00302998e-03  1.61261833e-04  1.53457323e-03  1.39320020e-03
  1.22100175e-03 -1.00823447e-03  7.03761799e-04 -2.92285929e-04
 -5.59096390e-05 -1.59660141e-03  2.32257466e-04  1.75483643e-03
 -1.39516315e-03  1.17970688e-03 -1.58626079e-03 -2.75634779e-04
 -1.93893348e-03 -1.11412503e-03 -9.01966040e-04 -2.14826967e-03
 -5.61295835e-04 -1.78593579e-03 -6.21875122e-04 -1.11391439e-04
 -1.07843796e-03 -2.26139589e-03  1.45950837e-03 -8.71230887e-04
 -2.01631208e-03 -1.12777580e-04 -1.41228631e-03 -4.12246568e-04
 -8.15428669e-04 -1.39773568e-03 -1.32575869e-03  1.21756253e-03
 -1.66564427e-02 -8.19708323e-03 -9.20978179e-03 -8.61977417e-03
 -6.38209892e-03 -6.47730663e-03 -7.02387292e-03  8.69501836e-03
  3.43399877e-03  5.78681438e-03  3.96789799e-03  2.59016755e-03
  3.78601151e-03  5.37511057e-03 -5.85111346e-03 -2.02720192e-03
 -4.81714580e-03 -4.29279873e-03 -4.46245821e-03 -3.95208774e-03
 -1.01084094e-03 -1.01133914e-02 -4.25568279e-03 -3.39481513e-03
 -3.94432366e-03 -5.13934512e-03 -3.56371090e-03 -5.88245963e-03
  1.27566050e-02  7.76237884e-03  7.91371863e-03  4.43836795e-03
  5.36196211e-03  4.91716006e-03  5.18963553e-03 -1.57975059e-03
 -2.05118422e-03  1.33843905e-03 -1.96460443e-03  1.43257413e-03
 -4.46185769e-05 -1.69358057e-03  2.92004024e-01  1.54125720e-01
  1.49973730e-01  1.37726722e-01  1.51298011e-01  1.50701040e-01
  1.52269063e-01  2.98629102e-01  1.57755500e-01  1.53583836e-01
  1.40535537e-01  1.56407305e-01  1.54551892e-01  1.56127470e-01
  3.14599226e-01  1.65883582e-01  1.61043311e-01  1.50750773e-01
  1.65512638e-01  1.60523306e-01  1.62620930e-01  2.90380777e-01
  1.53714838e-01  1.45841284e-01  1.35952039e-01  1.50484128e-01
  1.47321789e-01  1.50961906e-01  2.88024637e-01  1.50983290e-01
  1.47908402e-01  1.34161326e-01  1.48390063e-01  1.48272322e-01
  1.47503259e-01]

Gradient approximate =
[-1.66600067e-07  1.27076505e-05  1.76590964e-05  1.59266822e-06
 -1.37317269e-06  1.11953580e-05  5.98812555e-06  2.22665886e-05
  2.37013298e-06 -1.30828859e-05 -5.50279156e-05 -9.34192057e-06
 -1.63842939e-06 -2.59876565e-06  4.92777152e-06 -3.97540445e-06
 -7.67822472e-06  1.15341292e-06  3.14845641e-04  1.71696137e-04
  1.35396674e-04  1.51425357e-04  1.24798167e-04  1.78974400e-04
  1.47198442e-04  2.17412395e-04  1.25253008e-04  1.03733915e-04
  1.09745451e-04  8.73770856e-05  1.28006612e-04  1.03552089e-04
  3.86257626e-05  8.88988216e-06  2.30333352e-05  2.96162783e-05
  1.21911414e-05  2.38254660e-05  9.99544669e-06  7.44208273e-05
  2.32079334e-05  3.11730264e-05  2.63387710e-01  1.23458323e-01
  1.21394354e-01  1.28858027e-01  1.36726070e-01  1.28329581e-01
  1.29502620e-01  2.59324832e-01  1.21583100e-01  1.19689214e-01
  1.26782760e-01  1.34633370e-01  1.26448020e-01  1.27566099e-01
  2.92520695e-01  1.37112390e-01  1.35342235e-01  1.43028023e-01
  1.51501735e-01  1.42561592e-01  1.43739950e-01  3.23477256e-01
  1.51639957e-01  1.49989891e-01  1.58053302e-01  1.67279888e-01
  1.57661720e-01  1.58893976e-01  2.82663428e-01  1.32492813e-01
  1.30360136e-01  1.38281338e-01  1.46738797e-01  1.37790982e-01
  1.39007132e-01 -5.76767433e-03 -2.70579598e-03 -3.09368155e-03
 -2.69901603e-03 -2.61949549e-03 -2.80574777e-03 -2.70311399e-03
  0.00000000e+00  0.00000000e+00  0.00000000e+00  0.00000000e+00
  0.00000000e+00  0.00000000e+00  0.00000000e+00  0.00000000e+00
  0.00000000e+00  0.00000000e+00  0.00000000e+00  0.00000000e+00
  0.00000000e+00  0.00000000e+00  0.00000000e+00  0.00000000e+00
  0.00000000e+00  0.00000000e+00  0.00000000e+00  0.00000000e+00
  0.00000000e+00  0.00000000e+00  0.00000000e+00  0.00000000e+00
  0.00000000e+00  0.00000000e+00  0.00000000e+00  0.00000000e+00
  0.00000000e+00  0.00000000e+00  0.00000000e+00  0.00000000e+00
  0.00000000e+00  0.00000000e+00  0.00000000e+00  0.00000000e+00
  0.00000000e+00  0.00000000e+00  0.00000000e+00  0.00000000e+00
  0.00000000e+00  0.00000000e+00  0.00000000e+00  0.00000000e+00
  0.00000000e+00  0.00000000e+00  0.00000000e+00  0.00000000e+00
  0.00000000e+00  0.00000000e+00  0.00000000e+00  0.00000000e+00
  0.00000000e+00]

Diff = 
[9.35412604e-06 6.36402869e-04 1.87605952e-03 8.67382973e-06
 1.72600647e-03 1.24796763e-03 1.29523357e-05 7.83881750e-05
 1.24000530e-03 4.68847680e-06 1.22854880e-03 4.44921025e-04
 6.65763533e-06 1.59508607e-03 1.08646563e-03 1.72356063e-05
 2.17143022e-04 1.13564562e-03 1.23091607e-04 7.97287180e-05
 4.20397490e-04 4.82368989e-04 1.63265569e-03 8.60683972e-04
 1.15022842e-03 5.61505622e-05 1.40932022e-03 1.28946629e-03
 1.11125630e-03 1.09561156e-03 5.75755187e-04 3.95838018e-04
 9.45354016e-05 1.60549130e-03 2.09224130e-04 1.72522015e-03
 1.40735429e-03 1.15588142e-03 1.59625623e-03 3.50055606e-04
 1.96214142e-03 1.14529805e-03 2.64289676e-01 1.25606593e-01
 1.21955650e-01 1.30643963e-01 1.37347945e-01 1.28440972e-01
 1.30581058e-01 2.61586228e-01 1.20123591e-01 1.20560445e-01
 1.28799072e-01 1.34746148e-01 1.27860307e-01 1.27978346e-01
 2.93336124e-01 1.38510125e-01 1.36667994e-01 1.41810460e-01
 1.68158178e-01 1.50758675e-01 1.52949732e-01 3.32097031e-01
 1.58022056e-01 1.56467198e-01 1.65077175e-01 1.58584870e-01
 1.54227721e-01 1.53107161e-01 2.78695530e-01 1.29902646e-01
 1.26574124e-01 1.32906227e-01 1.52589911e-01 1.39818184e-01
 1.43824278e-01 1.47487559e-03 1.75666224e-03 8.58406193e-04
 1.68817509e-03 7.49389588e-03 1.44993502e-03 6.91701138e-04
 3.94432366e-03 5.13934512e-03 3.56371090e-03 5.88245963e-03
 1.27566050e-02 7.76237884e-03 7.91371863e-03 4.43836795e-03
 5.36196211e-03 4.91716006e-03 5.18963553e-03 1.57975059e-03
 2.05118422e-03 1.33843905e-03 1.96460443e-03 1.43257413e-03
 4.46185769e-05 1.69358057e-03 2.92004024e-01 1.54125720e-01
 1.49973730e-01 1.37726722e-01 1.51298011e-01 1.50701040e-01
 1.52269063e-01 2.98629102e-01 1.57755500e-01 1.53583836e-01
 1.40535537e-01 1.56407305e-01 1.54551892e-01 1.56127470e-01
 3.14599226e-01 1.65883582e-01 1.61043311e-01 1.50750773e-01
 1.65512638e-01 1.60523306e-01 1.62620930e-01 2.90380777e-01
 1.53714838e-01 1.45841284e-01 1.35952039e-01 1.50484128e-01
 1.47321789e-01 1.50961906e-01 2.88024637e-01 1.50983290e-01
 1.47908402e-01 1.34161326e-01 1.48390063e-01 1.48272322e-01
 1.47503259e-01]

 Iteration 100:
############################
Gradient = 
[-1.19742265e-06  6.08112843e-04  1.84484942e-03  1.17831199e-06
 -1.71563526e-03  1.22076291e-03  5.59618467e-06 -9.44790438e-05
 -1.22613898e-03 -1.34613550e-05 -1.26911900e-03  4.27080949e-04
 -1.71571414e-06  1.52806943e-03  1.05928750e-03 -4.19195544e-06
 -2.65054077e-04  1.08896181e-03  3.03388808e-04  1.53315810e-04
 -2.36458024e-04  6.69529236e-04 -1.43210871e-03 -5.96267078e-04
 -9.27573128e-04  2.08298017e-04  1.52339955e-03  1.38374186e-03
  1.21645068e-03 -9.64928357e-04  7.12110335e-04 -2.63797956e-04
  4.93216185e-05 -1.50669158e-03  2.74215249e-04  1.76510441e-03
 -1.31861659e-03  1.21066611e-03 -1.50086519e-03  1.01175818e-04
 -1.71139566e-03 -9.10093408e-04 -7.00860105e-04 -1.92890035e-03
 -3.59774802e-04 -1.56787293e-03 -8.91710351e-05  1.69111794e-04
 -8.15586669e-04 -1.96362662e-03  1.65695494e-03 -5.60401845e-04
 -1.71667861e-03  9.19963226e-05 -1.27459793e-03 -3.20608332e-04
 -7.00409911e-04 -1.28408368e-03 -1.17953739e-03  1.28542140e-03
 -5.07519918e-03 -4.34963625e-03 -3.12357703e-03 -4.00017732e-03
 -1.94479669e-03 -2.25744410e-03 -3.16740705e-03 -1.98243390e-03
  7.68756104e-04 -1.56926304e-03 -2.60443948e-03 -1.61395254e-03
 -2.28829322e-03 -1.29258836e-03  1.70919117e-03 -5.22321495e-04
 -3.20883502e-04  2.04646401e-03  2.66864562e-03  5.28932526e-04
  5.86370152e-04  6.12850005e-03  4.11850632e-03  4.96118901e-03
  3.77808911e-03  3.67309486e-03  2.33979693e-03  4.05855440e-03
 -4.18031058e-03 -3.28463432e-03 -2.62874965e-03 -6.56130780e-04
 -2.58025810e-03 -1.31279283e-03 -3.64256898e-03 -5.29071267e-03
 -4.32735324e-03 -3.94012005e-03 -7.52712986e-04 -2.07697926e-03
 -2.19183960e-03 -5.78452986e-04  2.69528145e-01  1.24564031e-01
  1.24415415e-01  1.30664116e-01  1.40659940e-01  1.31948132e-01
  1.31022311e-01  2.62578141e-01  1.24972231e-01  1.21095260e-01
  1.27195191e-01  1.35961090e-01  1.27012955e-01  1.28047034e-01
  2.93321058e-01  1.36387932e-01  1.34610630e-01  1.45201614e-01
  1.54565203e-01  1.43054356e-01  1.43219425e-01  3.20233392e-01
  1.51590835e-01  1.49990858e-01  1.58061327e-01  1.67561189e-01
  1.55866407e-01  1.57769550e-01  2.88539220e-01  1.34142639e-01
  1.33235554e-01  1.42919395e-01  1.49511859e-01  1.41747922e-01
  1.39426675e-01]

Gradient approximate =
[-1.12097465e-05 -2.93940761e-05  3.93498567e-07 -7.66742225e-07
 -1.33435418e-05  6.01370731e-06  1.94393168e-06  4.66491290e-06
 -5.98385119e-06 -1.70911840e-05 -6.53724364e-05 -1.65702763e-05
  2.46939358e-06  1.43665835e-05  7.74105002e-06 -1.43162904e-05
 -5.24178456e-05 -1.33759048e-05 -9.91380977e-05 -4.81802065e-05
 -5.04673570e-05 -4.64723171e-05 -5.54288460e-05 -5.37239231e-05
 -5.35492828e-05  3.22217746e-04  1.78996833e-04  1.54627504e-04
  1.60099003e-04  1.36082809e-04  1.82966957e-04  1.54935820e-04
  2.96914731e-04  1.44971279e-04  1.40198255e-04  1.53375936e-04
  1.25954491e-04  1.66994836e-04  1.35357088e-04  5.00247113e-04
  2.52075854e-04  2.21358616e-04  2.63809551e-01  1.23940014e-01
  1.21924497e-01  1.23393040e-01  1.26204564e-01  1.18651578e-01
  1.40785528e-01  2.54390657e-01  1.19505011e-01  1.17174507e-01
  1.18880760e-01  1.21886985e-01  1.14343500e-01  1.36117709e-01
  2.59334249e-01  1.21773137e-01  1.19445760e-01  1.21239241e-01
  1.24120484e-01  1.16504673e-01  1.38692614e-01  2.65137537e-01
  1.24495088e-01  1.21992423e-01  1.23881732e-01  1.26940437e-01
  1.19116996e-01  1.41916362e-01  2.43762946e-01  1.14453047e-01
  1.12341037e-01  1.13912979e-01  1.16673922e-01  1.09584348e-01
  1.30296971e-01 -9.55907341e-03 -4.46235840e-03 -5.11284580e-03
 -4.49767211e-03 -4.36463374e-03 -4.65087402e-03 -4.49433091e-03
  0.00000000e+00  0.00000000e+00  0.00000000e+00  0.00000000e+00
  0.00000000e+00  0.00000000e+00  0.00000000e+00  0.00000000e+00
  0.00000000e+00  0.00000000e+00  0.00000000e+00  0.00000000e+00
  0.00000000e+00  0.00000000e+00  0.00000000e+00  0.00000000e+00
  0.00000000e+00  0.00000000e+00  0.00000000e+00  0.00000000e+00
  0.00000000e+00  0.00000000e+00  0.00000000e+00  0.00000000e+00
  0.00000000e+00  0.00000000e+00  0.00000000e+00  0.00000000e+00
  0.00000000e+00  0.00000000e+00  0.00000000e+00  0.00000000e+00
  0.00000000e+00  0.00000000e+00  0.00000000e+00  0.00000000e+00
  0.00000000e+00  0.00000000e+00  0.00000000e+00  0.00000000e+00
  0.00000000e+00  0.00000000e+00  0.00000000e+00  0.00000000e+00
  0.00000000e+00  0.00000000e+00  0.00000000e+00  0.00000000e+00
  0.00000000e+00  0.00000000e+00  0.00000000e+00  0.00000000e+00
  0.00000000e+00]

Diff = 
[1.00123238e-05 6.37506919e-04 1.84445592e-03 1.94505421e-06
 1.70229172e-03 1.21474920e-03 3.65225299e-06 9.91439567e-05
 1.22015513e-03 3.62982898e-06 1.20374656e-03 4.43651225e-04
 4.18510772e-06 1.51370285e-03 1.05154645e-03 1.01243349e-05
 2.12636231e-04 1.10233771e-03 4.02526906e-04 2.01496017e-04
 1.85990667e-04 7.16001553e-04 1.37667986e-03 5.42543155e-04
 8.74023845e-04 1.13919728e-04 1.34440272e-03 1.22911436e-03
 1.05635168e-03 1.10101117e-03 5.29143378e-04 4.18733776e-04
 2.47593112e-04 1.65166286e-03 1.34016994e-04 1.61172847e-03
 1.44457108e-03 1.04367127e-03 1.63622228e-03 3.99071294e-04
 1.96347151e-03 1.13145202e-03 2.64510411e-01 1.25868914e-01
 1.22284272e-01 1.24960913e-01 1.26293735e-01 1.18482466e-01
 1.41601115e-01 2.56354284e-01 1.17848056e-01 1.17734909e-01
 1.20597439e-01 1.21794989e-01 1.15618098e-01 1.36438317e-01
 2.60034659e-01 1.23057221e-01 1.20625298e-01 1.19953820e-01
 1.29195683e-01 1.20854309e-01 1.41816191e-01 2.69137714e-01
 1.26439885e-01 1.24249867e-01 1.27049139e-01 1.28922871e-01
 1.18348240e-01 1.43485625e-01 2.46367385e-01 1.16067000e-01
 1.14629331e-01 1.15205568e-01 1.14964730e-01 1.10106669e-01
 1.30617855e-01 1.16055374e-02 7.13100402e-03 5.64177833e-03
 5.08404226e-03 1.04931338e-02 8.76938034e-03 9.45551992e-03
 3.77808911e-03 3.67309486e-03 2.33979693e-03 4.05855440e-03
 4.18031058e-03 3.28463432e-03 2.62874965e-03 6.56130780e-04
 2.58025810e-03 1.31279283e-03 3.64256898e-03 5.29071267e-03
 4.32735324e-03 3.94012005e-03 7.52712986e-04 2.07697926e-03
 2.19183960e-03 5.78452986e-04 2.69528145e-01 1.24564031e-01
 1.24415415e-01 1.30664116e-01 1.40659940e-01 1.31948132e-01
 1.31022311e-01 2.62578141e-01 1.24972231e-01 1.21095260e-01
 1.27195191e-01 1.35961090e-01 1.27012955e-01 1.28047034e-01
 2.93321058e-01 1.36387932e-01 1.34610630e-01 1.45201614e-01
 1.54565203e-01 1.43054356e-01 1.43219425e-01 3.20233392e-01
 1.51590835e-01 1.49990858e-01 1.58061327e-01 1.67561189e-01
 1.55866407e-01 1.57769550e-01 2.88539220e-01 1.34142639e-01
 1.33235554e-01 1.42919395e-01 1.49511859e-01 1.41747922e-01
 1.39426675e-01]

 Iteration 200:
############################
Gradient = 
[-2.12679963e-06  5.91095292e-04  1.80269821e-03  7.88896316e-07
 -1.67870523e-03  1.19304331e-03  5.21062450e-06 -9.34078548e-05
 -1.19955727e-03 -1.38056214e-05 -1.24179231e-03  4.17447607e-04
 -1.80260841e-06  1.49423867e-03  1.03555369e-03 -4.43074517e-06
 -2.59652833e-04  1.06463019e-03  2.93697079e-04  1.44247574e-04
 -2.34837699e-04  6.50283725e-04 -1.40387083e-03 -5.89283857e-04
 -9.11612417e-04  2.00636755e-04  1.48506762e-03  1.34990689e-03
  1.18594928e-03 -9.46442404e-04  6.91423965e-04 -2.61661436e-04
  5.93082630e-05 -1.46811117e-03  2.72410545e-04  1.73067599e-03
 -1.28502477e-03  1.18917491e-03 -1.46279508e-03  1.27208299e-04
 -1.65986856e-03 -8.78012618e-04 -6.72873637e-04 -1.87454292e-03
 -3.37659814e-04 -1.52050532e-03 -9.00790601e-05  1.64843103e-04
 -7.97615225e-04 -1.92037236e-03  1.61983954e-03 -5.48593141e-04
 -1.67886208e-03  1.03052660e-04 -1.24070820e-03 -3.08183930e-04
 -6.79495840e-04 -1.25044382e-03 -1.14761723e-03  1.26212691e-03
 -4.71965139e-03 -4.14144093e-03 -2.92307412e-03 -3.79869166e-03
 -1.78446905e-03 -2.09001488e-03 -2.98377969e-03 -1.50551512e-03
  9.54728022e-04 -1.30106162e-03 -2.34209389e-03 -1.39987430e-03
 -2.02821882e-03 -1.06137388e-03  2.20151175e-03 -2.62903057e-04
 -3.24522472e-05  2.24969286e-03  3.00534991e-03  8.65234800e-04
  8.87139379e-04  6.53493729e-03  4.35198380e-03  5.22393302e-03
  4.03911943e-03  3.90306661e-03  2.52130527e-03  4.28514438e-03
 -3.85877821e-03 -3.10096464e-03 -2.40638829e-03 -4.78649474e-04
 -2.48059206e-03 -1.14893910e-03 -3.48859897e-03 -4.86824970e-03
 -4.19450434e-03 -3.72740124e-03 -5.71090081e-04 -2.03086872e-03
 -2.08343531e-03 -4.96072648e-04  2.70226052e-01  1.25124231e-01
  1.24944659e-01  1.31522228e-01  1.41594962e-01  1.32570934e-01
  1.30606130e-01  2.63275290e-01  1.25447536e-01  1.21623709e-01
  1.28044047e-01  1.36876883e-01  1.27660087e-01  1.27639057e-01
  2.95199445e-01  1.37505667e-01  1.35723285e-01  1.46620155e-01
  1.56275555e-01  1.44379758e-01  1.43358124e-01  3.22367634e-01
  1.52861385e-01  1.51264696e-01  1.59751614e-01  1.69391040e-01
  1.57230667e-01  1.57919568e-01  2.89601728e-01  1.34878481e-01
  1.33988516e-01  1.43982709e-01  1.50631487e-01  1.42581939e-01
  1.39119040e-01]

Gradient approximate =
[-1.03520459e-05 -2.67346145e-05  1.01677777e-06 -6.60420607e-07
 -1.26520328e-05  6.00446803e-06  1.77091675e-06  4.09390744e-06
 -5.95315797e-06 -1.55054525e-05 -5.94024718e-05 -1.47207202e-05
  2.46977105e-06  1.44434620e-05  7.71003927e-06 -1.30082167e-05
 -4.75359019e-05 -1.17251853e-05 -1.10077838e-04 -5.41878831e-05
 -5.51745405e-05 -5.17029575e-05 -5.98721472e-05 -6.00659211e-05
 -5.87602833e-05  3.00062288e-04  1.66696341e-04  1.44700831e-04
  1.49522574e-04  1.26754658e-04  1.69992935e-04  1.44143544e-04
  2.78849832e-04  1.35486400e-04  1.32072588e-04  1.44558991e-04
  1.18288936e-04  1.56592141e-04  1.26757798e-04  4.74076425e-04
  2.38015594e-04  2.10197053e-04  2.64555547e-01  1.24474058e-01
  1.22467886e-01  1.23913954e-01  1.26695896e-01  1.19248733e-01
  1.41746603e-01  2.55256510e-01  1.20091845e-01  1.17782871e-01
  1.19457645e-01  1.22422316e-01  1.14987527e-01  1.37119086e-01
  2.60108879e-01  1.22321522e-01  1.20015786e-01  1.21775396e-01
  1.24628919e-01  1.17119765e-01  1.39661764e-01  2.65917535e-01
  1.25053611e-01  1.22576402e-01  1.24429680e-01  1.27451490e-01
  1.19738163e-01  1.42900151e-01  2.44802967e-01  1.15116320e-01
  1.13021536e-01  1.14565755e-01  1.17298609e-01  1.10298956e-01
  1.31371675e-01 -9.37096398e-03 -4.37556861e-03 -5.00678827e-03
 -4.40968286e-03 -4.28590702e-03 -4.56305276e-03 -4.40937181e-03
  0.00000000e+00  0.00000000e+00  0.00000000e+00  0.00000000e+00
  0.00000000e+00  0.00000000e+00  0.00000000e+00  0.00000000e+00
  0.00000000e+00  0.00000000e+00  0.00000000e+00  0.00000000e+00
  0.00000000e+00  0.00000000e+00  0.00000000e+00  0.00000000e+00
  0.00000000e+00  0.00000000e+00  0.00000000e+00  0.00000000e+00
  0.00000000e+00  0.00000000e+00  0.00000000e+00  0.00000000e+00
  0.00000000e+00  0.00000000e+00  0.00000000e+00  0.00000000e+00
  0.00000000e+00  0.00000000e+00  0.00000000e+00  0.00000000e+00
  0.00000000e+00  0.00000000e+00  0.00000000e+00  0.00000000e+00
  0.00000000e+00  0.00000000e+00  0.00000000e+00  0.00000000e+00
  0.00000000e+00  0.00000000e+00  0.00000000e+00  0.00000000e+00
  0.00000000e+00  0.00000000e+00  0.00000000e+00  0.00000000e+00
  0.00000000e+00  0.00000000e+00  0.00000000e+00  0.00000000e+00
  0.00000000e+00]

Diff = 
[8.22524626e-06 6.17829906e-04 1.80168143e-03 1.44931692e-06
 1.66605320e-03 1.18703884e-03 3.43970775e-06 9.75017622e-05
 1.19360412e-03 1.69983107e-06 1.18238984e-03 4.32168327e-04
 4.27237946e-06 1.47979521e-03 1.02784365e-03 8.57747156e-06
 2.12116931e-04 1.07635538e-03 4.03774917e-04 1.98435457e-04
 1.79663159e-04 7.01986683e-04 1.34399868e-03 5.29217936e-04
 8.52852134e-04 9.94255333e-05 1.31837127e-03 1.20520605e-03
 1.03642670e-03 1.07319706e-03 5.21431030e-04 4.05804980e-04
 2.19541569e-04 1.60359757e-03 1.40337956e-04 1.58611700e-03
 1.40331371e-03 1.03258276e-03 1.58955288e-03 3.46868125e-04
 1.89788416e-03 1.08820967e-03 2.65228421e-01 1.26348601e-01
 1.22805546e-01 1.25434460e-01 1.26785975e-01 1.19083890e-01
 1.42544218e-01 2.57176882e-01 1.18472006e-01 1.18331464e-01
 1.21136507e-01 1.22319264e-01 1.16228235e-01 1.37427270e-01
 2.60788374e-01 1.23571965e-01 1.21163403e-01 1.20513269e-01
 1.29348571e-01 1.21261206e-01 1.42584838e-01 2.69716227e-01
 1.26838080e-01 1.24666416e-01 1.27413460e-01 1.28957005e-01
 1.18783435e-01 1.44201212e-01 2.47145060e-01 1.16516194e-01
 1.15049755e-01 1.15627129e-01 1.15097098e-01 1.10561859e-01
 1.31404127e-01 1.16206568e-02 7.38091852e-03 5.87202307e-03
 5.29682224e-03 1.08208443e-02 8.91503657e-03 9.63330484e-03
 4.03911943e-03 3.90306661e-03 2.52130527e-03 4.28514438e-03
 3.85877821e-03 3.10096464e-03 2.40638829e-03 4.78649474e-04
 2.48059206e-03 1.14893910e-03 3.48859897e-03 4.86824970e-03
 4.19450434e-03 3.72740124e-03 5.71090081e-04 2.03086872e-03
 2.08343531e-03 4.96072648e-04 2.70226052e-01 1.25124231e-01
 1.24944659e-01 1.31522228e-01 1.41594962e-01 1.32570934e-01
 1.30606130e-01 2.63275290e-01 1.25447536e-01 1.21623709e-01
 1.28044047e-01 1.36876883e-01 1.27660087e-01 1.27639057e-01
 2.95199445e-01 1.37505667e-01 1.35723285e-01 1.46620155e-01
 1.56275555e-01 1.44379758e-01 1.43358124e-01 3.22367634e-01
 1.52861385e-01 1.51264696e-01 1.59751614e-01 1.69391040e-01
 1.57230667e-01 1.57919568e-01 2.89601728e-01 1.34878481e-01
 1.33988516e-01 1.43982709e-01 1.50631487e-01 1.42581939e-01
 1.39119040e-01]

 Iteration 300:
############################
Gradient = 
[-2.93914086e-06  5.74832228e-04  1.76158173e-03  4.34258087e-07
 -1.64251629e-03  1.16596306e-03  4.84216367e-06 -9.23711657e-05
 -1.17356333e-03 -1.40876370e-05 -1.21489568e-03  4.08049122e-04
 -1.88774510e-06  1.46111636e-03  1.01233222e-03 -4.66440833e-06
 -2.54409406e-04  1.04080212e-03  2.85402760e-04  1.36153225e-04
 -2.32665302e-04  6.32110464e-04 -1.37568837e-03 -5.81627283e-04
 -8.95331447e-04  1.94100455e-04  1.44820727e-03  1.31730676e-03
  1.15664497e-03 -9.27900563e-04  6.71857695e-04 -2.59027300e-04
  6.83903769e-05 -1.43086995e-03  2.70277720e-04  1.69658399e-03
 -1.25254701e-03  1.16763519e-03 -1.42599834e-03  1.51597238e-04
 -1.61035006e-03 -8.47350807e-04 -6.46292070e-04 -1.82208560e-03
 -3.16963294e-04 -1.47497231e-03 -8.99694804e-05  1.61228565e-04
 -7.79613825e-04 -1.87761171e-03  1.58396945e-03 -5.36445913e-04
 -1.64139528e-03  1.13256200e-04 -1.20800227e-03 -2.96413463e-04
 -6.59461098e-04 -1.21792199e-03 -1.11686574e-03  1.23894903e-03
 -4.38892584e-03 -3.94593068e-03 -2.73674560e-03 -3.60983009e-03
 -1.63477376e-03 -1.93426251e-03 -2.81189649e-03 -1.06134304e-03
  1.12637480e-03 -1.05111627e-03 -2.09590698e-03 -1.20021871e-03
 -1.78445666e-03 -8.45474539e-04  2.65566601e-03 -2.19175923e-05
  2.34421665e-04  2.43554583e-03  3.31755501e-03  1.17877264e-03
  1.16591793e-03  6.84633249e-03  4.53760698e-03  5.43202082e-03
  4.25142843e-03  4.07957314e-03  2.65268150e-03  4.46125263e-03
 -3.58326591e-03 -2.94337869e-03 -2.21463085e-03 -3.27774244e-04
 -2.41201077e-03 -1.01287183e-03 -3.36228236e-03 -4.49604114e-03
 -4.09232721e-03 -3.54931635e-03 -4.19526855e-04 -2.01501178e-03
 -2.00387033e-03 -4.42285930e-04  2.70905012e-01  1.25669210e-01
  1.25460662e-01  1.32346747e-01  1.42464862e-01  1.33114014e-01
  1.30105201e-01  2.63962260e-01  1.25913928e-01  1.22143326e-01
  1.28864492e-01  1.37733393e-01  1.28232810e-01  1.27152551e-01
  2.96972726e-01  1.38569140e-01  1.36783694e-01  1.47965797e-01
  1.57867221e-01  1.45574083e-01  1.43352897e-01  3.24278056e-01
  1.54018760e-01  1.52428076e-01  1.61304107e-01  1.71032467e-01
  1.58399358e-01  1.57858156e-01  2.90396991e-01  1.35478819e-01
  1.34607873e-01  1.44885158e-01  1.51542435e-01  1.43204256e-01
  1.38593624e-01]

Gradient approximate =
[-9.56562385e-06 -2.43125720e-05  1.56829882e-06 -5.67177416e-07
 -1.20200272e-05  5.98085803e-06  1.61318514e-06  3.57862184e-06
 -5.91203753e-06 -1.40632239e-05 -5.39743472e-05 -1.30495947e-05
  2.45860887e-06  1.44637258e-05  7.66036345e-06 -1.18196875e-05
 -4.31059277e-05 -1.02350861e-05 -1.19690244e-04 -5.94483995e-05
 -5.93287020e-05 -5.63146907e-05 -6.37769815e-05 -6.56004162e-05
 -6.33255182e-05  2.79302816e-04  1.55199078e-04  1.35358615e-04
  1.39592384e-04  1.17989842e-04  1.57884266e-04  1.34036717e-04
  2.62008979e-04  1.26678881e-04  1.24468618e-04  1.36317946e-04
  1.11126932e-04  1.46925772e-04  1.18751609e-04  4.49427648e-04
  2.24818428e-04  1.99648769e-04  2.65280439e-01  1.24993334e-01
  1.22997690e-01  1.24420449e-01  1.27175119e-01  1.19831055e-01
  1.42660776e-01  2.56102086e-01  1.20664449e-01  1.18377703e-01
  1.20020548e-01  1.22946577e-01  1.15617516e-01  1.38075317e-01
  2.60861212e-01  1.22854470e-01  1.20571111e-01  1.22296434e-01
  1.25124082e-01  1.17719013e-01  1.40583157e-01  2.66678007e-01
  1.25597611e-01  1.23146350e-01  1.24963338e-01  1.27950778e-01
  1.20344749e-01  1.43836794e-01  2.45819344e-01  1.15764140e-01
  1.13687245e-01  1.15203248e-01  1.17910063e-01  1.10998315e-01
  1.32401714e-01 -9.18756557e-03 -4.29095074e-03 -4.90361303e-03
 -4.32382576e-03 -4.20874941e-03 -4.47730171e-03 -4.32634203e-03
  0.00000000e+00  0.00000000e+00  0.00000000e+00  0.00000000e+00
  0.00000000e+00  0.00000000e+00  0.00000000e+00  0.00000000e+00
  0.00000000e+00  0.00000000e+00  0.00000000e+00  0.00000000e+00
  0.00000000e+00  0.00000000e+00  0.00000000e+00  0.00000000e+00
  0.00000000e+00  0.00000000e+00  0.00000000e+00  0.00000000e+00
  0.00000000e+00  0.00000000e+00  0.00000000e+00  0.00000000e+00
  0.00000000e+00  0.00000000e+00  0.00000000e+00  0.00000000e+00
  0.00000000e+00  0.00000000e+00  0.00000000e+00  0.00000000e+00
  0.00000000e+00  0.00000000e+00  0.00000000e+00  0.00000000e+00
  0.00000000e+00  0.00000000e+00  0.00000000e+00  0.00000000e+00
  0.00000000e+00  0.00000000e+00  0.00000000e+00  0.00000000e+00
  0.00000000e+00  0.00000000e+00  0.00000000e+00  0.00000000e+00
  0.00000000e+00  0.00000000e+00  0.00000000e+00  0.00000000e+00
  0.00000000e+00]

Diff = 
[6.62648299e-06 5.99144800e-04 1.76001343e-03 1.00143550e-06
 1.63049626e-03 1.15998220e-03 3.22897852e-06 9.59497875e-05
 1.16765129e-03 2.44130633e-08 1.16092133e-03 4.21098717e-04
 4.34635397e-06 1.44665264e-03 1.00467186e-03 7.15527912e-06
 2.11303479e-04 1.05103721e-03 4.05093004e-04 1.95601624e-04
 1.73336600e-04 6.88425155e-04 1.31191139e-03 5.16026867e-04
 8.32005928e-04 8.52023618e-05 1.29300819e-03 1.18194815e-03
 1.01705258e-03 1.04589040e-03 5.13973429e-04 3.93064017e-04
 1.93618602e-04 1.55754883e-03 1.45809103e-04 1.56026604e-03
 1.36367394e-03 1.02070942e-03 1.54474995e-03 2.97830411e-04
 1.83516849e-03 1.04699958e-03 2.65926731e-01 1.26815420e-01
 1.23314653e-01 1.25895422e-01 1.27265089e-01 1.19669826e-01
 1.43440390e-01 2.57979698e-01 1.19080480e-01 1.18914149e-01
 1.21661943e-01 1.22833321e-01 1.16825518e-01 1.38371731e-01
 2.61520674e-01 1.24072392e-01 1.21687977e-01 1.21057485e-01
 1.29513008e-01 1.21664944e-01 1.43319903e-01 2.70287837e-01
 1.27232385e-01 1.25080612e-01 1.27775234e-01 1.29012121e-01
 1.19218374e-01 1.44887910e-01 2.47915251e-01 1.16964358e-01
 1.15471702e-01 1.16048723e-01 1.15254397e-01 1.11020233e-01
 1.32167292e-01 1.16231114e-02 7.60850575e-03 6.08238567e-03
 5.48974369e-03 1.10550819e-02 9.01490869e-03 9.75836284e-03
 4.25142843e-03 4.07957314e-03 2.65268150e-03 4.46125263e-03
 3.58326591e-03 2.94337869e-03 2.21463085e-03 3.27774244e-04
 2.41201077e-03 1.01287183e-03 3.36228236e-03 4.49604114e-03
 4.09232721e-03 3.54931635e-03 4.19526855e-04 2.01501178e-03
 2.00387033e-03 4.42285930e-04 2.70905012e-01 1.25669210e-01
 1.25460662e-01 1.32346747e-01 1.42464862e-01 1.33114014e-01
 1.30105201e-01 2.63962260e-01 1.25913928e-01 1.22143326e-01
 1.28864492e-01 1.37733393e-01 1.28232810e-01 1.27152551e-01
 2.96972726e-01 1.38569140e-01 1.36783694e-01 1.47965797e-01
 1.57867221e-01 1.45574083e-01 1.43352897e-01 3.24278056e-01
 1.54018760e-01 1.52428076e-01 1.61304107e-01 1.71032467e-01
 1.58399358e-01 1.57858156e-01 2.90396991e-01 1.35478819e-01
 1.34607873e-01 1.44885158e-01 1.51542435e-01 1.43204256e-01
 1.38593624e-01]

 Iteration 400:
############################
Gradient = 
[-3.63473362e-06  5.59310168e-04  1.72148017e-03  1.12821951e-07
 -1.60705303e-03  1.13950884e-03  4.48636353e-06 -9.13757795e-05
 -1.14814483e-03 -1.42930068e-05 -1.18836797e-03  3.98898642e-04
 -1.97019571e-06  1.42869420e-03  9.89615254e-04 -4.87797220e-06
 -2.49264878e-04  1.01748606e-03  2.78200736e-04  1.28848141e-04
 -2.30085545e-04  6.14842378e-04 -1.34768899e-03 -5.73485808e-04
 -8.78883742e-04  1.88297314e-04  1.41257974e-03  1.28574098e-03
  1.12832595e-03 -9.09472173e-04  6.53168289e-04 -2.56094316e-04
  7.62819611e-05 -1.39508159e-03  2.67690223e-04  1.66268313e-03
 -1.22128758e-03  1.14589906e-03 -1.39058324e-03  1.74051828e-04
 -1.56294273e-03 -8.18212672e-04 -6.21223110e-04 -1.77161720e-03
 -2.97806374e-04 -1.43137258e-03 -8.90460551e-05  1.58142091e-04
 -7.61670011e-04 -1.83542779e-03  1.54923251e-03 -5.24087088e-04
 -1.60436890e-03  1.22406402e-04 -1.17655707e-03 -2.85375058e-04
 -6.40381294e-04 -1.18658256e-03 -1.08736441e-03  1.21578872e-03
 -4.08218074e-03 -3.76267933e-03 -2.56405173e-03 -3.43317137e-03
 -1.49544318e-03 -1.78982857e-03 -2.65141037e-03 -6.48749250e-04
  1.28419760e-03 -8.18739092e-04 -1.86533948e-03 -1.01455034e-03
 -1.55646216e-03 -6.44385241e-04  3.07332189e-03  2.01417555e-04
  4.80732272e-04  2.60478869e-03  3.60644665e-03  1.47057901e-03
  1.42373987e-03  7.06862055e-03  4.67833240e-03  5.58902638e-03
  4.41804567e-03  4.20582164e-03  2.73701010e-03  4.58996385e-03
 -3.35122729e-03 -2.81038862e-03 -2.05167402e-03 -2.01987794e-04
 -2.37264590e-03 -9.03005616e-04 -3.26201352e-03 -4.17135979e-03
 -4.01903270e-03 -3.40381369e-03 -2.96280541e-04 -2.02624565e-03
 -1.95084113e-03 -4.14697019e-04  2.71565193e-01  1.26199227e-01
  1.25963532e-01  1.33139144e-01  1.43273101e-01  1.33581785e-01
  1.29528903e-01  2.64638402e-01  1.26371220e-01  1.22653816e-01
  1.29657559e-01  1.38533638e-01  1.28735064e-01  1.26596182e-01
  2.98645952e-01  1.39580663e-01  1.37793993e-01  1.49241806e-01
  1.59346002e-01  1.46643850e-01  1.43216686e-01  3.25979591e-01
  1.55069917e-01  1.53487708e-01  1.62726764e-01  1.72496281e-01
  1.59384000e-01  1.57605072e-01  2.90942996e-01  1.35952092e-01
  1.35101816e-01  1.45636176e-01  1.52257192e-01  1.43628122e-01
  1.37871750e-01]

Gradient approximate =
[-8.84398776e-06 -2.21061458e-05  2.05521156e-06 -4.85589347e-07
 -1.14411991e-05  5.94493343e-06  1.46924695e-06  3.11410897e-06
 -5.86195759e-06 -1.27512467e-05 -4.90379803e-05 -1.15398313e-05
  2.43781217e-06  1.44350665e-05  7.59479146e-06 -1.07393983e-05
 -3.90849175e-05 -8.89021967e-06 -1.28101330e-04 -6.40351305e-05
 -6.29799812e-05 -6.03651507e-05 -6.71927092e-05 -7.04076486e-05
 -6.73068090e-05  2.59845441e-04  1.44448364e-04  1.26564150e-04
  1.30266187e-04  1.09752403e-04  1.46579102e-04  1.24568809e-04
  2.46301275e-04  1.18496073e-04  1.17349728e-04  1.28611279e-04
  1.04432758e-04  1.37938221e-04  1.11294232e-04  4.26201836e-04
  2.12425524e-04  1.89676361e-04  2.65984697e-01  1.25498188e-01
  1.23514100e-01  1.24912921e-01  1.27642338e-01  1.20398833e-01
  1.43530609e-01  2.56927611e-01  1.21223052e-01  1.18959102e-01
  1.20569747e-01  1.23459724e-01  1.16233635e-01  1.38988755e-01
  2.61592140e-01  1.23372532e-01  1.21112150e-01  1.22802952e-01
  1.25606334e-01  1.18302942e-01  1.41459615e-01  2.67419111e-01
  1.26127324e-01  1.23702386e-01  1.25482996e-01  1.28438295e-01
  1.20936948e-01  1.44728806e-01  2.46812498e-01  1.16396809e-01
  1.14338357e-01  1.15825820e-01  1.18508391e-01  1.11682679e-01
  1.33389338e-01 -9.00880063e-03 -4.20846215e-03 -4.80325315e-03
 -4.24007513e-03 -4.13316838e-03 -4.39358961e-03 -4.24522695e-03
  0.00000000e+00  0.00000000e+00  0.00000000e+00  0.00000000e+00
  0.00000000e+00  0.00000000e+00  0.00000000e+00  0.00000000e+00
  0.00000000e+00  0.00000000e+00  0.00000000e+00  0.00000000e+00
  0.00000000e+00  0.00000000e+00  0.00000000e+00  0.00000000e+00
  0.00000000e+00  0.00000000e+00  0.00000000e+00  0.00000000e+00
  0.00000000e+00  0.00000000e+00  0.00000000e+00  0.00000000e+00
  0.00000000e+00  0.00000000e+00  0.00000000e+00  0.00000000e+00
  0.00000000e+00  0.00000000e+00  0.00000000e+00  0.00000000e+00
  0.00000000e+00  0.00000000e+00  0.00000000e+00  0.00000000e+00
  0.00000000e+00  0.00000000e+00  0.00000000e+00  0.00000000e+00
  0.00000000e+00  0.00000000e+00  0.00000000e+00  0.00000000e+00
  0.00000000e+00  0.00000000e+00  0.00000000e+00  0.00000000e+00
  0.00000000e+00  0.00000000e+00  0.00000000e+00  0.00000000e+00
  0.00000000e+00]

Diff = 
[5.20925415e-06 5.81416314e-04 1.71942495e-03 5.98411297e-07
 1.59561183e-03 1.13356390e-03 3.01711659e-06 9.44898885e-05
 1.14228288e-03 1.54176012e-06 1.13932999e-03 4.10438474e-04
 4.40800788e-06 1.41425913e-03 9.82020463e-04 5.86142606e-06
 2.10179960e-04 1.02637628e-03 4.06302065e-04 1.92883272e-04
 1.67105563e-04 6.75207529e-04 1.28049628e-03 5.03078159e-04
 8.11576933e-04 7.15481264e-05 1.26813137e-03 1.15917683e-03
 9.98059763e-04 1.01922458e-03 5.06589187e-04 3.80663124e-04
 1.70019314e-04 1.51357766e-03 1.50340496e-04 1.53407185e-03
 1.32572034e-03 1.00796084e-03 1.50187747e-03 2.52150009e-04
 1.77536825e-03 1.00788903e-03 2.66605920e-01 1.27269806e-01
 1.23811906e-01 1.26344294e-01 1.27731384e-01 1.20240691e-01
 1.44292279e-01 2.58763038e-01 1.19673820e-01 1.19483189e-01
 1.22174116e-01 1.23337317e-01 1.17410192e-01 1.39274130e-01
 2.62232521e-01 1.24559115e-01 1.22199515e-01 1.21587163e-01
 1.29688515e-01 1.22065621e-01 1.44023667e-01 2.70852283e-01
 1.27622767e-01 1.25492215e-01 1.28134406e-01 1.29087044e-01
 1.19652750e-01 1.45547546e-01 2.48677838e-01 1.17411360e-01
 1.15894819e-01 1.16470205e-01 1.15435069e-01 1.11481262e-01
 1.32908605e-01 1.16135893e-02 7.81490879e-03 6.27383216e-03
 5.66381500e-03 1.12017889e-02 9.07192201e-03 9.83425333e-03
 4.41804567e-03 4.20582164e-03 2.73701010e-03 4.58996385e-03
 3.35122729e-03 2.81038862e-03 2.05167402e-03 2.01987794e-04
 2.37264590e-03 9.03005616e-04 3.26201352e-03 4.17135979e-03
 4.01903270e-03 3.40381369e-03 2.96280541e-04 2.02624565e-03
 1.95084113e-03 4.14697019e-04 2.71565193e-01 1.26199227e-01
 1.25963532e-01 1.33139144e-01 1.43273101e-01 1.33581785e-01
 1.29528903e-01 2.64638402e-01 1.26371220e-01 1.22653816e-01
 1.29657559e-01 1.38533638e-01 1.28735064e-01 1.26596182e-01
 2.98645952e-01 1.39580663e-01 1.37793993e-01 1.49241806e-01
 1.59346002e-01 1.46643850e-01 1.43216686e-01 3.25979591e-01
 1.55069917e-01 1.53487708e-01 1.62726764e-01 1.72496281e-01
 1.59384000e-01 1.57605072e-01 2.90942996e-01 1.35952092e-01
 1.35101816e-01 1.45636176e-01 1.52257192e-01 1.43628122e-01
 1.37871750e-01]

 Iteration 500:
############################
Gradient = 
[-4.21855302e-06  5.44499103e-04  1.68236892e-03 -1.78380576e-07
 -1.57230575e-03  1.11366586e-03  4.13862269e-06 -9.04299122e-05
 -1.12329040e-03 -1.44155190e-05 -1.16217760e-03  3.90000374e-04
 -2.05030123e-06  1.39695924e-03  9.67393528e-04 -5.06310220e-06
 -2.44184770e-04  9.94683111e-04  2.71858437e-04  1.22190337e-04
 -2.27208502e-04  5.98350289e-04 -1.31996689e-03 -5.65002575e-04
 -8.62384713e-04  1.82925051e-04  1.37799902e-03  1.25505226e-03
  1.10082731e-03 -8.91284987e-04  6.35168628e-04 -2.53014003e-04
  8.27891265e-05 -1.36080916e-03  2.64564996e-04  1.62887505e-03
 -1.19130888e-03  1.12387297e-03 -1.35661162e-03  1.94459602e-04
 -1.51765418e-03 -7.90621240e-04 -5.97687358e-04 -1.72314747e-03
 -2.80209290e-04 -1.38971740e-03 -8.74330558e-05  1.55502424e-04
 -7.43834599e-04 -1.79386437e-03  1.51555293e-03 -5.11596072e-04
 -1.56783352e-03  1.30409728e-04 -1.14639202e-03 -2.75097641e-04
 -6.22279615e-04 -1.15644234e-03 -1.05913372e-03  1.19260029e-03
 -3.79841443e-03 -3.59118543e-03 -2.40437193e-03 -3.26821598e-03
 -1.36612364e-03 -1.65627220e-03 -2.50189254e-03 -2.66389686e-04
  1.42878190e-03 -6.03153076e-04 -1.64976481e-03 -8.42337385e-04
 -1.34360058e-03 -4.57510196e-04  3.45630107e-03  4.07958878e-04
  7.07549181e-04  2.75826514e-03  3.87327557e-03  1.74175626e-03
  1.66170690e-03  7.20790510e-03  4.77719443e-03  5.69858572e-03
  4.54207880e-03  4.28510574e-03  2.77746128e-03  4.67444524e-03
 -3.15999962e-03 -2.70046191e-03 -1.91567625e-03 -9.97274336e-05
 -2.36059764e-03 -8.17710567e-04 -3.18614626e-03 -3.89135069e-03
 -3.97279848e-03 -3.28880928e-03 -1.99568846e-04 -2.06146527e-03
 -1.92204281e-03 -4.10921142e-04  2.72206905e-01  1.26714633e-01
  1.26453468e-01  1.33900956e-01  1.44023149e-01  1.33978622e-01
  1.28886281e-01  2.65303229e-01  1.26819328e-01  1.23154984e-01
  1.30424349e-01  1.39280642e-01  1.29170751e-01  1.25978309e-01
  3.00224413e-01  1.40542722e-01  1.38756482e-01  1.50451661e-01
  1.60717913e-01  1.47595768e-01  1.42962278e-01  3.27486963e-01
  1.56021804e-01  1.54450290e-01  1.64027640e-01  1.73793461e-01
  1.60196253e-01  1.57179680e-01  2.91257355e-01  1.36306650e-01
  1.35478451e-01  1.46245224e-01  1.52788335e-01  1.43866850e-01
  1.36974187e-01]

Gradient approximate =
[-8.18114021e-06 -2.00950390e-05  2.48418397e-06 -4.14084322e-07
 -1.09097020e-05  5.89854610e-06  1.33806077e-06  2.69568590e-06
 -5.80402393e-06 -1.15571264e-05 -4.45475012e-05 -1.01757291e-05
  2.40909293e-06  1.43646517e-05  7.51572138e-06 -9.75700409e-06
 -3.54337626e-05 -7.67651498e-06 -1.35428286e-04 -6.80160461e-05
 -6.61755695e-05 -6.39081055e-05 -7.01655400e-05 -7.45618101e-05
 -7.07615966e-05  2.41600531e-04  1.34390488e-04  1.18282040e-04
  1.21503232e-04  1.02007702e-04  1.36018941e-04  1.15695566e-04
  2.31640302e-04  1.10888121e-04  1.10680880e-04  1.21399277e-04
  9.81720216e-05  1.29575228e-04  1.04343272e-04  4.04303737e-04
  2.00780321e-04  1.80243105e-04  2.66668925e-01  1.25989053e-01
  1.24017398e-01  1.25391852e-01  1.28097753e-01  1.20952445e-01
  1.44358688e-01  2.57733423e-01  1.21767962e-01  1.19527248e-01
  1.21105596e-01  1.23961800e-01  1.16836129e-01  1.39861770e-01
  2.62302647e-01  1.23876329e-01  1.21639388e-01  1.23295614e-01
  1.26076108e-01  1.18872141e-01  1.42293962e-01  2.68141132e-01
  1.26643066e-01  1.24244713e-01  1.25989023e-01  1.28914122e-01
  1.21515029e-01  1.45578712e-01  2.47782970e-01  1.17014713e-01
  1.14975143e-01  1.16433906e-01  1.19093787e-01  1.12352379e-01
  1.34336827e-01 -8.83455551e-03 -4.12804501e-03 -4.70562561e-03
 -4.15838884e-03 -4.05915335e-03 -4.31186848e-03 -4.16599430e-03
  0.00000000e+00  0.00000000e+00  0.00000000e+00  0.00000000e+00
  0.00000000e+00  0.00000000e+00  0.00000000e+00  0.00000000e+00
  0.00000000e+00  0.00000000e+00  0.00000000e+00  0.00000000e+00
  0.00000000e+00  0.00000000e+00  0.00000000e+00  0.00000000e+00
  0.00000000e+00  0.00000000e+00  0.00000000e+00  0.00000000e+00
  0.00000000e+00  0.00000000e+00  0.00000000e+00  0.00000000e+00
  0.00000000e+00  0.00000000e+00  0.00000000e+00  0.00000000e+00
  0.00000000e+00  0.00000000e+00  0.00000000e+00  0.00000000e+00
  0.00000000e+00  0.00000000e+00  0.00000000e+00  0.00000000e+00
  0.00000000e+00  0.00000000e+00  0.00000000e+00  0.00000000e+00
  0.00000000e+00  0.00000000e+00  0.00000000e+00  0.00000000e+00
  0.00000000e+00  0.00000000e+00  0.00000000e+00  0.00000000e+00
  0.00000000e+00  0.00000000e+00  0.00000000e+00  0.00000000e+00
  0.00000000e+00]

Diff = 
[3.96258718e-06 5.64594142e-04 1.67988474e-03 2.35703747e-07
 1.56139605e-03 1.10776732e-03 2.80056192e-06 9.31255981e-05
 1.11748637e-03 2.85839259e-06 1.11763010e-03 4.00176103e-04
 4.45939415e-06 1.38259459e-03 9.59877807e-04 4.69390189e-06
 2.08751007e-04 1.00235963e-03 4.07286723e-04 1.90206383e-04
 1.61032933e-04 6.62258395e-04 1.24980135e-03 4.90440765e-04
 7.91623117e-04 5.86754799e-05 1.24360853e-03 1.13677022e-03
 9.79324074e-04 9.93292690e-04 4.99149688e-04 3.68709570e-04
 1.48851176e-04 1.47169728e-03 1.53884116e-04 1.50747577e-03
 1.28948091e-03 9.94297742e-04 1.46095489e-03 2.09844135e-04
 1.71843450e-03 9.70864344e-04 2.67266612e-01 1.27712201e-01
 1.24297607e-01 1.26781569e-01 1.28185186e-01 1.20796943e-01
 1.45102522e-01 2.59527287e-01 1.20252410e-01 1.20038845e-01
 1.22673429e-01 1.23831391e-01 1.17982521e-01 1.40136868e-01
 2.62924927e-01 1.25032771e-01 1.22698522e-01 1.22103014e-01
 1.29874522e-01 1.22463327e-01 1.44698333e-01 2.71409348e-01
 1.28009189e-01 1.25900985e-01 1.28490916e-01 1.29180512e-01
 1.20086247e-01 1.46181865e-01 2.49432734e-01 1.17857050e-01
 1.16318744e-01 1.16891416e-01 1.15637486e-01 1.11944420e-01
 1.33629278e-01 1.15928206e-02 8.00132058e-03 6.44738187e-03
 5.82009574e-03 1.12670584e-02 9.08906291e-03 9.86458002e-03
 4.54207880e-03 4.28510574e-03 2.77746128e-03 4.67444524e-03
 3.15999962e-03 2.70046191e-03 1.91567625e-03 9.97274336e-05
 2.36059764e-03 8.17710567e-04 3.18614626e-03 3.89135069e-03
 3.97279848e-03 3.28880928e-03 1.99568846e-04 2.06146527e-03
 1.92204281e-03 4.10921142e-04 2.72206905e-01 1.26714633e-01
 1.26453468e-01 1.33900956e-01 1.44023149e-01 1.33978622e-01
 1.28886281e-01 2.65303229e-01 1.26819328e-01 1.23154984e-01
 1.30424349e-01 1.39280642e-01 1.29170751e-01 1.25978309e-01
 3.00224413e-01 1.40542722e-01 1.38756482e-01 1.50451661e-01
 1.60717913e-01 1.47595768e-01 1.42962278e-01 3.27486963e-01
 1.56021804e-01 1.54450290e-01 1.64027640e-01 1.73793461e-01
 1.60196253e-01 1.57179680e-01 2.91257355e-01 1.36306650e-01
 1.35478451e-01 1.46245224e-01 1.52788335e-01 1.43866850e-01
 1.36974187e-01]

 Iteration 600:
############################
Gradient = 
[-4.69878858e-06  5.30358003e-04  1.64422030e-03 -4.43157413e-07
 -1.53826835e-03  1.08841857e-03  3.79451990e-06 -8.95418429e-05
 -1.09898913e-03 -1.44550748e-05 -1.13631483e-03  3.81351912e-04
 -2.12922134e-06  1.36589560e-03  9.45656903e-04 -5.21644268e-06
 -2.39152822e-04  9.72388933e-04  2.66204581e-04  1.16073387e-04
 -2.24115069e-04  5.82536831e-04 -1.29258814e-03 -5.56283055e-04
 -8.45917888e-04  1.77758031e-04  1.34432372e-03  1.22512032e-03
  1.07402400e-03 -8.73431311e-04  6.17718815e-04 -2.49897847e-04
  8.77953424e-05 -1.32807427e-03  2.60855328e-04  1.59510042e-03
 -1.16263839e-03  1.10150790e-03 -1.32410700e-03  2.12846235e-04
 -1.47442063e-03 -7.64536883e-04 -5.75639132e-04 -1.67662569e-03
 -2.64116675e-04 -1.34995177e-03 -8.51925564e-05  1.53262855e-04
 -7.26129868e-04 -1.75293488e-03  1.48288324e-03 -4.99015772e-04
 -1.53180881e-03  1.37256466e-04 -1.11748266e-03 -2.65571913e-04
 -6.05138862e-04 -1.12748131e-03 -1.03214789e-03  1.16937915e-03
 -3.53651442e-03 -3.43089614e-03 -2.25703242e-03 -3.11441074e-03
 -1.24639923e-03 -1.53309434e-03 -2.36285621e-03  8.71976783e-05
  1.56077043e-03 -4.03523282e-04 -1.44849703e-03 -6.82980428e-04
 -1.14517593e-03 -2.84191253e-04  3.80651840e-03  5.98607908e-04
  9.15984577e-04  2.89686690e-03  4.11932594e-03  1.99344537e-03
  1.88095780e-03  7.27032596e-03  4.83724173e-03  5.76432556e-03
  4.62664820e-03  4.32073793e-03  2.77722422e-03  4.71788034e-03
 -3.00686894e-03 -2.61205318e-03 -1.80479334e-03 -1.94176873e-05
 -2.37396815e-03 -7.55345176e-04 -3.13302634e-03 -3.65309406e-03
 -3.95179886e-03 -3.20222064e-03 -1.27600918e-04 -2.11765525e-03
 -1.91520048e-03 -4.28615254e-04  2.72830537e-01  1.27215822e-01
  1.26930721e-01  1.34633730e-01  1.44718421e-01  1.34308797e-01
  1.28185976e-01  2.65956370e-01  1.27258224e-01  1.23646698e-01
  1.31165986e-01  1.39977387e-01  1.29543686e-01  1.25306917e-01
  3.01713510e-01  1.41457882e-01  1.39673550e-01  1.51598953e-01
  1.61989063e-01  1.48436605e-01  1.42602145e-01  3.28814520e-01
  1.56881252e-01  1.55322408e-01  1.65214750e-01  1.74934963e-01
  1.60847727e-01  1.56600722e-01  2.91357129e-01  1.36550651e-01
  1.35745696e-01  1.46721651e-01  1.53148337e-01  1.43933617e-01
  1.35920919e-01]

Gradient approximate =
[-7.57184093e-06 -1.82606597e-05  2.86120905e-06 -3.51316753e-07
 -1.04202980e-05  5.84333470e-06  1.21856303e-06  2.31947794e-06
 -5.73924686e-06 -1.04697429e-05 -4.04609590e-05 -8.94307073e-06
  2.37379005e-06  1.42588186e-05  7.42541584e-06 -8.86303919e-06
 -3.21166516e-05 -6.58100907e-06 -1.41779006e-04 -7.14534498e-05
 -6.89591606e-05 -6.69932509e-05 -7.27382110e-05 -7.81307752e-05
 -7.37427075e-05  2.24483583e-04  1.24975266e-04  1.10478484e-04
  1.13265339e-04  9.47229051e-05  1.26149091e-04  1.07375240e-04
  2.17945104e-04  1.03808553e-04  1.04428788e-04  1.14644574e-04
  9.23124910e-05  1.21786357e-04  9.78593007e-05  3.83643313e-04
  1.89829736e-04  1.71314127e-04  2.67333784e-01  1.26466395e-01
  1.24507908e-01  1.25857753e-01  1.28541609e-01  1.21492307e-01
  1.45147560e-01  2.58519924e-01  1.22299522e-01  1.20082364e-01
  1.21628481e-01  1.24452899e-01  1.17425282e-01  1.40696695e-01
  2.62993748e-01  1.24366501e-01  1.22153339e-01  1.23775103e-01
  1.26533867e-01  1.19427227e-01  1.43088967e-01  2.68844412e-01
  1.27145187e-01  1.24773570e-01  1.26481819e-01  1.29378387e-01
  1.22079302e-01  1.46388985e-01  2.48731358e-01  1.17618269e-01
  1.15597917e-01  1.17027977e-01  1.19666487e-01  1.13007786e-01
  1.35246444e-01 -8.66469786e-03 -4.04963452e-03 -4.61064021e-03
 -4.07871587e-03 -3.98668276e-03 -4.23208144e-03 -4.08860178e-03
  0.00000000e+00  0.00000000e+00  0.00000000e+00  0.00000000e+00
  0.00000000e+00  0.00000000e+00  0.00000000e+00  0.00000000e+00
  0.00000000e+00  0.00000000e+00  0.00000000e+00  0.00000000e+00
  0.00000000e+00  0.00000000e+00  0.00000000e+00  0.00000000e+00
  0.00000000e+00  0.00000000e+00  0.00000000e+00  0.00000000e+00
  0.00000000e+00  0.00000000e+00  0.00000000e+00  0.00000000e+00
  0.00000000e+00  0.00000000e+00  0.00000000e+00  0.00000000e+00
  0.00000000e+00  0.00000000e+00  0.00000000e+00  0.00000000e+00
  0.00000000e+00  0.00000000e+00  0.00000000e+00  0.00000000e+00
  0.00000000e+00  0.00000000e+00  0.00000000e+00  0.00000000e+00
  0.00000000e+00  0.00000000e+00  0.00000000e+00  0.00000000e+00
  0.00000000e+00  0.00000000e+00  0.00000000e+00  0.00000000e+00
  0.00000000e+00  0.00000000e+00  0.00000000e+00  0.00000000e+00
  0.00000000e+00]

Diff = 
[2.87305235e-06 5.48618662e-04 1.64135909e-03 9.18406597e-08
 1.52784805e-03 1.08257523e-03 2.57595687e-06 9.18613208e-05
 1.09324988e-03 3.98533191e-06 1.09585387e-03 3.90294982e-04
 4.50301139e-06 1.35163678e-03 9.38231487e-04 3.64659651e-06
 2.07036171e-04 9.78969942e-04 4.07983587e-04 1.87526837e-04
 1.55155908e-04 6.49530082e-04 1.21984993e-03 4.78152280e-04
 7.72175180e-04 4.67255521e-05 1.21934846e-03 1.11464184e-03
 9.60758659e-04 9.68154216e-04 4.91569724e-04 3.57273087e-04
 1.30149762e-04 1.43188282e-03 1.56426540e-04 1.48045584e-03
 1.25495089e-03 9.79721544e-04 1.42196630e-03 1.70797078e-04
 1.66425037e-03 9.35851010e-04 2.67909423e-01 1.28143021e-01
 1.24772025e-01 1.27207705e-01 1.28626802e-01 1.21339044e-01
 1.45873690e-01 2.60272858e-01 1.20816638e-01 1.20581380e-01
 1.23160290e-01 1.24315642e-01 1.18542765e-01 1.40962267e-01
 2.63598887e-01 1.25493982e-01 1.23185487e-01 1.22605724e-01
 1.30070382e-01 1.22858123e-01 1.45346000e-01 2.71958823e-01
 1.28391586e-01 1.26306664e-01 1.28844675e-01 1.29291189e-01
 1.20518531e-01 1.46792509e-01 2.50179855e-01 1.18301249e-01
 1.16743093e-01 1.17312168e-01 1.15859969e-01 1.12409178e-01
 1.34330459e-01 1.15615648e-02 8.16896046e-03 6.60408558e-03
 5.95967367e-03 1.12570087e-02 9.06932317e-03 9.85292734e-03
 4.62664820e-03 4.32073793e-03 2.77722422e-03 4.71788034e-03
 3.00686894e-03 2.61205318e-03 1.80479334e-03 1.94176873e-05
 2.37396815e-03 7.55345176e-04 3.13302634e-03 3.65309406e-03
 3.95179886e-03 3.20222064e-03 1.27600918e-04 2.11765525e-03
 1.91520048e-03 4.28615254e-04 2.72830537e-01 1.27215822e-01
 1.26930721e-01 1.34633730e-01 1.44718421e-01 1.34308797e-01
 1.28185976e-01 2.65956370e-01 1.27258224e-01 1.23646698e-01
 1.31165986e-01 1.39977387e-01 1.29543686e-01 1.25306917e-01
 3.01713510e-01 1.41457882e-01 1.39673550e-01 1.51598953e-01
 1.61989063e-01 1.48436605e-01 1.42602145e-01 3.28814520e-01
 1.56881252e-01 1.55322408e-01 1.65214750e-01 1.74934963e-01
 1.60847727e-01 1.56600722e-01 2.91357129e-01 1.36550651e-01
 1.35745696e-01 1.46721651e-01 1.53148337e-01 1.43933617e-01
 1.35920919e-01]

 Iteration 700:
############################
Gradient = 
[-5.08564794e-06  5.16839263e-04  1.60700484e-03 -6.85725589e-07
 -1.50493671e-03  1.06375108e-03  3.45004793e-06 -8.87189810e-05
 -1.07523033e-03 -1.44159536e-05 -1.11078539e-03  3.72946180e-04
 -2.20858330e-06  1.33548575e-03  9.24394763e-04 -5.33823052e-06
 -2.34165809e-04  9.50595278e-04  2.61118558e-04  1.10419897e-04
 -2.20862084e-04  5.67330773e-04 -1.26559567e-03 -5.47402053e-04
 -8.29540693e-04  1.72634980e-04  1.31144936e-03  1.19585589e-03
  1.04782424e-03 -8.55973835e-04  6.00717936e-04 -2.46824071e-04
  9.12476262e-05 -1.29686539e-03  2.56544190e-04  1.56133153e-03
 -1.13527520e-03  1.07879037e-03 -1.29306205e-03  2.29340058e-04
 -1.43312731e-03 -7.39874068e-04 -5.54984659e-04 -1.63195693e-03
 -2.49419345e-04 -1.31197293e-03 -8.23397792e-05  1.51402281e-04
 -7.08556802e-04 -1.71263030e-03  1.45119720e-03 -4.86362151e-04
 -1.49629153e-03  1.43000210e-04 -1.08977261e-03 -2.56760067e-04
 -5.88912017e-04 -1.09965206e-03 -1.00634750e-03  1.14615108e-03
 -3.29529892e-03 -3.28122736e-03 -2.12132931e-03 -2.97116968e-03
 -1.13581225e-03 -1.41975839e-03 -2.23377682e-03  4.13544504e-04
  1.68084032e-03 -2.18982877e-04 -1.26081445e-03 -5.35836941e-04
 -9.60455241e-04 -1.23731811e-04  4.12593189e-03  7.74287279e-04
  1.10716604e-03  3.02150891e-03  4.34588909e-03  2.22680050e-03
  2.08264318e-03  7.26195306e-03  4.86148650e-03  5.78980689e-03
  4.67483461e-03  4.31599493e-03  2.73945353e-03  4.72341581e-03
 -2.88912281e-03 -2.54362969e-03 -1.71720680e-03  4.05034540e-05
 -2.41088850e-03 -7.14282794e-04 -3.10101762e-03 -3.45365755e-03
 -3.95422925e-03 -3.14199424e-03 -7.86027880e-05 -2.19191467e-03
 -1.92809443e-03 -4.65502464e-04  2.73436502e-01  1.27703194e-01
  1.27395556e-01  1.35338978e-01  1.45362227e-01  1.34576437e-01
  1.27436170e-01  2.66597527e-01  1.27687910e-01  1.24128866e-01
  1.31883583e-01  1.40626768e-01  1.29857555e-01  1.24589580e-01
  3.03118636e-01  1.42328728e-01  1.40547609e-01  1.52687300e-01
  1.63165540e-01  1.49173084e-01  1.42148319e-01  3.29976100e-01
  1.57654892e-01  1.56110460e-01  1.66295962e-01  1.75931574e-01
  1.61349829e-01  1.55886150e-01  2.91258701e-01  1.36691975e-01
  1.35911208e-01  1.47074586e-01  1.53349414e-01  1.43841306e-01
  1.34730975e-01]

Gradient approximate =
[-7.01108060e-06 -1.65861991e-05  3.19173132e-06 -2.96167535e-07
 -9.96824623e-06  5.78080472e-06  1.10971010e-06  1.98159711e-06
 -5.66862113e-06 -9.47902645e-06 -3.67402109e-05 -7.82903964e-06
  2.33335351e-06  1.41232559e-05  7.32583105e-06 -8.04894373e-06
 -2.91012459e-05 -5.59224222e-06 -1.47252321e-04 -7.44038497e-05
 -7.13708337e-05 -6.96660440e-05 -7.49501394e-05 -8.11762257e-05
 -7.62984476e-05  2.08415780e-04  1.16156060e-04  1.03122191e-04
  1.05516738e-04  8.78673090e-05  1.16918903e-04  9.95690241e-05
  2.05140838e-04  9.72148806e-05  9.85628024e-05  1.08312843e-04
  8.68241767e-05  1.14525234e-04  9.18057363e-05  3.64136503e-04
  1.79524642e-04  1.62856826e-04  2.67979928e-01  1.26930674e-01
  1.24985959e-01  1.26311133e-01  1.28974160e-01  1.22018836e-01
  1.45899686e-01  2.59287525e-01  1.22818073e-01  1.20624682e-01
  1.22138791e-01  1.24933129e-01  1.18001387e-01  1.41495788e-01
  2.63666430e-01  1.24843672e-01  1.22654510e-01  1.24242086e-01
  1.26980072e-01  1.19968803e-01  1.43847301e-01  2.69529300e-01
  1.27634031e-01  1.25289199e-01  1.26961776e-01  1.29831224e-01
  1.22630074e-01  1.47162009e-01  2.49658277e-01  1.18207899e-01
  1.16207003e-01  1.17608506e-01  1.20226742e-01  1.13649278e-01
  1.36120389e-01 -8.49909048e-03 -3.97316445e-03 -4.51820614e-03
 -4.00100242e-03 -3.91573002e-03 -4.15416910e-03 -4.01300349e-03
  0.00000000e+00  0.00000000e+00  0.00000000e+00  0.00000000e+00
  0.00000000e+00  0.00000000e+00  0.00000000e+00  0.00000000e+00
  0.00000000e+00  0.00000000e+00  0.00000000e+00  0.00000000e+00
  0.00000000e+00  0.00000000e+00  0.00000000e+00  0.00000000e+00
  0.00000000e+00  0.00000000e+00  0.00000000e+00  0.00000000e+00
  0.00000000e+00  0.00000000e+00  0.00000000e+00  0.00000000e+00
  0.00000000e+00  0.00000000e+00  0.00000000e+00  0.00000000e+00
  0.00000000e+00  0.00000000e+00  0.00000000e+00  0.00000000e+00
  0.00000000e+00  0.00000000e+00  0.00000000e+00  0.00000000e+00
  0.00000000e+00  0.00000000e+00  0.00000000e+00  0.00000000e+00
  0.00000000e+00  0.00000000e+00  0.00000000e+00  0.00000000e+00
  0.00000000e+00  0.00000000e+00  0.00000000e+00  0.00000000e+00
  0.00000000e+00  0.00000000e+00  0.00000000e+00  0.00000000e+00
  0.00000000e+00]

Diff = 
[1.92543267e-06 5.33425462e-04 1.60381310e-03 3.89558054e-07
 1.49496846e-03 1.05797027e-03 2.34033783e-06 9.07005781e-05
 1.06956170e-03 4.93692719e-06 1.07404518e-03 3.80775220e-04
 4.54193681e-06 1.32136249e-03 9.17068932e-04 2.71071321e-06
 2.05064563e-04 9.56187520e-04 4.08370879e-04 1.84823746e-04
 1.49491250e-04 6.36996817e-04 1.19064553e-03 4.66225827e-04
 7.53242246e-04 3.57808004e-05 1.19529330e-03 1.09273370e-03
 9.42307501e-04 9.43841144e-04 4.83799032e-04 3.46393095e-04
 1.13893211e-04 1.39408027e-03 1.57981388e-04 1.45301869e-03
 1.22209937e-03 9.64265137e-04 1.38486779e-03 1.34796445e-04
 1.61265195e-03 9.02730894e-04 2.68534912e-01 1.28562631e-01
 1.25235378e-01 1.27623106e-01 1.29056500e-01 1.21867433e-01
 1.46608242e-01 2.61000155e-01 1.21366876e-01 1.21111045e-01
 1.23635082e-01 1.24790129e-01 1.19091160e-01 1.41752548e-01
 2.64255342e-01 1.25943324e-01 1.23660857e-01 1.23095935e-01
 1.30275371e-01 1.23250030e-01 1.45968631e-01 2.72500470e-01
 1.28769844e-01 1.26708958e-01 1.29195553e-01 1.29417680e-01
 1.20949233e-01 1.47380992e-01 2.50919092e-01 1.18743736e-01
 1.17167458e-01 1.17732238e-01 1.16100811e-01 1.12874990e-01
 1.35013223e-01 1.15205994e-02 8.31905354e-03 6.74500664e-03
 6.08364560e-03 1.11776831e-02 9.01565560e-03 9.80281037e-03
 4.67483461e-03 4.31599493e-03 2.73945353e-03 4.72341581e-03
 2.88912281e-03 2.54362969e-03 1.71720680e-03 4.05034540e-05
 2.41088850e-03 7.14282794e-04 3.10101762e-03 3.45365755e-03
 3.95422925e-03 3.14199424e-03 7.86027880e-05 2.19191467e-03
 1.92809443e-03 4.65502464e-04 2.73436502e-01 1.27703194e-01
 1.27395556e-01 1.35338978e-01 1.45362227e-01 1.34576437e-01
 1.27436170e-01 2.66597527e-01 1.27687910e-01 1.24128866e-01
 1.31883583e-01 1.40626768e-01 1.29857555e-01 1.24589580e-01
 3.03118636e-01 1.42328728e-01 1.40547609e-01 1.52687300e-01
 1.63165540e-01 1.49173084e-01 1.42148319e-01 3.29976100e-01
 1.57654892e-01 1.56110460e-01 1.66295962e-01 1.75931574e-01
 1.61349829e-01 1.55886150e-01 2.91258701e-01 1.36691975e-01
 1.35911208e-01 1.47074586e-01 1.53349414e-01 1.43841306e-01
 1.34730975e-01]

 Iteration 800:
############################
Gradient = 
[-5.39041275e-06  5.03892192e-04  1.57069234e-03 -9.10388452e-07
 -1.47230748e-03  1.03964757e-03  3.10175865e-06 -8.79672747e-05
 -1.05200328e-03 -1.43053932e-05 -1.08560520e-03  3.64773017e-04
 -2.29021731e-06  1.30571153e-03  9.03596321e-04 -5.43116526e-06
 -2.29229328e-04  9.29291281e-04  2.56520729e-04  1.05175668e-04
 -2.17487008e-04  5.52681884e-04 -1.23901385e-03 -5.38409969e-04
 -8.13289679e-04  1.67447634e-04  1.27930145e-03  1.16719518e-03
  1.02216343e-03 -8.38950998e-04  5.84096629e-04 -2.43843809e-04
  9.31439876e-05 -1.26714530e-03  2.51638186e-04  1.52756576e-03
 -1.10919586e-03  1.05573447e-03 -1.26344528e-03  2.44141610e-04
 -1.39362553e-03 -7.16515695e-04 -5.35597553e-04 -1.58901609e-03
 -2.35972556e-04 -1.27564588e-03 -7.88563265e-05  1.49917632e-04
 -6.91101322e-04 -1.67292588e-03  1.42048373e-03 -4.73632295e-04
 -1.46126241e-03  1.47740141e-04 -1.06318355e-03 -2.48604136e-04
 -5.73531262e-04 -1.07288798e-03 -9.81650288e-04  1.12296308e-03
 -3.07355101e-03 -3.14158035e-03 -1.99654746e-03 -2.83789108e-03
 -1.03388025e-03 -1.31570732e-03 -2.11410884e-03  7.14212600e-04
  1.78968447e-03 -4.86542816e-05 -1.08597896e-03 -4.00241549e-04
 -7.88688414e-04  2.45834862e-05  4.41650215e-03  9.35921339e-04
  1.28221477e-03  3.13310918e-03  4.55424237e-03  2.44296850e-03
  2.26790512e-03  7.18870406e-03  4.85286483e-03  5.77848149e-03
  4.68963835e-03  4.27407512e-03  2.66722752e-03  4.69412009e-03
 -2.80409160e-03 -2.49369138e-03 -1.65114577e-03  8.15640314e-05
 -2.46953948e-03 -6.92932289e-04 -3.08852241e-03 -3.29013879e-03
 -3.97832579e-03 -3.10612741e-03 -5.08378234e-05 -2.28147548e-03
 -1.95857986e-03 -5.19390897e-04  2.74025204e-01  1.28177129e-01
  1.27848231e-01  1.36018154e-01  1.45957738e-01  1.34785484e-01
  1.26644550e-01  2.67226448e-01  1.28108396e-01  1.24601413e-01
  1.32578216e-01  1.41231564e-01  1.30115888e-01  1.23833426e-01
  3.04445094e-01  1.43157803e-01  1.41381047e-01  1.53720287e-01
  1.64253336e-01  1.49811796e-01  1.41612300e-01  3.30984942e-01
  1.58349091e-01  1.56820600e-01  1.67278913e-01  1.76793796e-01
  1.61713645e-01  1.55053002e-01  2.90977690e-01  1.36738168e-01
  1.35982324e-01  1.47312850e-01  1.53403405e-01  1.43602390e-01
  1.33422311e-01]

Gradient approximate =
[-6.49438059e-06 -1.50565338e-05  3.48067797e-06 -2.47599719e-07
 -9.54951451e-06  5.71218628e-06  1.01070929e-06  1.67872605e-06
 -5.59298385e-06 -8.57581561e-06 -3.33508710e-05 -6.82190082e-06
  2.28884467e-06  1.39629730e-05  7.21860571e-06 -7.30703942e-06
 -2.63585309e-05 -4.69964956e-06 -1.51937929e-04 -7.69185893e-05
 -7.34473171e-05 -7.19680338e-05 -7.68371611e-05 -8.37539571e-05
 -7.84726439e-05  1.93324743e-04  1.07890112e-04  9.61839253e-05
  9.82244330e-05  8.14124901e-05  1.08281792e-04  9.22411414e-05
  1.93158827e-04  9.10680087e-05  9.30545063e-05  1.02372284e-04
  8.16794410e-05  1.07749458e-04  8.61492433e-05  3.45705631e-04
  1.69819723e-04  1.54840836e-04  2.68607959e-01  1.27382312e-01
  1.25451856e-01  1.26752458e-01  1.29395638e-01  1.22532421e-01
  1.46617398e-01  2.60036619e-01  1.23323935e-01  1.21154424e-01
  1.22636890e-01  1.25402595e-01  1.18564725e-01  1.42261201e-01
  2.64321616e-01  1.25308425e-01  1.23143379e-01  1.24697188e-01
  1.27415148e-01  1.20497438e-01  1.44571499e-01  2.70196111e-01
  1.28109912e-01  1.25791827e-01  1.27429260e-01  1.30272755e-01
  1.23167633e-01  1.47900043e-01  2.50564316e-01  1.18784001e-01
  1.16802711e-01  1.18175941e-01  1.20774793e-01  1.14277220e-01
  1.36960770e-01 -8.33760147e-03 -3.89857197e-03 -4.42823742e-03
 -3.92519637e-03 -3.84626772e-03 -4.07807447e-03 -3.93915419e-03
  0.00000000e+00  0.00000000e+00  0.00000000e+00  0.00000000e+00
  0.00000000e+00  0.00000000e+00  0.00000000e+00  0.00000000e+00
  0.00000000e+00  0.00000000e+00  0.00000000e+00  0.00000000e+00
  0.00000000e+00  0.00000000e+00  0.00000000e+00  0.00000000e+00
  0.00000000e+00  0.00000000e+00  0.00000000e+00  0.00000000e+00
  0.00000000e+00  0.00000000e+00  0.00000000e+00  0.00000000e+00
  0.00000000e+00  0.00000000e+00  0.00000000e+00  0.00000000e+00
  0.00000000e+00  0.00000000e+00  0.00000000e+00  0.00000000e+00
  0.00000000e+00  0.00000000e+00  0.00000000e+00  0.00000000e+00
  0.00000000e+00  0.00000000e+00  0.00000000e+00  0.00000000e+00
  0.00000000e+00  0.00000000e+00  0.00000000e+00  0.00000000e+00
  0.00000000e+00  0.00000000e+00  0.00000000e+00  0.00000000e+00
  0.00000000e+00  0.00000000e+00  0.00000000e+00  0.00000000e+00
  0.00000000e+00]

Diff = 
[1.10396784e-06 5.18948725e-04 1.56721166e-03 6.62788734e-07
 1.46275797e-03 1.03393538e-03 2.09104935e-06 8.96460007e-05
 1.04641030e-03 5.72957755e-06 1.05225432e-03 3.71594918e-04
 4.57906198e-06 1.29174855e-03 8.96377715e-04 1.87587416e-06
 2.02870797e-04 9.33990930e-04 4.08458657e-04 1.82094257e-04
 1.44039691e-04 6.24649918e-04 1.16217669e-03 4.54656012e-04
 7.34817036e-04 2.58771093e-05 1.17141134e-03 1.07101125e-03
 9.23938996e-04 9.20363488e-04 4.75814836e-04 3.36084951e-04
 1.00014839e-04 1.35821331e-03 1.58583680e-04 1.42519347e-03
 1.19087530e-03 9.47985013e-04 1.34959452e-03 1.01564021e-04
 1.56344525e-03 8.71356531e-04 2.69143557e-01 1.28971328e-01
 1.25687828e-01 1.28028104e-01 1.29474495e-01 1.22382503e-01
 1.47308500e-01 2.61709545e-01 1.21903452e-01 1.21628056e-01
 1.24098153e-01 1.25254855e-01 1.19627909e-01 1.42509805e-01
 2.64895147e-01 1.26381313e-01 1.24125029e-01 1.23574225e-01
 1.30488699e-01 1.23639018e-01 1.46568047e-01 2.73034002e-01
 1.29143792e-01 1.27107534e-01 1.29543368e-01 1.29558542e-01
 1.21377948e-01 1.47948697e-01 2.51650295e-01 1.19184243e-01
 1.17591399e-01 1.18151358e-01 1.16358291e-01 1.13341299e-01
 1.35678555e-01 1.14707107e-02 8.45281434e-03 6.87120592e-03
 6.19310149e-03 1.10349718e-02 8.93093931e-03 9.71763567e-03
 4.68963835e-03 4.27407512e-03 2.66722752e-03 4.69412009e-03
 2.80409160e-03 2.49369138e-03 1.65114577e-03 8.15640314e-05
 2.46953948e-03 6.92932289e-04 3.08852241e-03 3.29013879e-03
 3.97832579e-03 3.10612741e-03 5.08378234e-05 2.28147548e-03
 1.95857986e-03 5.19390897e-04 2.74025204e-01 1.28177129e-01
 1.27848231e-01 1.36018154e-01 1.45957738e-01 1.34785484e-01
 1.26644550e-01 2.67226448e-01 1.28108396e-01 1.24601413e-01
 1.32578216e-01 1.41231564e-01 1.30115888e-01 1.23833426e-01
 3.04445094e-01 1.43157803e-01 1.41381047e-01 1.53720287e-01
 1.64253336e-01 1.49811796e-01 1.41612300e-01 3.30984942e-01
 1.58349091e-01 1.56820600e-01 1.67278913e-01 1.76793796e-01
 1.61713645e-01 1.55053002e-01 2.90977690e-01 1.36738168e-01
 1.35982324e-01 1.47312850e-01 1.53403405e-01 1.43602390e-01
 1.33422311e-01]

 Iteration 900:
############################
Gradient = 
[-5.62471555e-06  4.91465654e-04  1.53525270e-03 -1.12130350e-06
 -1.44037719e-03  1.01609255e-03  2.74683829e-06 -8.72908874e-05
 -1.02929717e-03 -1.41324556e-05 -1.06079626e-03  3.56820423e-04
 -2.37596432e-06  1.27655486e-03  8.83250839e-04 -5.49951055e-06
 -2.24354479e-04  9.08464464e-04  2.52363812e-04  1.00304598e-04
 -2.14012067e-04  5.38556407e-04 -1.21285252e-03 -5.29338242e-04
 -7.97185100e-04  1.62130536e-04  1.24782938e-03  1.13909495e-03
  9.96998765e-04 -8.22381800e-04  5.67810541e-04 -2.40986592e-04
  9.35222922e-05 -1.23885751e-03  2.46162191e-04  1.49381969e-03
 -1.08435965e-03  1.03237497e-03 -1.23520688e-03  2.57498170e-04
 -1.35574680e-03 -6.94325050e-04 -5.17331615e-04 -1.54765944e-03
 -2.23610899e-04 -1.24081636e-03 -7.47012879e-05  1.48817639e-04
 -6.73739498e-04 -1.63378680e-03  1.39074181e-03 -4.60811030e-04
 -1.42669178e-03  1.51606142e-04 -1.03762349e-03 -2.41033013e-04
 -5.58915506e-04 -1.04710999e-03 -9.57959850e-04  1.09987576e-03
 -2.87004624e-03 -3.01135498e-03 -1.88197535e-03 -2.71397127e-03
 -9.40110003e-04 -1.22037752e-03 -2.00329943e-03  9.90762448e-04
  1.88799661e-03  1.08334108e-04 -9.23251468e-04 -2.75522388e-04
 -6.29124193e-04  1.61472945e-04  4.68016060e-03  1.08442089e-03
  1.44222860e-03  3.23257290e-03  4.74563270e-03  2.64307295e-03
  2.43786130e-03  7.05628268e-03  4.81420717e-03  5.73366001e-03
  4.67394883e-03  4.19806638e-03  2.56351685e-03  4.63295230e-03
 -2.74918009e-03 -2.46078583e-03 -1.60490325e-03  1.05242643e-04
 -2.54816722e-03 -6.89753632e-04 -3.09399675e-03 -3.15969930e-03
 -4.02238061e-03 -3.09268523e-03 -4.26227334e-05 -2.38371554e-03
 -2.00460165e-03 -5.88187684e-04  2.74597006e-01  1.28637961e-01
  1.28288972e-01  1.36672621e-01  1.46507955e-01  1.34939675e-01
  1.25818297e-01  2.67842903e-01  1.28519678e-01  1.25064266e-01
  1.33250904e-01  1.41794418e-01  1.30322043e-01  1.23045129e-01
  3.05698030e-01  1.43947572e-01  1.42176188e-01  1.54701412e-01
  1.65258276e-01  1.50359141e-01  1.41004991e-01  3.31853624e-01
  1.58969917e-01  1.57458699e-01  1.68170944e-01  1.77531759e-01
  1.61949856e-01  1.54117322e-01  2.90528891e-01  1.36696399e-01
  1.35966027e-01  1.47444900e-01  1.53321691e-01  1.43228842e-01
  1.32011738e-01]

Gradient approximate =
[-6.01797501e-06 -1.36582345e-05  3.73235443e-06 -2.04694039e-07
 -9.16038578e-06  5.63859404e-06  9.20612475e-07  1.40780054e-06
 -5.51299228e-06 -7.75193021e-06 -3.02622150e-05 -5.91144023e-06
  2.24118279e-06  1.37820666e-05  7.10531189e-06 -6.63059607e-06
 -2.38624676e-05 -3.89402732e-06 -1.55916879e-04 -7.90438159e-05
 -7.52219131e-05 -7.39366368e-05 -7.84318233e-05 -8.59142180e-05
 -8.03049116e-05  1.79143800e-04  1.00138255e-04  8.96369468e-05
  9.13580189e-05  7.53323959e-05  1.00195270e-04  8.53588844e-05
  1.81936786e-04  8.53328164e-05  8.78782092e-05  9.67940794e-05
  7.68531172e-05  1.01420845e-04  8.08594702e-05  3.28279819e-04
  1.60673614e-04  1.47238550e-04  2.69218397e-01  1.27821672e-01
  1.25905859e-01  1.27182142e-01  1.29806232e-01  1.23033404e-01
  1.47302883e-01  2.60767553e-01  1.23817387e-01  1.21671783e-01
  1.23123107e-01  1.25861381e-01  1.19115546e-01  1.42994962e-01
  2.64960136e-01  1.25761276e-01  1.23620375e-01  1.25140974e-01
  1.27839474e-01  1.21013648e-01  1.45263940e-01  2.70845103e-01
  1.28573090e-01  1.26281638e-01  1.27884582e-01  1.30703066e-01
  1.23692226e-01  1.48605201e-01  2.51450015e-01  1.19346933e-01
  1.17385323e-01  1.18730694e-01  1.21310852e-01  1.14891946e-01
  1.37769583e-01 -8.18011174e-03 -3.82580058e-03 -4.34065569e-03
 -3.85125077e-03 -3.77827107e-03 -4.00374625e-03 -3.86701328e-03
  0.00000000e+00  0.00000000e+00  0.00000000e+00  0.00000000e+00
  0.00000000e+00  0.00000000e+00  0.00000000e+00  0.00000000e+00
  0.00000000e+00  0.00000000e+00  0.00000000e+00  0.00000000e+00
  0.00000000e+00  0.00000000e+00  0.00000000e+00  0.00000000e+00
  0.00000000e+00  0.00000000e+00  0.00000000e+00  0.00000000e+00
  0.00000000e+00  0.00000000e+00  0.00000000e+00  0.00000000e+00
  0.00000000e+00  0.00000000e+00  0.00000000e+00  0.00000000e+00
  0.00000000e+00  0.00000000e+00  0.00000000e+00  0.00000000e+00
  0.00000000e+00  0.00000000e+00  0.00000000e+00  0.00000000e+00
  0.00000000e+00  0.00000000e+00  0.00000000e+00  0.00000000e+00
  0.00000000e+00  0.00000000e+00  0.00000000e+00  0.00000000e+00
  0.00000000e+00  0.00000000e+00  0.00000000e+00  0.00000000e+00
  0.00000000e+00  0.00000000e+00  0.00000000e+00  0.00000000e+00
  0.00000000e+00]

Diff = 
[3.93259458e-07 5.05123889e-04 1.53152035e-03 9.16609456e-07
 1.43121680e-03 1.01045396e-03 1.82622581e-06 8.86986880e-05
 1.02378418e-03 6.38052543e-06 1.03053405e-03 3.62731863e-04
 4.61714711e-06 1.26277279e-03 8.76145527e-04 1.13108552e-06
 2.00492011e-04 9.12358491e-04 4.08280691e-04 1.79348414e-04
 1.38790154e-04 6.12493044e-04 1.13442069e-03 4.43424024e-04
 7.16880188e-04 1.70132637e-05 1.14769112e-03 1.04945800e-03
 9.05640746e-04 8.97714195e-04 4.67615271e-04 3.26345476e-04
 8.84144935e-05 1.32419033e-03 1.58283982e-04 1.39702561e-03
 1.16121277e-03 9.30954120e-04 1.31606635e-03 7.07816489e-05
 1.51642041e-03 8.41563601e-04 2.69735729e-01 1.29369331e-01
 1.26129470e-01 1.28422959e-01 1.29880933e-01 1.22884586e-01
 1.47976622e-01 2.62401339e-01 1.22426645e-01 1.22132594e-01
 1.24549799e-01 1.25709775e-01 1.20153170e-01 1.43235995e-01
 2.65519052e-01 1.26808386e-01 1.24578335e-01 1.24041098e-01
 1.30709520e-01 1.24025003e-01 1.47145916e-01 2.73559074e-01
 1.29513200e-01 1.27502016e-01 1.29887882e-01 1.29712304e-01
 1.21804230e-01 1.48496867e-01 2.52373267e-01 1.19622456e-01
 1.18014447e-01 1.18569221e-01 1.16630692e-01 1.13807526e-01
 1.36327355e-01 1.14126846e-02 8.57143328e-03 6.98372864e-03
 6.28911207e-03 1.08345537e-02 8.81795342e-03 9.60067329e-03
 4.67394883e-03 4.19806638e-03 2.56351685e-03 4.63295230e-03
 2.74918009e-03 2.46078583e-03 1.60490325e-03 1.05242643e-04
 2.54816722e-03 6.89753632e-04 3.09399675e-03 3.15969930e-03
 4.02238061e-03 3.09268523e-03 4.26227334e-05 2.38371554e-03
 2.00460165e-03 5.88187684e-04 2.74597006e-01 1.28637961e-01
 1.28288972e-01 1.36672621e-01 1.46507955e-01 1.34939675e-01
 1.25818297e-01 2.67842903e-01 1.28519678e-01 1.25064266e-01
 1.33250904e-01 1.41794418e-01 1.30322043e-01 1.23045129e-01
 3.05698030e-01 1.43947572e-01 1.42176188e-01 1.54701412e-01
 1.65258276e-01 1.50359141e-01 1.41004991e-01 3.31853624e-01
 1.58969917e-01 1.57458699e-01 1.68170944e-01 1.77531759e-01
 1.61949856e-01 1.54117322e-01 2.90528891e-01 1.36696399e-01
 1.35966027e-01 1.47444900e-01 1.53321691e-01 1.43228842e-01
 1.32011738e-01]

 