Iteration 0:
############################
Gradient = 
[ 5.77593111e-04  2.66785945e-03  1.11175266e-03 -1.69152138e-04
  1.38842265e-03 -2.33652962e-03 -1.37580092e-02 -9.58048593e-03
 -5.57687253e-03 -1.01294846e-02 -7.81996430e-03 -6.12483764e-03
  2.94887057e-01  1.40711518e-01  1.35414909e-01  2.62537130e-01
  1.23488146e-01  1.20594029e-01  2.97592565e-01  1.39757431e-01
  1.36685113e-01  3.16589116e-01  1.50185934e-01  1.48198117e-01
  3.01391313e-01  1.42519955e-01  1.42848075e-01]

Gradient approximate =
[ 9.39143314e-04  3.35207287e-03  1.07810926e-03 -2.74147549e-04
 -1.31823917e-03 -4.76054032e-04  2.54092958e-01  1.19204245e-01
  1.17000831e-01  2.52213040e-01  1.18982091e-01  1.16870299e-01
  2.94887057e-01  1.40356364e-01  1.37639745e-01  2.62537130e-01
  1.25015263e-01  1.22393725e-01  2.97592565e-01  1.41502675e-01
  1.38893764e-01  0.00000000e+00  0.00000000e+00  0.00000000e+00
  0.00000000e+00  0.00000000e+00  0.00000000e+00]

Diff = 
[3.61550203e-04 6.84213418e-04 3.36433994e-05 1.04995411e-04
 2.70666182e-03 1.86047559e-03 2.67850967e-01 1.28784731e-01
 1.22577703e-01 2.62342524e-01 1.26802056e-01 1.22995137e-01
 1.00711106e-11 3.55154587e-04 2.22483577e-03 1.57757141e-11
 1.52711761e-03 1.79969604e-03 3.41876527e-12 1.74524406e-03
 2.20865127e-03 3.16589116e-01 1.50185934e-01 1.48198117e-01
 3.01391313e-01 1.42519955e-01 1.42848075e-01]

 Iteration 100:
############################
Gradient = 
[ 0.00122958  0.0043708   0.00167919 -0.00064459 -0.00067833 -0.00292846
 -0.035627   -0.02099801 -0.01686296 -0.02563939 -0.01558218 -0.01355854
  0.28796515  0.13883845  0.13878208  0.27707851  0.13328256  0.13148823
  0.19360338  0.09186275  0.0871376   0.16633677  0.07694937  0.07432335
  0.20935908  0.09752301  0.09490571]

Gradient approximate =
[ 0.00056644  0.00172627  0.0007615  -0.00059098 -0.00228299 -0.00072248
  0.25936541  0.1250692   0.12187096  0.27620757  0.13479542  0.13182037
  0.28796515  0.14051835  0.13706943  0.27707851  0.13533181  0.13177522
  0.19360338  0.09432905  0.09212517  0.          0.          0.
  0.          0.          0.        ]

Diff = 
[6.63140341e-04 2.64453610e-03 9.17693989e-04 5.36152859e-05
 1.60465705e-03 2.20597970e-03 2.94992402e-01 1.46067208e-01
 1.38733920e-01 3.01846961e-01 1.50377602e-01 1.45378908e-01
 2.19851914e-12 1.67990140e-03 1.71265297e-03 2.64328559e-11
 2.04925484e-03 2.86987734e-04 9.77767312e-11 2.46629983e-03
 4.98756939e-03 1.66336765e-01 7.69493732e-02 7.43233517e-02
 2.09359085e-01 9.75230120e-02 9.49057131e-02]

 Iteration 200:
############################
Gradient = 
[ 0.00079312  0.00240028  0.00091797 -0.00079334 -0.00082827 -0.00279277
 -0.0324147  -0.01858328 -0.01481358 -0.01874404 -0.01139908 -0.00962802
  0.30123354  0.14998831  0.14832918  0.28579937  0.14179788  0.13858936
  0.09469849  0.04161998  0.03772082  0.07510526  0.03039845  0.02861034
  0.15907213  0.07363344  0.07103741]

Gradient approximate =
[ 2.46470118e-04  1.93320113e-04  4.56550453e-04 -6.27761534e-04
 -2.06829848e-03 -8.48062380e-04  2.76267562e-01  1.37864873e-01
  1.33233847e-01  2.91752239e-01  1.46687787e-01  1.42572027e-01
  3.01233541e-01  1.51126847e-01  1.46190030e-01  2.85799374e-01
  1.43571806e-01  1.38634269e-01  9.46984906e-02  4.73106175e-02
  4.59132171e-02  0.00000000e+00  0.00000000e+00  0.00000000e+00
  0.00000000e+00  0.00000000e+00  0.00000000e+00]

Diff = 
[5.46652127e-04 2.20696085e-03 4.61420348e-04 1.65575306e-04
 1.24002796e-03 1.94470623e-03 3.08682264e-01 1.56448149e-01
 1.48047425e-01 3.10496284e-01 1.58086863e-01 1.52200044e-01
 1.86339832e-12 1.13853567e-03 2.13915088e-03 2.78375656e-11
 1.77392247e-03 4.49109911e-05 1.52585583e-10 5.69063836e-03
 8.19240062e-03 7.51052581e-02 3.03984480e-02 2.86103433e-02
 1.59072129e-01 7.36334387e-02 7.10374059e-02]

 Iteration 300:
############################
Gradient = 
[ 2.28921470e-04  1.44083257e-04  5.55830852e-05 -5.17375840e-04
  5.70119768e-04 -2.07543314e-03 -1.85880777e-02 -1.07086978e-02
 -7.29384186e-03 -2.11304680e-03 -2.23118502e-03 -7.32586737e-04
  3.11074174e-01  1.58448799e-01  1.54768416e-01  2.89965641e-01
  1.46982238e-01  1.42030069e-01  8.00116079e-03 -5.30714382e-03
 -7.73024799e-03 -3.00529544e-03 -1.20704642e-02 -1.24520660e-02
  1.42986489e-01  6.65828651e-02  6.35314566e-02]

Gradient approximate =
[-9.39755962e-05 -1.32974945e-03  1.01443749e-04 -4.57892668e-04
 -9.86221937e-04 -7.44467130e-04  2.94395725e-01  1.50499656e-01
  1.44107557e-01  3.06631192e-01  1.57470362e-01  1.51893924e-01
  3.11074174e-01  1.59198015e-01  1.52348252e-01  2.89965641e-01
  1.48620865e-01  1.41964895e-01  8.00116096e-03  3.83742866e-03
  3.85740460e-03  0.00000000e+00  0.00000000e+00  0.00000000e+00
  0.00000000e+00  0.00000000e+00  0.00000000e+00]

Diff = 
[3.22897066e-04 1.47383270e-03 4.58606637e-05 5.94831715e-05
 1.55634171e-03 1.33096601e-03 3.12983803e-01 1.61208353e-01
 1.51401399e-01 3.08744239e-01 1.59701547e-01 1.52626511e-01
 8.49753601e-12 7.49215867e-04 2.42016480e-03 1.20158328e-11
 1.63862704e-03 6.51744920e-05 1.68091676e-10 9.14457248e-03
 1.15876526e-02 3.00529544e-03 1.20704642e-02 1.24520660e-02
 1.42986489e-01 6.65828651e-02 6.35314566e-02]

 Iteration 400:
############################
Gradient = 
[-3.14146315e-04 -2.02699221e-03 -8.43923403e-04  5.46959303e-06
  2.61812450e-03 -1.14705949e-03  5.21249461e-04 -2.53644530e-04
  2.76917406e-03  1.85328997e-02  8.86897775e-03  9.96658210e-03
  3.14318200e-01  1.61303196e-01  1.55445272e-01  2.86953745e-01
  1.46338582e-01  1.39583223e-01 -5.91861717e-02 -4.35176828e-02
 -4.39406485e-02 -6.28391392e-02 -4.62288149e-02 -4.47441380e-02
  1.54979718e-01  7.38115226e-02  6.95402571e-02]

Gradient approximate =
[-4.02204521e-04 -2.81543680e-03 -1.98270271e-04 -2.17182223e-04
  2.39612246e-04 -5.28009561e-04  3.07439155e-01  1.58514907e-01
  1.50232610e-01  3.14535859e-01  1.62819892e-01  1.55590192e-01
  3.14318200e-01  1.61921029e-01  1.52988142e-01  2.86953745e-01
  1.48049840e-01  1.39609496e-01 -5.91861715e-02 -3.07834704e-02
 -2.88674349e-02  0.00000000e+00  0.00000000e+00  0.00000000e+00
  0.00000000e+00  0.00000000e+00  0.00000000e+00]

Diff = 
[8.80582061e-05 7.88444598e-04 6.45653132e-04 2.22651816e-04
 2.37851225e-03 6.19049932e-04 3.06917906e-01 1.58768551e-01
 1.47463436e-01 2.96002959e-01 1.53950915e-01 1.45623610e-01
 3.49770768e-11 6.17832743e-04 2.45712983e-03 1.93808858e-11
 1.71125851e-03 2.62738443e-05 1.46178049e-10 1.27342125e-02
 1.50732136e-02 6.28391392e-02 4.62288149e-02 4.47441380e-02
 1.54979718e-01 7.38115226e-02 6.95402571e-02]

 Iteration 500:
############################
Gradient = 
[-0.00101163 -0.00487876 -0.00213715  0.00038994  0.00377981 -0.00064635
  0.02108896  0.01085675  0.01320868  0.0392201   0.01992407  0.02024045
  0.30975709  0.15739822  0.14953656  0.27619595  0.13921995  0.13091902
 -0.10598333 -0.07073402 -0.06894155 -0.10458263 -0.07051148 -0.06696496
  0.18879238  0.09170715  0.08519852]

Gradient approximate =
[-7.48183060e-04 -4.71934930e-03 -4.81862779e-04 -1.14934047e-04
  6.02898236e-04 -4.02506186e-04  3.11490984e-01  1.59428195e-01
  1.49301663e-01  3.12084677e-01  1.60696831e-01  1.51768002e-01
  3.09757094e-01  1.58180310e-01  1.47320972e-01  2.76195955e-01
  1.41228913e-01  1.31250623e-01 -1.05983328e-01 -5.44154267e-02
 -5.04343721e-02  0.00000000e+00  0.00000000e+00  0.00000000e+00
  0.00000000e+00  0.00000000e+00  0.00000000e+00]

Diff = 
[2.63445099e-04 1.59408880e-04 1.65528592e-03 5.04874748e-04
 3.17691676e-03 2.43839383e-04 2.90402027e-01 1.48571445e-01
 1.36092987e-01 2.72864581e-01 1.40772756e-01 1.31527553e-01
 6.35758113e-12 7.82088037e-04 2.21558308e-03 2.04469774e-11
 2.00896536e-03 3.31605205e-04 1.20121857e-10 1.63185980e-02
 1.85071788e-02 1.04582632e-01 7.05114764e-02 6.69649581e-02
 1.88792380e-01 9.17071489e-02 8.51985207e-02]

 Iteration 600:
############################
Gradient = 
[-0.0021268  -0.00936624 -0.00425116  0.00029879  0.00285886 -0.00110914
  0.0414095   0.02194281  0.02311637  0.05823018  0.03027603  0.02924608
  0.29747923  0.14695479  0.13758003  0.25845738  0.12634966  0.1170419
 -0.13624076 -0.08787358 -0.08393625 -0.1318971  -0.0858411  -0.08029484
  0.23811573  0.11575387  0.10592596]

Gradient approximate =
[-1.17996926e-03 -7.35363788e-03 -7.77091167e-04 -2.54734189e-04
 -4.33026712e-04 -4.58891816e-04  3.05289595e-01  1.52823575e-01
  1.41112605e-01  2.98879218e-01  1.51300741e-01  1.40847218e-01
  2.97479234e-01  1.48199661e-01  1.35891733e-01  2.58457379e-01
  1.28872222e-01  1.17870319e-01 -1.36240756e-01 -6.81268938e-02
 -6.21937392e-02  0.00000000e+00  0.00000000e+00  0.00000000e+00
  0.00000000e+00  0.00000000e+00  0.00000000e+00]

Diff = 
[9.46835107e-04 2.01260594e-03 3.47406498e-03 5.53519553e-04
 3.29188279e-03 6.50247273e-04 2.63880095e-01 1.30880764e-01
 1.17996233e-01 2.40649038e-01 1.21024716e-01 1.11601142e-01
 1.43163259e-13 1.24487403e-03 1.68829897e-03 4.03678757e-11
 2.52255959e-03 8.28414812e-04 8.94725682e-11 1.97466853e-02
 2.17425123e-02 1.31897101e-01 8.58410954e-02 8.02948406e-02
 2.38115725e-01 1.15753867e-01 1.05925964e-01]

 Iteration 700:
############################
Gradient = 
[-0.00388826 -0.01618693 -0.00749245 -0.00049403 -0.00082016 -0.00286341
  0.06114154  0.0332092   0.03254635  0.07522485  0.04013659  0.03712797
  0.27813617  0.1308905   0.12075104  0.23507439  0.10909924  0.09952253
 -0.15495743 -0.09708992 -0.09127099 -0.1490701  -0.0940549  -0.08676547
  0.29640848  0.14088425  0.12688888]

Gradient approximate =
[-0.00166678 -0.01063256 -0.00104195 -0.00060285 -0.00278951 -0.00064356
  0.28933842  0.13961753  0.12682716  0.27640339  0.13617317  0.12462855
  0.27813617  0.13291576  0.11990631  0.23507439  0.11233303  0.10100209
 -0.15495743 -0.07421205 -0.06662395  0.          0.          0.
  0.          0.          0.        ]

Diff = 
[2.22148401e-03 5.55437044e-03 6.45049593e-03 1.08825506e-04
 1.96934900e-03 2.21985185e-03 2.28196883e-01 1.06408336e-01
 9.42808102e-02 2.01178537e-01 9.60365840e-02 8.75005877e-02
 2.08810746e-12 2.02526182e-03 8.44732448e-04 3.84620114e-11
 3.23378994e-03 1.47955879e-03 6.57014443e-11 2.28778704e-02
 2.46470397e-02 1.49070102e-01 9.40548992e-02 8.67654717e-02
 2.96408484e-01 1.40884247e-01 1.26888879e-01]

 Iteration 800:
############################
Gradient = 
[-0.00642593 -0.02553369 -0.01191811 -0.00214245 -0.00759694 -0.00606154
  0.08009063  0.04508304  0.04188669  0.09001212  0.04986887  0.04432216
  0.25265349  0.11044435  0.1004656   0.20762188  0.08907593  0.08006429
 -0.16621328 -0.10032491 -0.09302593 -0.15951985 -0.09682112 -0.08819779
  0.35727033  0.16211464  0.14366939]

Gradient approximate =
[-0.00211638 -0.01409983 -0.00120023 -0.00105028 -0.00599587 -0.00083748
  0.26510511  0.12139431  0.10825704  0.24704526  0.11738793  0.10542055
  0.25265349  0.11364703  0.10086845  0.20762188  0.09319379  0.08230602
 -0.16621328 -0.07473625 -0.06591528  0.          0.          0.
  0.          0.          0.        ]

Diff = 
[4.30955004e-03 1.14338548e-02 1.07178759e-02 1.09216049e-03
 1.60106946e-03 5.22406380e-03 1.85014485e-01 7.63112686e-02
 6.63703456e-02 1.57033140e-01 6.75190557e-02 6.10983930e-02
 3.65786845e-11 3.20268047e-03 4.02852041e-04 6.93944346e-11
 4.11785977e-03 2.24173829e-03 5.67012826e-11 2.55886647e-02
 2.71106463e-02 1.59519852e-01 9.68211169e-02 8.81977888e-02
 3.57270329e-01 1.62114636e-01 1.43669389e-01]

 Iteration 900:
############################
Gradient = 
[-0.00963109 -0.03652556 -0.01707853 -0.00470481 -0.0173813  -0.01062081
  0.09737414  0.05755617  0.05136033  0.10183549  0.05935432  0.05106072
  0.22238816  0.0871831   0.07835851  0.17794781  0.0680389   0.06039516
 -0.17275833 -0.09891813 -0.09068339 -0.16555481 -0.09536758 -0.08595929
  0.41527961  0.17537179  0.15303536]

Gradient approximate =
[-0.00240617 -0.01698241 -0.00120285 -0.00147618 -0.00940395 -0.00094207
  0.23479638  0.10015903  0.0875671   0.21368665  0.09713742  0.08558495
  0.22238816  0.09210899  0.0805432   0.17794781  0.0731758   0.06346597
 -0.17275833 -0.07113935 -0.06162955  0.          0.          0.
  0.          0.          0.        ]

Diff = 
[7.22491624e-03 1.95431544e-02 1.58756793e-02 3.22863054e-03
 7.97734599e-03 9.67874323e-03 1.37422243e-01 4.26028633e-02
 3.62067697e-02 1.11851162e-01 3.77830942e-02 3.45242245e-02
 6.81257828e-11 4.92588542e-03 2.18468586e-03 1.09531190e-10
 5.13690645e-03 3.07081229e-03 4.21738755e-11 2.77787845e-02
 2.90538398e-02 1.65554812e-01 9.53675832e-02 8.59592914e-02
 4.15279611e-01 1.75371788e-01 1.53035359e-01]

 