Iteration 0:
############################
Gradient = 
[ 4.65856330e-09 -8.70783310e-04  9.11414979e-05 -1.60878023e-08
  1.38456378e-03 -1.30516649e-03  2.77879039e-06  2.37298732e-05
 -1.36102434e-03  1.10149704e-06  4.74923790e-04 -1.10357836e-03
 -2.80354618e-06 -1.13308255e-03 -1.46012822e-03 -1.40739658e-04
 -1.23298572e-03 -5.13792841e-04  3.02820136e-01  1.43753735e-01
  1.41087448e-01  3.07375698e-01  1.47910765e-01  1.42117553e-01
  2.98816949e-01  1.43392301e-01  1.38873794e-01  3.15676851e-01
  1.51279905e-01  1.47350038e-01  3.10088349e-01  1.48355555e-01
  1.44818620e-01]

Gradient approximate =
[ 5.43950440e-06  1.51451629e-05  6.39726050e-06 -8.81730466e-06
 -2.33941622e-05 -1.66912950e-05  2.91699387e-01  1.47634106e-01
  1.43031726e-01  2.70739931e-01  1.37016500e-01  1.32842632e-01
  2.78623727e-01  1.40973245e-01  1.36622877e-01  2.65355435e-01
  1.34265265e-01  1.30124995e-01  3.02329527e-01  1.52966099e-01
  1.48256371e-01  0.00000000e+00  0.00000000e+00  0.00000000e+00
  0.00000000e+00  0.00000000e+00  0.00000000e+00  0.00000000e+00
  0.00000000e+00  0.00000000e+00  0.00000000e+00  0.00000000e+00
  0.00000000e+00]

Diff = 
[5.43484584e-06 8.85928473e-04 8.47442374e-05 8.80121686e-06
 1.40795794e-03 1.28847520e-03 2.91696608e-01 1.47610376e-01
 1.44392750e-01 2.70738829e-01 1.36541576e-01 1.33946210e-01
 2.78626530e-01 1.42106327e-01 1.38083005e-01 2.65496175e-01
 1.35498250e-01 1.30638788e-01 4.90609018e-04 9.21236434e-03
 7.16892283e-03 3.07375698e-01 1.47910765e-01 1.42117553e-01
 2.98816949e-01 1.43392301e-01 1.38873794e-01 3.15676851e-01
 1.51279905e-01 1.47350038e-01 3.10088349e-01 1.48355555e-01
 1.44818620e-01]

 Iteration 100:
############################
Gradient = 
[ 6.73984291e-06 -8.38628050e-04  9.72163459e-05 -1.13232463e-05
  1.33815560e-03 -1.29579949e-03 -2.10673536e-04 -7.38607713e-05
 -1.46138206e-03  8.84003065e-04  8.87507849e-04 -6.06930999e-04
 -1.81209060e-02 -9.12370492e-03 -1.02027199e-02 -2.61677236e-02
 -1.27379051e-02 -1.38822784e-02  3.06195629e-01  1.55036537e-01
  1.48743100e-01  2.90139164e-01  1.47343105e-01  1.41115545e-01
  2.85014373e-01  1.43272698e-01  1.38380455e-01  2.74265309e-01
  1.37857171e-01  1.34180802e-01  1.89842162e-01  9.25634121e-02
  9.09699977e-02]

Gradient approximate =
[ 3.44938300e-06  8.10095102e-06  4.84663865e-06 -3.00588665e-06
 -3.17833315e-06 -1.13101262e-05  3.10849697e-01  1.57366164e-01
  1.52315518e-01  2.59432504e-01  1.31381799e-01  1.27234703e-01
  3.06195629e-01  1.55004653e-01  1.50075117e-01  2.90139164e-01
  1.46884427e-01  1.42209112e-01  3.06195629e-01  1.55003013e-01
  1.50074464e-01  0.00000000e+00  0.00000000e+00  0.00000000e+00
  0.00000000e+00  0.00000000e+00  0.00000000e+00  0.00000000e+00
  0.00000000e+00  0.00000000e+00  0.00000000e+00  0.00000000e+00
  0.00000000e+00]

Diff = 
[3.29045990e-06 8.46729001e-04 9.23697073e-05 8.31735961e-06
 1.34133393e-03 1.28448937e-03 3.11060370e-01 1.57440025e-01
 1.53776900e-01 2.58548501e-01 1.30494292e-01 1.27841634e-01
 3.24316535e-01 1.64128358e-01 1.60277837e-01 3.16306887e-01
 1.59622332e-01 1.56091390e-01 7.98905386e-12 3.35235352e-05
 1.33136411e-03 2.90139164e-01 1.47343105e-01 1.41115545e-01
 2.85014373e-01 1.43272698e-01 1.38380455e-01 2.74265309e-01
 1.37857171e-01 1.34180802e-01 1.89842162e-01 9.25634121e-02
 9.09699977e-02]

 Iteration 200:
############################
Gradient = 
[ 5.60485173e-06 -8.33663839e-04  9.54130676e-05 -9.55832220e-06
  1.33082609e-03 -1.27621839e-03 -1.89254781e-04 -6.41688248e-05
 -1.42484911e-03  7.55427050e-04  8.21261885e-04 -6.83987466e-04
 -1.43359459e-02 -7.22464557e-03 -8.33659334e-03 -2.42593387e-02
 -1.18021268e-02 -1.29427448e-02  3.06438198e-01  1.55234112e-01
  1.48811126e-01  2.89902759e-01  1.47280380e-01  1.40940571e-01
  2.91453171e-01  1.46729566e-01  1.41610786e-01  2.83957169e-01
  1.43020204e-01  1.39069473e-01  8.78647240e-02  3.86332117e-02
  3.87326036e-02]

Gradient approximate =
[ 3.28930883e-06  7.57788499e-06  4.63120653e-06 -3.08731485e-06
 -3.63251873e-06 -1.12779830e-05  3.10989745e-01  1.57511875e-01
  1.52312255e-01  2.59604603e-01  1.31529743e-01  1.27255102e-01
  3.06438198e-01  1.55201447e-01  1.50121663e-01  2.89902760e-01
  1.46834436e-01  1.42024668e-01  3.06438198e-01  1.55199872e-01
  1.50121012e-01  0.00000000e+00  0.00000000e+00  0.00000000e+00
  0.00000000e+00  0.00000000e+00  0.00000000e+00  0.00000000e+00
  0.00000000e+00  0.00000000e+00  0.00000000e+00  0.00000000e+00
  0.00000000e+00]

Diff = 
[2.31554290e-06 8.41241724e-04 9.07818610e-05 6.47100735e-06
 1.33445861e-03 1.26494041e-03 3.11179000e-01 1.57576044e-01
 1.53737104e-01 2.58849176e-01 1.30708482e-01 1.27939090e-01
 3.20774143e-01 1.62426093e-01 1.58458257e-01 3.14162098e-01
 1.58636563e-01 1.54967413e-01 4.25770530e-14 3.42403612e-05
 1.30988630e-03 2.89902759e-01 1.47280380e-01 1.40940571e-01
 2.91453171e-01 1.46729566e-01 1.41610786e-01 2.83957169e-01
 1.43020204e-01 1.39069473e-01 8.78647240e-02 3.86332117e-02
 3.87326036e-02]

 Iteration 300:
############################
Gradient = 
[ 3.04959460e-06 -8.34002258e-04  9.18160839e-05 -5.01493084e-06
  1.33399975e-03 -1.25344737e-03 -1.27178307e-04 -3.55525902e-05
 -1.36612088e-03  4.20024664e-04  6.59065507e-04 -8.75723239e-04
 -5.33462719e-03 -2.68923154e-03 -3.92739786e-03 -1.69693205e-02
 -8.14529528e-03 -9.37701007e-03  3.06659238e-01  1.55413996e-01
  1.48895405e-01  2.89756701e-01  1.47258854e-01  1.40838176e-01
  2.95424273e-01  1.48882888e-01  1.43607702e-01  2.91872331e-01
  1.47245428e-01  1.43074620e-01  3.59470567e-03 -6.37644406e-03
 -4.78627184e-03]

Gradient approximate =
[ 3.13595594e-06  7.07639058e-06  4.42651915e-06 -3.09833492e-06
 -3.81464194e-06 -1.11644649e-05  3.11121303e-01  1.57646656e-01
  1.52332707e-01  2.59872879e-01  1.31720986e-01  1.27345736e-01
  3.06659238e-01  1.55380838e-01  1.50185208e-01  2.89756701e-01
  1.46823882e-01  1.41910707e-01  3.06659238e-01  1.55379326e-01
  1.50184566e-01  0.00000000e+00  0.00000000e+00  0.00000000e+00
  0.00000000e+00  0.00000000e+00  0.00000000e+00  0.00000000e+00
  0.00000000e+00  0.00000000e+00  0.00000000e+00  0.00000000e+00
  0.00000000e+00]

Diff = 
[8.63613393e-08 8.41078649e-04 8.73895647e-05 1.91659592e-06
 1.33781439e-03 1.24228290e-03 3.11248482e-01 1.57682209e-01
 1.53698828e-01 2.59452854e-01 1.31061920e-01 1.28221459e-01
 3.11993866e-01 1.58070069e-01 1.54112606e-01 3.06726022e-01
 1.54969178e-01 1.51287717e-01 6.16051654e-12 3.46698613e-05
 1.28916068e-03 2.89756701e-01 1.47258854e-01 1.40838176e-01
 2.95424273e-01 1.48882888e-01 1.43607702e-01 2.91872331e-01
 1.47245428e-01 1.43074620e-01 3.59470567e-03 6.37644406e-03
 4.78627184e-03]

 Iteration 400:
############################
Gradient = 
[-4.35072936e-08 -8.36269937e-04  8.74967646e-05  7.13618394e-07
  1.34134743e-03 -1.22934325e-03 -4.67927991e-05  1.33311322e-06
 -1.29820563e-03 -9.38827644e-06  4.54593131e-04 -1.11618590e-03
  6.15840874e-03  3.10946510e-03  1.69612898e-03 -6.88792502e-03
 -3.07098824e-03 -4.44805969e-03  3.06846786e-01  1.55566213e-01
  1.49006760e-01  2.89755983e-01  1.47304028e-01  1.40852340e-01
  2.95490901e-01  1.48969827e-01  1.43657934e-01  2.96478734e-01
  1.49720038e-01  1.45435318e-01 -6.08777859e-02 -4.13879035e-02
 -3.85973118e-02]

Gradient approximate =
[ 2.99071656e-06  6.60219435e-06  4.23536539e-06 -3.00903968e-06
 -3.60974806e-06 -1.09345488e-05  3.11239458e-01  1.57764269e-01
  1.52391564e-01  2.60298336e-01  1.31983379e-01  1.27550661e-01
  3.06846786e-01  1.55533048e-01  1.50276810e-01  2.89755983e-01
  1.46877241e-01  1.41909990e-01  3.06846786e-01  1.55531602e-01
  1.50276191e-01  0.00000000e+00  0.00000000e+00  0.00000000e+00
  0.00000000e+00  0.00000000e+00  0.00000000e+00  0.00000000e+00
  0.00000000e+00  0.00000000e+00  0.00000000e+00  0.00000000e+00
  0.00000000e+00]

Diff = 
[3.03422386e-06 8.42872131e-04 8.32613992e-05 3.72265808e-06
 1.34495718e-03 1.21840870e-03 3.11286251e-01 1.57762936e-01
 1.53689770e-01 2.60307724e-01 1.31528786e-01 1.28666847e-01
 3.00688377e-01 1.52423583e-01 1.48580681e-01 2.96643908e-01
 1.49948229e-01 1.46358050e-01 3.42670337e-12 3.46107306e-05
 1.26943024e-03 2.89755983e-01 1.47304028e-01 1.40852340e-01
 2.95490901e-01 1.48969827e-01 1.43657934e-01 2.96478734e-01
 1.49720038e-01 1.45435318e-01 6.08777859e-02 4.13879035e-02
 3.85973118e-02]

 Iteration 500:
############################
Gradient = 
[-3.11325662e-06 -8.38360959e-04  8.31489087e-05  6.39388607e-06
  1.34797749e-03 -1.20535256e-03  3.65970068e-05  3.92260334e-05
 -1.22986666e-03 -4.49056595e-04  2.47425730e-04 -1.35719559e-03
  1.80948615e-02  9.13683878e-03  7.53961388e-03  3.96861813e-03
  2.40317025e-03  8.64947032e-04  3.06996996e-01  1.55687527e-01
  1.49148746e-01  2.89918281e-01  1.47424147e-01  1.40997188e-01
  2.91126840e-01  1.46709558e-01  1.41498580e-01  2.97126086e-01
  1.50097653e-01  1.45827556e-01 -1.07347370e-01 -6.72927053e-02
 -6.36102095e-02]

Gradient approximate =
[ 2.85431012e-06  6.15704154e-06  4.05842915e-06 -2.81771051e-06
 -3.01173309e-06 -1.05863318e-05  3.11342456e-01  1.57862605e-01
  1.52493516e-01  2.60900503e-01  1.32325869e-01  1.27884232e-01
  3.06996996e-01  1.55654910e-01  1.50400093e-01  2.89918281e-01
  1.47002440e-01  1.42036302e-01  3.06996996e-01  1.55653529e-01
  1.50399508e-01  0.00000000e+00  0.00000000e+00  0.00000000e+00
  0.00000000e+00  0.00000000e+00  0.00000000e+00  0.00000000e+00
  0.00000000e+00  0.00000000e+00  0.00000000e+00  0.00000000e+00
  0.00000000e+00]

Diff = 
[5.96756674e-06 8.44518001e-04 7.90904796e-05 9.21159658e-06
 1.35098922e-03 1.19476623e-03 3.11305859e-01 1.57823379e-01
 1.53723383e-01 2.61349560e-01 1.32078444e-01 1.29241427e-01
 2.88902134e-01 1.46518071e-01 1.42860479e-01 2.85949663e-01
 1.44599270e-01 1.41171355e-01 9.52998791e-12 3.39978133e-05
 1.25076194e-03 2.89918281e-01 1.47424147e-01 1.40997188e-01
 2.91126840e-01 1.46709558e-01 1.41498580e-01 2.97126086e-01
 1.50097653e-01 1.45827556e-01 1.07347370e-01 6.72927053e-02
 6.36102095e-02]

 Iteration 600:
############################
Gradient = 
[-5.90139416e-06 -8.39340280e-04  7.91017901e-05  1.13245340e-05
  1.35111027e-03 -1.18230645e-03  1.15195706e-04  7.44507148e-05
 -1.16546541e-03 -8.52551098e-04  5.93061576e-05 -1.57260515e-03
  2.93256197e-02  1.48110197e-02  1.30476455e-02  1.44143680e-02
  7.67683208e-03  5.98812625e-03  3.07110886e-01  1.55778756e-01
  1.49319964e-01  2.90237087e-01  1.47616122e-01  1.41267602e-01
  2.82407457e-01  1.42140540e-01  1.37161834e-01  2.93765907e-01
  1.48351124e-01  1.44223062e-01 -1.39414127e-01 -8.59030418e-02
 -8.16034621e-02]

Gradient approximate =
[ 2.72581291e-06  5.73851411e-06  3.89430266e-06 -2.53956634e-06
 -2.07805329e-06 -1.01375819e-05  3.11430180e-01  1.57941908e-01
  1.52636550e-01  2.61672014e-01  1.32744999e-01  1.28341593e-01
  3.07110886e-01  1.55747223e-01  1.50553623e-01  2.90237087e-01
  1.47196535e-01  1.42284735e-01  3.07110886e-01  1.55745909e-01
  1.50553083e-01  0.00000000e+00  0.00000000e+00  0.00000000e+00
  0.00000000e+00  0.00000000e+00  0.00000000e+00  0.00000000e+00
  0.00000000e+00  0.00000000e+00  0.00000000e+00  0.00000000e+00
  0.00000000e+00]

Diff = 
[8.62720707e-06 8.45078794e-04 7.52074874e-05 1.38641003e-05
 1.35318833e-03 1.17216887e-03 3.11314984e-01 1.57867457e-01
 1.53802015e-01 2.62524565e-01 1.32685693e-01 1.29914198e-01
 2.77785266e-01 1.40936204e-01 1.37505978e-01 2.75822719e-01
 1.39519702e-01 1.36296609e-01 2.13307705e-11 3.28473123e-05
 1.23311896e-03 2.90237087e-01 1.47616122e-01 1.41267602e-01
 2.82407457e-01 1.42140540e-01 1.37161834e-01 2.93765907e-01
 1.48351124e-01 1.44223062e-01 1.39414127e-01 8.59030418e-02
 8.16034621e-02]

 Iteration 700:
############################
Gradient = 
[-8.34964531e-06 -8.39033537e-04  7.54400729e-05  1.52536858e-05
  1.34974954e-03 -1.16051346e-03  1.86588697e-04  1.05893193e-04
 -1.10625834e-03 -1.20322198e-03 -1.02177341e-04 -1.75356634e-03
  3.94312629e-02  1.99185536e-02  1.80190068e-02  2.39625149e-02
  1.25022454e-02  1.06869960e-02  3.07191539e-01  1.55842442e-01
  1.49516557e-01  2.90694555e-01  1.47871465e-01  1.41649481e-01
  2.69706672e-01  1.35460009e-01  1.30825031e-01  2.86657751e-01
  1.44617216e-01  1.40743651e-01 -1.60878734e-01 -9.91384047e-02
 -9.44410248e-02]

Gradient approximate =
[ 2.60380606e-06  5.34146949e-06  3.74067666e-06 -2.19578133e-06
 -8.90747476e-07 -9.61321689e-06  3.11503067e-01  1.58003350e-01
  1.52815388e-01  2.62592873e-01  1.33231408e-01  1.28908885e-01
  3.07191539e-01  1.55812481e-01  1.50733466e-01  2.90694555e-01
  1.47451389e-01  1.42641660e-01  3.07191539e-01  1.55811232e-01
  1.50732979e-01  0.00000000e+00  0.00000000e+00  0.00000000e+00
  0.00000000e+00  0.00000000e+00  0.00000000e+00  0.00000000e+00
  0.00000000e+00  0.00000000e+00  0.00000000e+00  0.00000000e+00
  0.00000000e+00]

Diff = 
[1.09534514e-05 8.44375007e-04 7.16993962e-05 1.74494671e-05
 1.35064028e-03 1.15090024e-03 3.11316478e-01 1.57897457e-01
 1.53921646e-01 2.63796095e-01 1.33333585e-01 1.30662451e-01
 2.67760276e-01 1.35893927e-01 1.32714460e-01 2.66732040e-01
 1.34949144e-01 1.31954664e-01 1.13079546e-11 3.12101050e-05
 1.21642182e-03 2.90694555e-01 1.47871465e-01 1.41649481e-01
 2.69706672e-01 1.35460009e-01 1.30825031e-01 2.86657751e-01
 1.44617216e-01 1.40743651e-01 1.60878734e-01 9.91384047e-02
 9.44410248e-02]

 Iteration 800:
############################
Gradient = 
[-1.05029913e-05 -8.37650757e-04  7.21196170e-05  1.82046735e-05
  1.34399373e-03 -1.13996060e-03  2.51394007e-04  1.33877959e-04
 -1.05178261e-03 -1.50241045e-03 -2.37946504e-04 -1.90152272e-03
  4.84435807e-02  2.44742775e-02  2.24708784e-02  3.25732309e-02
  1.68576684e-02  1.49435166e-02  3.07242320e-01  1.55881372e-01
  1.49734034e-01  2.91270406e-01  1.48180463e-01  1.42126839e-01
  2.53489125e-01  1.26913434e-01  1.22708714e-01  2.76159406e-01
  1.39085272e-01  1.35558139e-01 -1.74952726e-01 -1.08623446e-01
 -1.03691957e-01]

Gradient approximate =
[ 2.48652654e-06  4.96001684e-06  3.59503538e-06 -1.80756521e-06
  4.69424499e-07 -9.03783937e-06  3.11561522e-01  1.58048178e-01
  1.53023965e-01  2.63640363e-01  1.33774404e-01  1.29570302e-01
  3.07242320e-01  1.55853413e-01  1.50935049e-01  2.91270406e-01
  1.47757690e-01  1.43091605e-01  3.07242320e-01  1.55852230e-01
  1.50934621e-01  0.00000000e+00  0.00000000e+00  0.00000000e+00
  0.00000000e+00  0.00000000e+00  0.00000000e+00  0.00000000e+00
  0.00000000e+00  0.00000000e+00  0.00000000e+00  0.00000000e+00
  0.00000000e+00]

Diff = 
[1.29895179e-05 8.42610774e-04 6.85245816e-05 2.00122387e-05
 1.34352430e-03 1.13092276e-03 3.11310128e-01 1.57914300e-01
 1.54075747e-01 2.65142774e-01 1.34012350e-01 1.31471825e-01
 2.58798740e-01 1.31379136e-01 1.28464171e-01 2.58697175e-01
 1.30900021e-01 1.28148089e-01 2.06074047e-12 2.91416846e-05
 1.20058679e-03 2.91270406e-01 1.48180463e-01 1.42126839e-01
 2.53489125e-01 1.26913434e-01 1.22708714e-01 2.76159406e-01
 1.39085272e-01 1.35558139e-01 1.74952726e-01 1.08623446e-01
 1.03691957e-01]

 Iteration 900:
############################
Gradient = 
[-1.24476825e-05 -8.35549060e-04  6.90428997e-05  2.03239228e-05
  1.33443374e-03 -1.12048985e-03  3.11623987e-04  1.59385377e-04
 -1.00081001e-03 -1.75990803e-03 -3.52883574e-04 -2.02262740e-03
  5.66169948e-02  2.86059149e-02  2.65282434e-02  4.04379016e-02
  2.08385881e-02  1.88516887e-02  3.07265966e-01  1.55897816e-01
  1.49968288e-01  2.91946741e-01  1.48534452e-01  1.42685614e-01
  2.34199696e-01  1.16735494e-01  1.13022702e-01  2.62610445e-01
  1.31935151e-01  1.28825364e-01 -1.84054573e-01 -1.15582832e-01
 -1.10535345e-01]

Gradient approximate =
[ 2.37242670e-06  4.58850513e-06  3.45516282e-06 -1.39227518e-06
  1.93467242e-06 -8.43198844e-06  3.11605654e-01  1.58077297e-01
  1.53256787e-01  2.64794405e-01  1.34364449e-01  1.30311911e-01
  3.07265966e-01  1.55872247e-01  1.51154199e-01  2.91946741e-01
  1.48107123e-01  1.43620963e-01  3.07265966e-01  1.55871128e-01
  1.51153833e-01  0.00000000e+00  0.00000000e+00  0.00000000e+00
  0.00000000e+00  0.00000000e+00  0.00000000e+00  0.00000000e+00
  0.00000000e+00  0.00000000e+00  0.00000000e+00  0.00000000e+00
  0.00000000e+00]

Diff = 
[1.48201092e-05 8.40137565e-04 6.55877369e-05 2.17161980e-05
 1.33249907e-03 1.11205786e-03 3.11294030e-01 1.57917912e-01
 1.54257597e-01 2.66554313e-01 1.34717333e-01 1.32334538e-01
 2.50648971e-01 1.27266332e-01 1.24625956e-01 2.51508839e-01
 1.27268535e-01 1.24769274e-01 7.22810700e-13 2.66870607e-05
 1.18554496e-03 2.91946741e-01 1.48534452e-01 1.42685614e-01
 2.34199696e-01 1.16735494e-01 1.13022702e-01 2.62610445e-01
 1.31935151e-01 1.28825364e-01 1.84054573e-01 1.15582832e-01
 1.10535345e-01]

 