Iteration 0:
############################
Gradient = 
[-1.16815908e-04 -6.22601206e-03 -1.04169798e-02  3.22852979e-06
  3.93279292e-04 -2.08668002e-03  1.97191187e-04 -4.35999634e-03
 -2.79700344e-03  8.15944820e-05 -1.00409953e-02  1.14023615e-02
 -1.01162094e-04 -2.88662491e-03 -4.23026848e-03  1.15336046e-04
  8.43058133e-03 -6.50123704e-03  1.53989949e-02 -3.20877824e-03
  1.23859374e-02  7.53045870e-03  9.65710284e-03  9.10224476e-03
  1.18342476e-02 -1.06357391e-02 -1.38319597e-02  1.63936980e-03
 -1.25961989e-02 -3.60863332e-03  2.55424749e-03 -7.13044863e-03
  2.87403283e-01  1.50525018e-01  1.36454273e-01  2.80420565e-01
  1.41998191e-01  1.38291885e-01  3.07504850e-01  1.60328871e-01
  1.53825729e-01  2.75169781e-01  1.46520525e-01  1.24012075e-01
  2.70773458e-01  1.26321516e-01  1.27083055e-01]

Gradient approximate =
[-9.37781097e-05 -7.63376466e-04 -3.06433601e-04  2.12861928e-05
  3.21879274e-04  8.94470165e-05  9.84660220e-05  1.64347285e-04
  7.17256921e-05  5.26520294e-05  2.11387134e-04  1.62081668e-04
 -4.12089851e-05  3.84214371e-05  3.08968766e-01  1.52867867e-01
  1.52242433e-01  2.69418158e-01  1.42280893e-01  1.35981890e-01
  3.19126013e-01  1.59395469e-01  1.58346932e-01  3.08498538e-01
  1.55624525e-01  1.44177596e-01  2.76103187e-01  1.35098601e-01
  1.34061550e-01 -2.49326129e-03 -2.40569711e-03 -2.77386890e-03
  0.00000000e+00  0.00000000e+00  0.00000000e+00  0.00000000e+00
  0.00000000e+00  0.00000000e+00  0.00000000e+00  0.00000000e+00
  0.00000000e+00  0.00000000e+00  0.00000000e+00  0.00000000e+00
  0.00000000e+00  0.00000000e+00  0.00000000e+00]

Diff = 
[2.30377987e-05 5.46263559e-03 1.01105462e-02 1.80576630e-05
 7.14000178e-05 2.17612704e-03 9.87251647e-05 4.52434363e-03
 2.86872914e-03 2.89424526e-05 1.02523824e-02 1.12402798e-02
 5.99531085e-05 2.92504634e-03 3.13199034e-01 1.52752531e-01
 1.43811851e-01 2.75919395e-01 1.26881899e-01 1.39190668e-01
 3.06740075e-01 1.51865010e-01 1.48689830e-01 2.99396293e-01
 1.43790277e-01 1.54813335e-01 2.89935147e-01 1.33459231e-01
 1.46657749e-01 1.11537203e-03 4.95994460e-03 4.35657972e-03
 2.87403283e-01 1.50525018e-01 1.36454273e-01 2.80420565e-01
 1.41998191e-01 1.38291885e-01 3.07504850e-01 1.60328871e-01
 1.53825729e-01 2.75169781e-01 1.46520525e-01 1.24012075e-01
 2.70773458e-01 1.26321516e-01 1.27083055e-01]

 Iteration 100:
############################
Gradient = 
[-6.56023799e-05 -5.58851811e-03 -9.44273964e-03 -3.93347887e-06
  5.08392104e-04 -1.75698443e-03  7.22571427e-05 -4.60640332e-03
 -2.68553922e-03  2.76712493e-05 -9.14938966e-03  1.01612324e-02
 -4.93892631e-05 -2.16235136e-03 -3.63915509e-03  3.91647739e-05
  7.18968612e-03 -5.85750495e-03  7.61611867e-03 -5.97451232e-03
  7.57233482e-03  3.51659618e-03  5.79938556e-03  4.88493762e-03
  6.34691211e-03 -4.88754818e-03 -1.03896965e-02  3.98268827e-03
 -9.08939784e-03 -1.24129030e-03  4.51398786e-03 -3.18636855e-03
  3.08945929e-01  1.59660858e-01  1.59762958e-01  2.70585921e-01
  1.26062348e-01  1.24379206e-01  3.11124586e-01  1.51820683e-01
  1.55932785e-01  3.02556442e-01  1.49734518e-01  1.46904890e-01
  2.81945805e-01  1.44005717e-01  1.32519649e-01]

Gradient approximate =
[-6.56023413e-05 -6.02183330e-04 -2.58799695e-04 -3.93349353e-06
  1.89093639e-04  5.06848385e-05  7.22571403e-05  1.01077258e-04
  4.34872938e-05  2.76712830e-05  1.14958363e-04  1.20060641e-04
 -4.93892616e-05 -2.66702416e-05  3.08909055e-01  1.51081476e-01
  1.52990096e-01  2.70616998e-01  1.39663466e-01  1.36750585e-01
  3.14862075e-01  1.55244143e-01  1.56941543e-01  3.06019168e-01
  1.52069531e-01  1.44535137e-01  2.79553362e-01  1.35309073e-01
  1.36715100e-01 -2.36065393e-03 -2.28568281e-03 -2.62014612e-03
  0.00000000e+00  0.00000000e+00  0.00000000e+00  0.00000000e+00
  0.00000000e+00  0.00000000e+00  0.00000000e+00  0.00000000e+00
  0.00000000e+00  0.00000000e+00  0.00000000e+00  0.00000000e+00
  0.00000000e+00  0.00000000e+00  0.00000000e+00]

Diff = 
[3.86103002e-11 4.98633478e-03 9.18393994e-03 1.46587829e-11
 3.19298466e-04 1.80766927e-03 2.40270679e-12 4.70748058e-03
 2.72902652e-03 3.37082028e-11 9.26434802e-03 1.00411718e-02
 1.52833124e-12 2.13568112e-03 3.12548210e-01 1.51042311e-01
 1.45800410e-01 2.76474503e-01 1.32047348e-01 1.42725097e-01
 3.07289740e-01 1.51727547e-01 1.51142157e-01 3.01134230e-01
 1.45722619e-01 1.49422685e-01 2.89943058e-01 1.31326385e-01
 1.45804498e-01 1.11936364e-03 6.79967066e-03 5.66222430e-04
 3.08945929e-01 1.59660858e-01 1.59762958e-01 2.70585921e-01
 1.26062348e-01 1.24379206e-01 3.11124586e-01 1.51820683e-01
 1.55932785e-01 3.02556442e-01 1.49734518e-01 1.46904890e-01
 2.81945805e-01 1.44005717e-01 1.32519649e-01]

 Iteration 200:
############################
Gradient = 
[-4.66727998e-05 -4.87849421e-03 -8.39567120e-03 -1.68366331e-05
  3.77958398e-04 -1.59123241e-03  5.25383254e-05 -4.15598365e-03
 -2.41710437e-03  1.21840669e-05 -8.22659228e-03  9.04457224e-03
 -5.00504996e-05 -1.95995392e-03 -3.25525940e-03  2.08962068e-05
  6.34849243e-03 -5.25130707e-03  6.23114233e-03 -5.86189716e-03
  6.11781210e-03  2.56005930e-03  4.61931882e-03  3.77607918e-03
  4.89757221e-03 -4.52339091e-03 -9.12215330e-03  3.72171149e-03
 -7.95001339e-03 -9.45769195e-04  4.18497920e-03 -2.65245962e-03
  3.08925292e-01  1.58312155e-01  1.59776021e-01  2.71871151e-01
  1.24750338e-01  1.26433104e-01  3.08422159e-01  1.48862075e-01
  1.54876087e-01  3.01351231e-01  1.47227708e-01  1.47658037e-01
  2.84873335e-01  1.43786994e-01  1.35720037e-01]

Gradient approximate =
[-4.66728345e-05 -4.84189102e-04 -2.21273053e-04 -1.68366254e-05
  1.08404143e-04  2.68086353e-05  5.25383115e-05  5.53902013e-05
  2.30433583e-05  1.21840849e-05  5.39921730e-05  9.03241504e-05
 -5.00504815e-05 -5.78483439e-05  3.08882025e-01  1.49717837e-01
  1.53693798e-01  2.71879569e-01  1.37748648e-01  1.37574680e-01
  3.11478271e-01  1.52013952e-01  1.55881413e-01  3.04193801e-01
  1.49381983e-01  1.45118680e-01  2.82643837e-01  1.35701047e-01
  1.39125588e-01 -2.18911647e-03 -2.12256829e-03 -2.41695264e-03
  0.00000000e+00  0.00000000e+00  0.00000000e+00  0.00000000e+00
  0.00000000e+00  0.00000000e+00  0.00000000e+00  0.00000000e+00
  0.00000000e+00  0.00000000e+00  0.00000000e+00  0.00000000e+00
  0.00000000e+00  0.00000000e+00  0.00000000e+00]

Diff = 
[3.46626856e-11 4.39430511e-03 8.17439815e-03 7.63491035e-12
 2.69554255e-04 1.61804104e-03 1.39268770e-11 4.21137385e-03
 2.44014773e-03 1.79745765e-11 8.28058445e-03 8.95424809e-03
 1.80986318e-11 1.90210557e-03 3.12137284e-01 1.49696941e-01
 1.47345306e-01 2.77130876e-01 1.31517506e-01 1.43436577e-01
 3.05360459e-01 1.49453892e-01 1.51262094e-01 3.00417722e-01
 1.44484411e-01 1.49642071e-01 2.91765990e-01 1.31979336e-01
 1.47075602e-01 1.24334727e-03 6.30754748e-03 2.35506980e-04
 3.08925292e-01 1.58312155e-01 1.59776021e-01 2.71871151e-01
 1.24750338e-01 1.26433104e-01 3.08422159e-01 1.48862075e-01
 1.54876087e-01 3.01351231e-01 1.47227708e-01 1.47658037e-01
 2.84873335e-01 1.43786994e-01 1.35720037e-01]

 Iteration 300:
############################
Gradient = 
[-3.37911057e-05 -4.27272082e-03 -7.46751824e-03 -2.23795447e-05
  2.92166298e-04 -1.43436101e-03  3.77408610e-05 -3.74155755e-03
 -2.17188399e-03  2.86475496e-06 -7.38080985e-03  8.05554793e-03
 -4.67009060e-05 -1.76058716e-03 -2.90738883e-03  9.48358883e-06
  5.62179406e-03 -4.70213643e-03  5.10561286e-03 -5.67121974e-03
  4.94016771e-03  1.80895606e-03  3.66238883e-03  2.89245458e-03
  3.75511130e-03 -4.11020303e-03 -7.96554791e-03  3.51159260e-03
 -6.90934835e-03 -6.60762592e-04  3.91458262e-03 -2.15141213e-03
  3.08918186e-01  1.57282074e-01  1.59787447e-01  2.73155688e-01
  1.23842268e-01  1.28378632e-01  3.06279423e-01  1.46596684e-01
  1.54090097e-01  3.00521663e-01  1.45358130e-01  1.48443795e-01
  2.87426398e-01  1.43677854e-01  1.38521140e-01]

Gradient approximate =
[-3.37911255e-05 -3.96089659e-04 -1.90892249e-04 -2.23795427e-05
  6.02760064e-05  1.23563737e-05  3.77408793e-05  2.26985120e-05
  8.47492521e-06  2.86474622e-06  1.62128244e-05  6.90759294e-05
 -4.67009320e-05 -6.92063828e-05  3.08873951e-01  1.48678019e-01
  1.54333099e-01  2.73149848e-01  1.36355496e-01  1.38403270e-01
  3.08782418e-01  1.49489681e-01  1.55073749e-01  3.02856843e-01
  1.47346101e-01  1.45828186e-01  2.85386271e-01  1.36200482e-01
  1.41285177e-01 -1.99508634e-03 -1.93460305e-03 -2.18783898e-03
  0.00000000e+00  0.00000000e+00  0.00000000e+00  0.00000000e+00
  0.00000000e+00  0.00000000e+00  0.00000000e+00  0.00000000e+00
  0.00000000e+00  0.00000000e+00  0.00000000e+00  0.00000000e+00
  0.00000000e+00  0.00000000e+00  0.00000000e+00]

Diff = 
[1.97149626e-11 3.87663116e-03 7.27662599e-03 2.00164747e-12
 2.31890291e-04 1.44671739e-03 1.83501909e-11 3.76425606e-03
 2.18035892e-03 8.74691423e-12 7.39702267e-03 7.98647200e-03
 2.59672795e-11 1.69138078e-03 3.11781340e-01 1.48668535e-01
 1.48711305e-01 2.77851984e-01 1.31249883e-01 1.44074489e-01
 3.03842251e-01 1.47680725e-01 1.51411360e-01 2.99964389e-01
 1.43590990e-01 1.49938389e-01 2.93351819e-01 1.32688889e-01
 1.48194525e-01 1.33432375e-03 5.84918567e-03 3.64268512e-05
 3.08918186e-01 1.57282074e-01 1.59787447e-01 2.73155688e-01
 1.23842268e-01 1.28378632e-01 3.06279423e-01 1.46596684e-01
 1.54090097e-01 3.00521663e-01 1.45358130e-01 1.48443795e-01
 2.87426398e-01 1.43677854e-01 1.38521140e-01]

 Iteration 400:
############################
Gradient = 
[-2.48712494e-05 -3.75153495e-03 -6.64368160e-03 -2.35937801e-05
  2.34777464e-04 -1.28863807e-03  2.67523250e-05 -3.36216915e-03
 -1.94869193e-03 -2.41980925e-06 -6.61121922e-03  7.17811362e-03
 -4.14162533e-05 -1.57201023e-03 -2.59392527e-03  2.60252175e-06
  4.98925667e-03 -4.20642645e-03  4.18486101e-03 -5.42754609e-03
  3.98396489e-03  1.22090510e-03  2.88609054e-03  2.18823088e-03
  2.85284492e-03 -3.67748047e-03 -6.92074703e-03  3.33326533e-03
 -5.96975076e-03 -3.97041876e-04  3.68355986e-03 -1.69556386e-03
  3.08918744e-01  1.56504356e-01  1.59778834e-01  2.74412173e-01
  1.23246581e-01  1.30192610e-01  3.04587037e-01  1.44876991e-01
  1.53503892e-01  2.99972145e-01  1.43981871e-01  1.49212404e-01
  2.89630699e-01  1.43638026e-01  1.40941518e-01]

Gradient approximate =
[-2.48712406e-05 -3.28872487e-04 -1.65684020e-04 -2.35937869e-05
  3.25482330e-05  3.91095378e-06  2.67523448e-05 -7.11186665e-08
 -1.59624758e-06 -2.41983100e-06 -6.26142027e-06  5.38002620e-05
 -4.14162460e-05 -6.93283564e-05  3.08876582e-01  1.47894074e-01
  1.54892807e-01  2.74397777e-01  1.35363959e-01  1.39202848e-01
  3.06637856e-01  1.47523015e-01  1.54450711e-01  3.01889699e-01
  1.45812978e-01  1.46588200e-01  2.87792853e-01  1.36757284e-01
  1.43187365e-01 -1.79117885e-03 -1.73552959e-03 -1.94963119e-03
  0.00000000e+00  0.00000000e+00  0.00000000e+00  0.00000000e+00
  0.00000000e+00  0.00000000e+00  0.00000000e+00  0.00000000e+00
  0.00000000e+00  0.00000000e+00  0.00000000e+00  0.00000000e+00
  0.00000000e+00  0.00000000e+00  0.00000000e+00]

Diff = 
[8.82243473e-12 3.42266247e-03 6.47799758e-03 6.85417614e-12
 2.02229231e-04 1.29254903e-03 1.97905591e-11 3.36209803e-03
 1.94709568e-03 2.17514311e-11 6.60495780e-03 7.12431336e-03
 7.29485684e-12 1.50268188e-03 3.11470508e-01 1.47891471e-01
 1.49903550e-01 2.78604203e-01 1.31179098e-01 1.44630394e-01
 3.02653891e-01 1.46302109e-01 1.51564621e-01 2.99701468e-01
 1.42960133e-01 1.50265680e-01 2.94713600e-01 1.33424019e-01
 1.49157116e-01 1.39413698e-03 5.41908945e-03 2.54067329e-04
 3.08918744e-01 1.56504356e-01 1.59778834e-01 2.74412173e-01
 1.23246581e-01 1.30192610e-01 3.04587037e-01 1.44876991e-01
 1.53503892e-01 2.99972145e-01 1.43981871e-01 1.49212404e-01
 2.89630699e-01 1.43638026e-01 1.40941518e-01]

 Iteration 500:
############################
Gradient = 
[-1.85598316e-05 -3.30013160e-03 -5.91176948e-03 -2.23898526e-05
  1.95398472e-04 -1.15495950e-03  1.86923908e-05 -3.01634210e-03
 -1.74620756e-03 -5.10327327e-06 -5.91465430e-03  6.39865787e-03
 -3.54412990e-05 -1.39807058e-03 -2.31257985e-03 -1.30596439e-06
  4.43538451e-03 -3.76020084e-03  3.42732300e-03 -5.14982703e-03
  3.20601341e-03  7.62676224e-04  2.25660571e-03  1.62756533e-03
  2.13978753e-03 -3.24559004e-03 -5.98511786e-03  3.17389869e-03
 -5.12965238e-03 -1.60899571e-04  3.47851209e-03 -1.29069471e-03
  3.08923477e-01  1.55926906e-01  1.59740490e-01  2.75622587e-01
  1.22892324e-01  1.31863262e-01  3.03257806e-01  1.43588181e-01
  1.53064733e-01  2.99630243e-01  1.42988241e-01  1.49932120e-01
  2.91515880e-01  1.43639228e-01  1.43007256e-01]

Gradient approximate =
[-1.85598270e-05 -2.76444334e-04 -1.44357843e-04 -2.23898855e-05
  1.74179049e-05 -7.46387396e-07  1.86923921e-05 -1.53315005e-05
 -8.27116375e-06 -5.10328224e-06 -1.87323512e-05  4.27403601e-05
 -3.54413032e-05 -6.35277653e-05  3.08884948e-01  1.47312769e-01
  1.55367248e-01  2.75603480e-01  1.34682278e-01  1.39952466e-01
  3.04936758e-01  1.45998964e-01  1.53962724e-01  3.01202319e-01
  1.44669376e-01  1.47347607e-01  2.89883314e-01  1.37336006e-01
  1.44837028e-01 -1.58648588e-03 -1.53508557e-03 -1.71360237e-03
  0.00000000e+00  0.00000000e+00  0.00000000e+00  0.00000000e+00
  0.00000000e+00  0.00000000e+00  0.00000000e+00  0.00000000e+00
  0.00000000e+00  0.00000000e+00  0.00000000e+00  0.00000000e+00
  0.00000000e+00  0.00000000e+00  0.00000000e+00]

Diff = 
[4.63829016e-12 3.02368726e-03 5.76741163e-03 3.28620421e-11
 1.77980567e-04 1.15421311e-03 1.30230533e-12 3.00101060e-03
 1.73793640e-03 8.97271541e-12 5.89592195e-03 6.35591751e-03
 4.17719269e-12 1.33454282e-03 3.11197528e-01 1.47314075e-01
 1.50931863e-01 2.79363680e-01 1.31254955e-01 1.45102293e-01
 3.01730744e-01 1.45236288e-01 1.51706118e-01 2.99574754e-01
 1.42529588e-01 1.50593197e-01 2.95868432e-01 1.34162107e-01
 1.49966681e-01 1.42558631e-03 5.01359765e-03 4.22907662e-04
 3.08923477e-01 1.55926906e-01 1.59740490e-01 2.75622587e-01
 1.22892324e-01 1.31863262e-01 3.03257806e-01 1.43588181e-01
 1.53064733e-01 2.99630243e-01 1.42988241e-01 1.49932120e-01
 2.91515880e-01 1.43639228e-01 1.43007256e-01]

 Iteration 600:
############################
Gradient = 
[-1.39870301e-05 -2.90715417e-03 -5.26112986e-03 -1.99616163e-05
  1.67388529e-04 -1.03339414e-03  1.28607328e-05 -2.70228440e-03
 -1.56303871e-03 -6.15172926e-06 -5.28666398e-03  5.70551781e-03
 -2.94995693e-05 -1.24025195e-03 -2.06077033e-03 -3.29580415e-06
  3.94809118e-03 -3.35937295e-03  2.80107164e-03 -4.85229965e-03
  2.57232794e-03  4.08049403e-04  1.74682959e-03  1.18220225e-03
  1.57658268e-03 -2.82820134e-03 -5.15361780e-03  3.02511540e-03
 -4.38485091e-03  4.46095064e-05  3.29032528e-03 -9.38239680e-04
  3.08930361e-01  1.55508424e-01  1.59668598e-01  2.76775536e-01
  1.22724064e-01  1.33386844e-01  3.02221672e-01  1.42640045e-01
  1.52733343e-01  2.99440919e-01  1.42291366e-01  1.50584065e-01
  2.93113311e-01  1.43661976e-01  1.44748839e-01]

Gradient approximate =
[-1.39870693e-05 -2.34687825e-04 -1.26060919e-04 -1.99615968e-05
  9.88355398e-06 -3.05830472e-06  1.28607214e-05 -2.49934606e-05
 -1.24254185e-05 -6.15169915e-06 -2.47784837e-05  3.46596107e-05
 -2.94995717e-05 -5.50462098e-05  3.08896113e-01  1.46892022e-01
  1.55756929e-01  2.76754274e-01  1.34239709e-01  1.40640181e-01
  3.03593288e-01  1.44827452e-01  1.53573508e-01  3.00726021e-01
  1.43828319e-01  1.48072945e-01  2.91681967e-01  1.37912068e-01
  1.46246749e-01 -1.38738244e-03 -1.33998854e-03 -1.48707432e-03
  0.00000000e+00  0.00000000e+00  0.00000000e+00  0.00000000e+00
  0.00000000e+00  0.00000000e+00  0.00000000e+00  0.00000000e+00
  0.00000000e+00  0.00000000e+00  0.00000000e+00  0.00000000e+00
  0.00000000e+00  0.00000000e+00  0.00000000e+00]

Diff = 
[3.91390824e-11 2.67246635e-03 5.13506894e-03 1.95189521e-11
 1.57504975e-04 1.03033584e-03 1.13915521e-11 2.67729093e-03
 1.55061330e-03 3.01147451e-11 5.26188550e-03 5.67085820e-03
 2.38129032e-12 1.18520574e-03 3.10956883e-01 1.46895318e-01
 1.51808838e-01 2.80113647e-01 1.31438637e-01 1.45492481e-01
 3.01020960e-01 1.44419402e-01 1.51826678e-01 2.99543819e-01
 1.42251737e-01 1.50901146e-01 2.96835584e-01 1.34886953e-01
 1.50631600e-01 1.43199194e-03 4.63031382e-03 5.48834642e-04
 3.08930361e-01 1.55508424e-01 1.59668598e-01 2.76775536e-01
 1.22724064e-01 1.33386844e-01 3.02221672e-01 1.42640045e-01
 1.52733343e-01 2.99440919e-01 1.42291366e-01 1.50584065e-01
 2.93113311e-01 1.43661976e-01 1.44748839e-01]

 Iteration 700:
############################
Gradient = 
[-1.05963626e-05 -2.56370747e-03 -4.68251134e-03 -1.70416851e-05
  1.46529448e-04 -9.23525019e-04  8.70297860e-06 -2.41801390e-03
 -1.39776546e-03 -6.21397208e-06 -4.72217359e-03  5.08862208e-03
 -2.39873858e-05 -1.09863817e-03 -1.83584562e-03 -4.08053677e-06
  3.51775891e-03 -2.99992316e-03  2.28132444e-03 -4.54558285e-03
  2.05592759e-03  1.36213728e-04  1.33489568e-03  8.29706264e-04
  1.13258364e-03 -2.43408937e-03 -4.41964816e-03  2.88169185e-03
 -3.72946547e-03  2.18721080e-04  3.11299953e-03 -6.36834488e-04
  3.08938260e-01  1.55215947e-01  1.59563197e-01  2.77864345e-01
  1.22698222e-01  1.34765162e-01  3.01422013e-01  1.41961153e-01
  1.52480473e-01  2.99362299e-01  1.41824160e-01  1.51158469e-01
  2.94454513e-01  1.43693202e-01  1.46198805e-01]

Gradient approximate =
[-1.05963571e-05 -2.00806529e-04 -1.10215719e-04 -1.70416992e-05
  6.75989265e-06 -3.95972366e-06  8.70300498e-06 -3.05631986e-05
 -1.47470325e-05 -6.21397156e-06 -2.68105849e-05  2.86842039e-05
 -2.39874121e-05 -4.58080107e-05  3.08908394e-01  1.46598335e-01
  1.56066235e-01  2.77842589e-01  1.33981313e-01  1.41260417e-01
  3.02538611e-01  1.43937279e-01  1.53256526e-01  3.00408249e-01
  1.43222441e-01  1.48743496e-01  2.93215497e-01  1.38468945e-01
  1.47433994e-01 -1.19816294e-03 -1.15468998e-03 -1.27456319e-03
  0.00000000e+00  0.00000000e+00  0.00000000e+00  0.00000000e+00
  0.00000000e+00  0.00000000e+00  0.00000000e+00  0.00000000e+00
  0.00000000e+00  0.00000000e+00  0.00000000e+00  0.00000000e+00
  0.00000000e+00  0.00000000e+00  0.00000000e+00]

Diff = 
[5.43226823e-12 2.36290094e-03 4.57229563e-03 1.40889204e-11
 1.39769555e-04 9.19565296e-04 2.63839659e-11 2.38745071e-03
 1.38301843e-03 5.24366357e-13 4.69536301e-03 5.05993787e-03
 2.62607290e-11 1.05283016e-03 3.10744240e-01 1.46602416e-01
 1.52548476e-01 2.80842512e-01 1.31699989e-01 1.45806000e-01
 3.00482684e-01 1.43801066e-01 1.51921631e-01 2.99578543e-01
 1.42089858e-01 1.51177585e-01 2.97635145e-01 1.35587253e-01
 1.51163459e-01 1.41688402e-03 4.26768951e-03 6.37728702e-04
 3.08938260e-01 1.55215947e-01 1.59563197e-01 2.77864345e-01
 1.22698222e-01 1.34765162e-01 3.01422013e-01 1.41961153e-01
 1.52480473e-01 2.99362299e-01 1.41824160e-01 1.51158469e-01
 2.94454513e-01 1.43693202e-01 1.46198805e-01]

 Iteration 800:
############################
Gradient = 
[-8.03117329e-06 -2.26267442e-03 -4.16781485e-03 -1.40652598e-05
  1.30169431e-04 -8.24664724e-04  5.78493924e-06 -2.16144582e-03
 -1.24897327e-03 -5.72130501e-06 -4.21589949e-03  4.53921976e-03
 -1.90970461e-05 -9.72516551e-04 -1.63521723e-03 -4.14072551e-06
  3.13659986e-03 -2.67800254e-03  1.84864385e-03 -4.23752429e-03
  1.63522271e-03 -6.94368087e-05  1.00306183e-03  5.52149306e-04
  7.83736149e-04 -2.06847880e-03 -3.77570937e-03  2.74060579e-03
 -3.15664377e-03  3.62240479e-04  2.94276675e-03 -3.83394776e-04
  3.08946563e-01  1.55023037e-01  1.59426741e-01  2.78885700e-01
  1.22780381e-01  1.36003736e-01  3.00812859e-01  1.41494585e-01
  1.52284388e-01  2.99362534e-01  1.41533939e-01  1.51651916e-01
  2.95570063e-01  1.43724493e-01  1.47390022e-01]

Gradient approximate =
[-8.03116462e-06 -1.72879855e-04 -9.64160618e-05 -1.40652823e-05
  6.04462924e-06 -4.05115719e-06  5.78497694e-06 -3.32131411e-05
 -1.57688484e-05 -5.72132786e-06 -2.64410160e-05  2.41962361e-05
 -1.90970684e-05 -3.69011843e-05  3.08920872e-01  1.46404894e-01
  1.56301829e-01  2.78864491e-01  1.33864164e-01  1.41812002e-01
  3.01717197e-01  1.43271744e-01  1.52992404e-01  3.00208702e-01
  1.42799200e-01  1.49347662e-01  2.94511350e-01  1.38996039e-01
  1.48418985e-01 -1.02154490e-03 -9.81956672e-04 -1.07860555e-03
  0.00000000e+00  0.00000000e+00  0.00000000e+00  0.00000000e+00
  0.00000000e+00  0.00000000e+00  0.00000000e+00  0.00000000e+00
  0.00000000e+00  0.00000000e+00  0.00000000e+00  0.00000000e+00
  0.00000000e+00  0.00000000e+00  0.00000000e+00]

Diff = 
[8.66669833e-12 2.08979457e-03 4.07139879e-03 2.24440959e-11
 1.24124802e-04 8.20613566e-04 3.77020234e-11 2.12823267e-03
 1.23320442e-03 2.28499667e-11 4.18945847e-03 4.51502353e-03
 2.22373528e-11 9.35615366e-04 3.10556089e-01 1.46409035e-01
 1.53165230e-01 2.81542494e-01 1.32015520e-01 1.46049527e-01
 3.00081975e-01 1.43341180e-01 1.51989342e-01 2.99656552e-01
 1.42015464e-01 1.51416140e-01 2.98287059e-01 1.36255433e-01
 1.51575629e-01 1.38378538e-03 3.92472343e-03 6.95210778e-04
 3.08946563e-01 1.55023037e-01 1.59426741e-01 2.78885700e-01
 1.22780381e-01 1.36003736e-01 3.00812859e-01 1.41494585e-01
 1.52284388e-01 2.99362534e-01 1.41533939e-01 1.51651916e-01
 2.95570063e-01 1.43724493e-01 1.47390022e-01]

 Iteration 900:
############################
Gradient = 
[-6.06057371e-06 -1.99824555e-03 -3.70990881e-03 -1.12765103e-05
  1.16666706e-04 -7.35991511e-04  3.77114324e-06 -1.93045922e-03
 -1.11527901e-03 -4.95528399e-06 -3.76260708e-03  4.04966913e-03
 -1.48957858e-05 -8.60755593e-04 -1.45643320e-03 -3.79605425e-06
  2.79821028e-03 -2.38999085e-03  1.48762908e-03 -3.93385125e-03
  1.29281740e-03 -2.22214921e-04  7.36861110e-04  3.35125032e-04
  5.11026500e-04 -1.73404814e-03 -3.21389212e-03  2.60034004e-03
 -2.65907835e-03  4.76998731e-04  2.77742900e-03 -1.73865040e-04
  3.08954966e-01  1.54908407e-01  1.59263079e-01  2.79838670e-01
  1.22943276e-01  1.37110454e-01  3.00356768e-01  1.41194774e-01
  1.52128994e-01  2.99417442e-01  1.41379172e-01  1.52065315e-01
  2.96488868e-01  1.43750766e-01  1.48354468e-01]

Gradient approximate =
[-6.06060313e-06 -1.49565562e-04 -8.43616887e-05 -1.12764731e-05
  6.50593579e-06 -3.71242148e-06  3.77115672e-06 -3.38410011e-05
 -1.58963287e-05 -4.95527175e-06 -2.47338350e-05  2.07599227e-05
 -1.48957913e-05 -2.88879609e-05  3.08933080e-01  1.46290156e-01
  1.56471557e-01  2.79818625e-01  1.33854561e-01  1.42296723e-01
  3.01084035e-01  1.42785407e-01  1.52767047e-01  3.00096441e-01
  1.42517388e-01  1.49880274e-01  2.95596587e-01  1.39487088e-01
  1.49223122e-01 -8.59066813e-04 -8.23318773e-04 -9.00357204e-04
  0.00000000e+00  0.00000000e+00  0.00000000e+00  0.00000000e+00
  0.00000000e+00  0.00000000e+00  0.00000000e+00  0.00000000e+00
  0.00000000e+00  0.00000000e+00  0.00000000e+00  0.00000000e+00
  0.00000000e+00  0.00000000e+00  0.00000000e+00]

Diff = 
[2.94215631e-11 1.84867998e-03 3.62554712e-03 3.71875079e-11
 1.10160771e-04 7.32279090e-04 1.34800119e-11 1.89661822e-03
 1.09938268e-03 1.22395166e-11 3.73787324e-03 4.02890921e-03
 5.46579769e-12 8.31867632e-04 3.10389513e-01 1.46293952e-01
 1.53673347e-01 2.82208616e-01 1.32366932e-01 1.46230575e-01
 2.99791218e-01 1.43007622e-01 1.52030186e-01 2.99761316e-01
 1.42006362e-01 1.51614322e-01 2.98810479e-01 1.36886748e-01
 1.51882200e-01 1.33606554e-03 3.60074778e-03 7.26492164e-04
 3.08954966e-01 1.54908407e-01 1.59263079e-01 2.79838670e-01
 1.22943276e-01 1.37110454e-01 3.00356768e-01 1.41194774e-01
 1.52128994e-01 2.99417442e-01 1.41379172e-01 1.52065315e-01
 2.96488868e-01 1.43750766e-01 1.48354468e-01]

 