Iteration 0:
############################
Gradient = 
[ 2.09669015e-06 -4.90567320e-03  3.52533533e-03 -7.96997857e-06
  4.56612260e-03 -1.24634231e-03 -4.70803859e-06 -3.87181016e-03
  3.94510729e-03 -2.99532138e-06  1.74291932e-03  4.69593033e-03
  4.73744724e-06 -3.29971871e-03  1.40436256e-03 -4.38184256e-06
  1.98846823e-03  2.57345522e-03 -5.15932107e-05  1.07661216e-03
 -4.18262075e-03  3.46883312e-03  1.77762400e-03 -4.42523416e-03
  1.20744049e-03 -2.15666887e-04 -4.08206409e-03  1.40028088e-03
 -4.85318734e-03 -3.68452691e-03 -3.09113517e-03  3.84365583e-03
  3.68043312e-04  3.97839521e-03 -1.87234261e-04  2.10452439e-03
  2.20881674e-04 -2.12323042e-04  3.77931209e-03  1.18926951e-05
  7.37780155e-04  1.96869795e-03 -2.77414699e-03 -3.13054747e-03
 -8.97963763e-04  7.91046744e-04  8.44045355e-05 -8.35323041e-04
  5.43971160e-04 -4.03538053e-03  2.35246018e-03 -1.35798577e-03
  1.19795037e-03  4.91599115e-04 -3.19742538e-03 -2.67795750e-03
 -4.12235839e-03 -2.63886274e-03  1.00717066e-03 -2.60686812e-03
 -8.38378315e-03 -5.93793628e-04 -1.43882612e-03 -6.35587617e-03
 -2.80763308e-03 -2.13941417e-03 -3.18051793e-03  7.65164451e-03
  4.73907389e-03  6.40530080e-03  6.97325734e-03  2.87087432e-03
  1.18280823e-03  7.97839823e-03 -2.77341691e-03 -4.76126311e-03
 -4.36399933e-03 -2.15911762e-03  5.53851313e-04 -5.75018623e-03
 -6.33649362e-03 -1.69844573e-02 -8.88875123e-03 -5.49960601e-03
 -1.06067392e-02 -9.69494974e-03 -1.08167466e-02 -1.13207402e-02
  2.02162710e-03 -1.11243359e-03  1.05457048e-03  5.10223455e-04
 -1.79865594e-03  6.10202669e-03  5.76159088e-04  1.54026375e-04
  3.87750562e-03 -3.63010439e-03 -2.33441377e-03  1.08950823e-03
 -7.71826708e-04 -2.09340219e-03  2.92149801e-01  1.43086246e-01
  1.56357714e-01  1.33443660e-01  1.46150078e-01  1.47638732e-01
  1.36067000e-01  3.29762514e-01  1.71208511e-01  1.75140587e-01
  1.53016796e-01  1.63478951e-01  1.56847658e-01  1.58452650e-01
  2.89182219e-01  1.41264397e-01  1.59902306e-01  1.25358179e-01
  1.47734375e-01  1.37067353e-01  1.34068985e-01  3.04302516e-01
  1.48574354e-01  1.66953968e-01  1.32408468e-01  1.51775269e-01
  1.52039297e-01  1.47135246e-01  2.85594372e-01  1.45935992e-01
  1.52149842e-01  1.27742817e-01  1.42265134e-01  1.42538022e-01
  1.29835465e-01]

Gradient approximate =
[-1.16389764e-05 -7.88458587e-05 -4.13491685e-06 -1.20597976e-06
  1.84633886e-05 -7.69216024e-06 -1.43175805e-05 -9.20267973e-05
 -9.52780077e-06 -1.68261405e-06 -8.87605989e-06  2.13347584e-05
 -2.00662376e-06 -3.50564378e-05  3.01510372e-06 -2.73573830e-06
  1.79326554e-06  1.26596400e-05 -1.54688218e-05 -6.85849377e-06
 -2.70689471e-05  7.68584973e-06  2.26030972e-06 -3.60671937e-05
 -1.58326685e-07  1.48009134e-04  3.96797173e-05  9.60712732e-05
  3.79973608e-05  6.82611745e-05  4.59061278e-05  1.10435425e-04
 -2.13238118e-04 -6.75523570e-05 -1.26415938e-04 -8.09569034e-05
 -1.20974131e-04 -9.36456979e-05 -1.01690740e-04 -6.84094648e-05
 -3.78138720e-05 -1.63292202e-05  2.82683199e-01  1.37298386e-01
  1.32742546e-01  1.33783691e-01  1.46644241e-01  1.39986462e-01
  1.40122272e-01  2.67265266e-01  1.30034340e-01  1.25630505e-01
  1.26658120e-01  1.38420690e-01  1.32268695e-01  1.32294480e-01
  2.80096818e-01  1.36297261e-01  1.31882576e-01  1.32986577e-01
  1.44411570e-01  1.38841454e-01  1.38313586e-01  3.20250428e-01
  1.55729271e-01  1.50646955e-01  1.51845199e-01  1.65455802e-01
  1.58644883e-01  1.58313235e-01  2.89536756e-01  1.40682828e-01
  1.35989163e-01  1.37062193e-01  1.49798440e-01  1.43253452e-01
  1.43299647e-01  1.97466379e-04  1.04768385e-04  8.34055514e-05
  6.69910416e-05  1.24968231e-04  1.04353630e-04  1.12229019e-04
  0.00000000e+00  0.00000000e+00  0.00000000e+00  0.00000000e+00
  0.00000000e+00  0.00000000e+00  0.00000000e+00  0.00000000e+00
  0.00000000e+00  0.00000000e+00  0.00000000e+00  0.00000000e+00
  0.00000000e+00  0.00000000e+00  0.00000000e+00  0.00000000e+00
  0.00000000e+00  0.00000000e+00  0.00000000e+00  0.00000000e+00
  0.00000000e+00  0.00000000e+00  0.00000000e+00  0.00000000e+00
  0.00000000e+00  0.00000000e+00  0.00000000e+00  0.00000000e+00
  0.00000000e+00  0.00000000e+00  0.00000000e+00  0.00000000e+00
  0.00000000e+00  0.00000000e+00  0.00000000e+00  0.00000000e+00
  0.00000000e+00  0.00000000e+00  0.00000000e+00  0.00000000e+00
  0.00000000e+00  0.00000000e+00  0.00000000e+00  0.00000000e+00
  0.00000000e+00  0.00000000e+00  0.00000000e+00  0.00000000e+00
  0.00000000e+00  0.00000000e+00  0.00000000e+00  0.00000000e+00
  0.00000000e+00]

Diff = 
[1.37356666e-05 4.82682734e-03 3.52947025e-03 6.76399881e-06
 4.54765921e-03 1.23865015e-03 9.60954186e-06 3.77978337e-03
 3.95463509e-03 1.31270733e-06 1.75179538e-03 4.67459557e-03
 6.74407100e-06 3.26466227e-03 1.40134745e-03 1.64610426e-06
 1.98667497e-03 2.56079558e-03 3.61243889e-05 1.08347066e-03
 4.15555181e-03 3.46114727e-03 1.77536369e-03 4.38916696e-03
 1.20759882e-03 3.63676021e-04 4.12174380e-03 1.30420961e-03
 4.89118470e-03 3.75278808e-03 3.13704129e-03 3.73322041e-03
 5.81281430e-04 4.04594757e-03 6.08183233e-05 2.18548129e-03
 3.41855805e-04 1.18677344e-04 3.88100283e-03 8.03021599e-05
 7.75594027e-04 1.98502717e-03 2.85457346e-01 1.40428933e-01
 1.33640510e-01 1.32992644e-01 1.46559837e-01 1.40821785e-01
 1.39578301e-01 2.71300647e-01 1.27681880e-01 1.26988491e-01
 1.25460170e-01 1.37929091e-01 1.35466120e-01 1.34972437e-01
 2.84219176e-01 1.38936124e-01 1.30875405e-01 1.35593446e-01
 1.52795353e-01 1.39435248e-01 1.39752413e-01 3.26606304e-01
 1.58536904e-01 1.52786370e-01 1.55025717e-01 1.57804158e-01
 1.53905809e-01 1.51907934e-01 2.82563499e-01 1.37811954e-01
 1.34806354e-01 1.29083794e-01 1.52571857e-01 1.48014715e-01
 1.47663646e-01 2.35658400e-03 4.49082928e-04 5.83359178e-03
 6.40348466e-03 1.71094255e-02 8.99310486e-03 5.61183502e-03
 1.06067392e-02 9.69494974e-03 1.08167466e-02 1.13207402e-02
 2.02162710e-03 1.11243359e-03 1.05457048e-03 5.10223455e-04
 1.79865594e-03 6.10202669e-03 5.76159088e-04 1.54026375e-04
 3.87750562e-03 3.63010439e-03 2.33441377e-03 1.08950823e-03
 7.71826708e-04 2.09340219e-03 2.92149801e-01 1.43086246e-01
 1.56357714e-01 1.33443660e-01 1.46150078e-01 1.47638732e-01
 1.36067000e-01 3.29762514e-01 1.71208511e-01 1.75140587e-01
 1.53016796e-01 1.63478951e-01 1.56847658e-01 1.58452650e-01
 2.89182219e-01 1.41264397e-01 1.59902306e-01 1.25358179e-01
 1.47734375e-01 1.37067353e-01 1.34068985e-01 3.04302516e-01
 1.48574354e-01 1.66953968e-01 1.32408468e-01 1.51775269e-01
 1.52039297e-01 1.47135246e-01 2.85594372e-01 1.45935992e-01
 1.52149842e-01 1.27742817e-01 1.42265134e-01 1.42538022e-01
 1.29835465e-01]

 Iteration 100:
############################
Gradient = 
[-1.05229540e-05 -4.72587716e-03  3.32555966e-03 -1.31220465e-06
  4.35552439e-03 -1.18379816e-03 -1.30608126e-05 -3.73546152e-03
  3.72821475e-03 -1.49115824e-06  1.63496970e-03  4.45713391e-03
 -1.59894686e-06 -3.18054552e-03  1.32048054e-03 -3.00427662e-06
  1.90390924e-03  2.45037977e-03 -1.51157374e-05  1.02777881e-03
 -3.94471487e-03  3.30543280e-03  1.71795298e-03 -4.19957793e-03
  1.17511018e-03  1.24084664e-04 -3.75500014e-03  1.52976326e-03
 -4.48094527e-03 -3.31082180e-03 -2.80757206e-03  3.84607595e-03
 -2.07727329e-04  3.55256313e-03 -4.94333366e-04  1.76580655e-03
 -9.34270356e-05 -4.37951768e-04  3.28419364e-03 -5.83236789e-05
  6.56935337e-04  1.84833813e-03 -2.67883307e-03 -3.00735240e-03
 -8.93520013e-04  7.21028134e-04  2.50767136e-04 -7.22528309e-04
  6.03703934e-04 -3.76400542e-03  2.32268438e-03 -1.21928339e-03
  1.22613905e-03  2.14224047e-04 -3.15772189e-03 -2.68757573e-03
 -4.03596645e-03 -2.64197391e-03  8.36803570e-04 -2.61685868e-03
 -4.43123960e-03 -5.19327766e-03 -3.04700610e-03 -1.50934743e-03
  1.71889764e-03 -3.11927596e-03 -1.59402412e-03 -1.94661578e-03
  1.20251900e-03 -2.28230423e-03  8.63845827e-05 -7.51656689e-04
 -4.24488516e-03 -3.71639754e-03  6.69461166e-03  5.80360569e-04
  4.04919051e-03  6.71265922e-04  1.08812760e-04  7.30830538e-03
  5.97066377e-03  2.68441634e-03  2.40860744e-03  3.71131429e-03
  2.13852791e-03  5.16998547e-03  2.26544803e-03  3.99575590e-03
 -3.82552523e-03 -2.61559976e-03 -4.42801206e-03  2.67901036e-03
 -5.19879554e-03 -5.37059936e-03 -4.96463793e-03  5.00144505e-04
  2.11583566e-03 -4.41634524e-03 -5.08579555e-03  4.97074371e-03
 -2.62959361e-04  2.93421691e-03  2.88386450e-01  1.37528538e-01
  1.35083746e-01  1.38319249e-01  1.53216462e-01  1.41906826e-01
  1.42301623e-01  2.71243066e-01  1.34334788e-01  1.26541064e-01
  1.30466424e-01  1.40682262e-01  1.31021934e-01  1.30602622e-01
  2.76847529e-01  1.32121541e-01  1.31262470e-01  1.29313043e-01
  1.40365526e-01  1.40895700e-01  1.39051612e-01  3.18763416e-01
  1.56385223e-01  1.52622323e-01  1.52840245e-01  1.69038178e-01
  1.58634610e-01  1.59541716e-01  2.93722934e-01  1.42405727e-01
  1.35933300e-01  1.44730258e-01  1.48761626e-01  1.42011242e-01
  1.41283371e-01]

Gradient approximate =
[-2.53446597e-06 -3.63643604e-05  1.44761447e-05  7.23706650e-06
  4.44219861e-05 -7.30471239e-07 -1.63121139e-05 -6.64622624e-05
  2.59722688e-06 -9.72726566e-06 -1.45750811e-05  1.74200299e-05
 -1.80917503e-06 -2.18130647e-05  3.63257202e-06  4.03603595e-06
  1.84956805e-05  1.98534700e-05 -1.46959320e-04 -5.81126613e-05
 -1.04460096e-04 -4.56563876e-05 -6.88184176e-05 -8.93238772e-05
 -7.37621431e-05  1.25849153e-04  3.61401797e-05  7.66383046e-05
  3.23884408e-05  4.97954233e-05  4.12482803e-05  9.11779363e-05
  5.92925486e-05  5.10210185e-05  2.71197709e-05  4.02924671e-05
  3.11250581e-05  2.72391043e-05  5.06697839e-05  4.91003842e-04
  2.22053358e-04  2.80886694e-04  2.89535683e-01  1.41191722e-01
  1.36624152e-01  1.31163407e-01  1.46507321e-01  1.37771502e-01
  1.44457115e-01  2.63643942e-01  1.28467158e-01  1.24149791e-01
  1.18853731e-01  1.33642942e-01  1.25089127e-01  1.31802948e-01
  2.48991971e-01  1.21256969e-01  1.17349382e-01  1.12340628e-01
  1.26011489e-01  1.18280547e-01  1.24367544e-01  2.95014220e-01
  1.43668373e-01  1.38866110e-01  1.32868086e-01  1.49442530e-01
  1.40027415e-01  1.47523351e-01  2.67218558e-01  1.30071105e-01
  1.25740402e-01  1.20224432e-01  1.35416950e-01  1.26736110e-01
  1.33686841e-01 -5.16595795e-03 -2.59742393e-03 -2.52938989e-03
 -2.61472291e-03 -2.45403677e-03 -2.66052004e-03 -2.38447773e-03
  0.00000000e+00  0.00000000e+00  0.00000000e+00  0.00000000e+00
  0.00000000e+00  0.00000000e+00  0.00000000e+00  0.00000000e+00
  0.00000000e+00  0.00000000e+00  0.00000000e+00  0.00000000e+00
  0.00000000e+00  0.00000000e+00  0.00000000e+00  0.00000000e+00
  0.00000000e+00  0.00000000e+00  0.00000000e+00  0.00000000e+00
  0.00000000e+00  0.00000000e+00  0.00000000e+00  0.00000000e+00
  0.00000000e+00  0.00000000e+00  0.00000000e+00  0.00000000e+00
  0.00000000e+00  0.00000000e+00  0.00000000e+00  0.00000000e+00
  0.00000000e+00  0.00000000e+00  0.00000000e+00  0.00000000e+00
  0.00000000e+00  0.00000000e+00  0.00000000e+00  0.00000000e+00
  0.00000000e+00  0.00000000e+00  0.00000000e+00  0.00000000e+00
  0.00000000e+00  0.00000000e+00  0.00000000e+00  0.00000000e+00
  0.00000000e+00  0.00000000e+00  0.00000000e+00  0.00000000e+00
  0.00000000e+00]

Diff = 
[7.98848801e-06 4.68951280e-03 3.31108351e-03 8.54927115e-06
 4.31110240e-03 1.18306769e-03 3.25130129e-06 3.66899926e-03
 3.72561752e-03 8.23610742e-06 1.64954478e-03 4.43971388e-03
 2.10228171e-07 3.15873246e-03 1.31684797e-03 7.04031257e-06
 1.88541355e-03 2.43052630e-03 1.31843583e-04 1.08589148e-03
 3.84025477e-03 3.35108919e-03 1.78677140e-03 4.11025405e-03
 1.24887232e-03 1.76448935e-06 3.79114032e-03 1.45312495e-03
 4.51333371e-03 3.36061723e-03 2.84882034e-03 3.75489801e-03
 2.67019878e-04 3.50154211e-03 5.21453137e-04 1.72551408e-03
 1.24552094e-04 4.65190872e-04 3.23352386e-03 5.49327521e-04
 4.34881979e-04 1.56745144e-03 2.92214516e-01 1.44199075e-01
 1.37517672e-01 1.30442379e-01 1.46256554e-01 1.38494031e-01
 1.43853411e-01 2.67407947e-01 1.26144474e-01 1.25369075e-01
 1.17627592e-01 1.33428718e-01 1.28246849e-01 1.34490523e-01
 2.53027937e-01 1.23898943e-01 1.16512578e-01 1.14957487e-01
 1.30442729e-01 1.23473824e-01 1.27414550e-01 2.96523568e-01
 1.41949475e-01 1.41985386e-01 1.34462110e-01 1.51389146e-01
 1.38824896e-01 1.49805655e-01 2.67132174e-01 1.30822762e-01
 1.29985287e-01 1.23940829e-01 1.28722338e-01 1.26155750e-01
 1.29637650e-01 5.83722387e-03 2.70623669e-03 9.83769526e-03
 8.58538668e-03 5.13845310e-03 5.06912748e-03 6.09579202e-03
 2.13852791e-03 5.16998547e-03 2.26544803e-03 3.99575590e-03
 3.82552523e-03 2.61559976e-03 4.42801206e-03 2.67901036e-03
 5.19879554e-03 5.37059936e-03 4.96463793e-03 5.00144505e-04
 2.11583566e-03 4.41634524e-03 5.08579555e-03 4.97074371e-03
 2.62959361e-04 2.93421691e-03 2.88386450e-01 1.37528538e-01
 1.35083746e-01 1.38319249e-01 1.53216462e-01 1.41906826e-01
 1.42301623e-01 2.71243066e-01 1.34334788e-01 1.26541064e-01
 1.30466424e-01 1.40682262e-01 1.31021934e-01 1.30602622e-01
 2.76847529e-01 1.32121541e-01 1.31262470e-01 1.29313043e-01
 1.40365526e-01 1.40895700e-01 1.39051612e-01 3.18763416e-01
 1.56385223e-01 1.52622323e-01 1.52840245e-01 1.69038178e-01
 1.58634610e-01 1.59541716e-01 2.93722934e-01 1.42405727e-01
 1.35933300e-01 1.44730258e-01 1.48761626e-01 1.42011242e-01
 1.41283371e-01]

 Iteration 200:
############################
Gradient = 
[-9.52416252e-06 -4.48892870e-03  3.16297014e-03 -1.40234473e-06
  4.14045075e-03 -1.12541362e-03 -1.19167896e-05 -3.54683040e-03
  3.54579794e-03 -1.25313421e-06  1.55483388e-03  4.23721486e-03
 -1.25705574e-06 -3.02189400e-03  1.25567014e-03 -3.19383297e-06
  1.80909950e-03  2.32934219e-03 -1.47003406e-05  9.77531047e-04
 -3.74999004e-03  3.14267292e-03  1.63329829e-03 -3.99182232e-03
  1.11722233e-03  1.01987634e-04 -3.57851232e-03  1.44159240e-03
 -4.26890094e-03 -3.15961021e-03 -2.67811663e-03  3.64378917e-03
 -2.02373806e-04  3.37894974e-03 -4.66323090e-04  1.68068276e-03
 -8.50902861e-05 -4.14450408e-04  3.12559669e-03 -5.16394408e-05
  6.27266594e-04  1.76093006e-03 -2.54364560e-03 -2.85487394e-03
 -8.46624320e-04  6.89338122e-04  2.44749247e-04 -6.88383104e-04
  5.69457799e-04 -3.58004615e-03  2.20382475e-03 -1.16088149e-03
  1.16151306e-03  2.14668496e-04 -3.00092621e-03 -2.55541052e-03
 -3.83602513e-03 -2.51197971e-03  7.96217849e-04 -2.48799280e-03
 -4.32152745e-03 -4.99080939e-03 -2.95171171e-03 -1.48568959e-03
  1.75668705e-03 -3.02619937e-03 -1.58046730e-03 -1.30749085e-03
  1.40735157e-03 -1.90812566e-03  3.52988989e-04 -4.61178104e-04
 -3.75911894e-03 -3.28990956e-03  7.09123485e-03  9.10176089e-04
  4.20836095e-03  9.96890337e-04  5.20244272e-04  7.76954068e-03
  6.31898985e-03  2.58606900e-03  2.27229978e-03  3.81812271e-03
  2.16714446e-03  5.20638199e-03  2.14686920e-03  4.06097109e-03
 -3.32500822e-03 -2.33518199e-03 -3.98115956e-03  3.11429672e-03
 -5.31262417e-03 -5.14969466e-03 -4.94760303e-03  7.57308363e-04
  2.22876886e-03 -4.67118770e-03 -5.26619773e-03  4.95858887e-03
 -2.49321864e-04  2.86389345e-03  2.89403693e-01  1.38471512e-01
  1.35977544e-01  1.39657934e-01  1.54031410e-01  1.42306103e-01
  1.41911375e-01  2.72620374e-01  1.35172614e-01  1.27598229e-01
  1.31901131e-01  1.41668358e-01  1.31726237e-01  1.30601636e-01
  2.79795787e-01  1.33977017e-01  1.32967416e-01  1.31708990e-01
  1.42405337e-01  1.42475373e-01  1.39820856e-01  3.19792562e-01
  1.57128532e-01  1.53672181e-01  1.54393924e-01  1.69985675e-01
  1.58922995e-01  1.59201997e-01  2.93232190e-01  1.42500099e-01
  1.36277216e-01  1.45575650e-01  1.48463666e-01  1.41585947e-01
  1.39960967e-01]

Gradient approximate =
[-1.98472794e-06 -3.28020766e-05  1.43888812e-05  6.42526254e-06
  4.09230783e-05 -1.22142296e-06 -1.39632239e-05 -5.84500714e-05
  4.36752634e-06 -8.18253243e-06 -1.07251852e-05  1.75949100e-05
 -1.34603662e-06 -1.99104355e-05  3.83967524e-06  3.30089511e-06
  1.63618252e-05  1.82717819e-05 -1.39689140e-04 -5.57341817e-05
 -9.87276949e-05 -4.37283165e-05 -6.49227005e-05 -8.52943760e-05
 -6.96964797e-05  1.02374504e-04  2.70670042e-05  6.28483554e-05
  2.33044539e-05  3.76021125e-05  3.17497983e-05  7.68376407e-05
  4.98154162e-05  4.54754168e-05  2.23127139e-05  3.52725915e-05
  2.60931921e-05  2.28848163e-05  4.46322601e-05  4.49339368e-04
  2.04237693e-04  2.56431696e-04  2.90682125e-01  1.42039204e-01
  1.37529692e-01  1.32338696e-01  1.47097157e-01  1.38643897e-01
  1.45754529e-01  2.65248929e-01  1.29526227e-01  1.25253867e-01
  1.20224883e-01  1.34445315e-01  1.26162702e-01  1.33261590e-01
  2.51311364e-01  1.22647770e-01  1.18761803e-01  1.13982777e-01
  1.27199705e-01  1.19670837e-01  1.26160338e-01  2.95836493e-01
  1.44389545e-01  1.39651046e-01  1.33983448e-01  1.49856407e-01
  1.40777085e-01  1.48663454e-01  2.68581260e-01  1.31025454e-01
  1.26738260e-01  1.21510971e-01  1.36109614e-01  1.27703694e-01
  1.35037587e-01 -4.96260993e-03 -2.49563544e-03 -2.43070965e-03
 -2.50650342e-03 -2.35904189e-03 -2.55536845e-03 -2.29751805e-03
  0.00000000e+00  0.00000000e+00  0.00000000e+00  0.00000000e+00
  0.00000000e+00  0.00000000e+00  0.00000000e+00  0.00000000e+00
  0.00000000e+00  0.00000000e+00  0.00000000e+00  0.00000000e+00
  0.00000000e+00  0.00000000e+00  0.00000000e+00  0.00000000e+00
  0.00000000e+00  0.00000000e+00  0.00000000e+00  0.00000000e+00
  0.00000000e+00  0.00000000e+00  0.00000000e+00  0.00000000e+00
  0.00000000e+00  0.00000000e+00  0.00000000e+00  0.00000000e+00
  0.00000000e+00  0.00000000e+00  0.00000000e+00  0.00000000e+00
  0.00000000e+00  0.00000000e+00  0.00000000e+00  0.00000000e+00
  0.00000000e+00  0.00000000e+00  0.00000000e+00  0.00000000e+00
  0.00000000e+00  0.00000000e+00  0.00000000e+00  0.00000000e+00
  0.00000000e+00  0.00000000e+00  0.00000000e+00  0.00000000e+00
  0.00000000e+00  0.00000000e+00  0.00000000e+00  0.00000000e+00
  0.00000000e+00]

Diff = 
[7.53943459e-06 4.45612662e-03 3.14858126e-03 7.82760728e-06
 4.09952767e-03 1.12419220e-03 2.04643431e-06 3.48838032e-03
 3.54143042e-03 6.92939822e-06 1.56555907e-03 4.21961995e-03
 8.89808780e-08 3.00198356e-03 1.25183047e-03 6.49472808e-06
 1.79273767e-03 2.31107040e-03 1.24988800e-04 1.03326523e-03
 3.65126235e-03 3.18640124e-03 1.69822099e-03 3.90652794e-03
 1.18691881e-03 3.86869972e-07 3.60557933e-03 1.37874405e-03
 4.29220540e-03 3.19721232e-03 2.70986642e-03 3.56695152e-03
 2.52189223e-04 3.33347433e-03 4.88635804e-04 1.64541017e-03
 1.11183478e-04 4.37335224e-04 3.08096443e-03 5.00978809e-04
 4.23028901e-04 1.50449837e-03 2.93225771e-01 1.44894078e-01
 1.38376316e-01 1.31649357e-01 1.46852408e-01 1.39332281e-01
 1.45185072e-01 2.68828975e-01 1.27322402e-01 1.26414748e-01
 1.19063370e-01 1.34230647e-01 1.29163628e-01 1.35817001e-01
 2.55147389e-01 1.25159749e-01 1.17965585e-01 1.16470770e-01
 1.31521232e-01 1.24661646e-01 1.29112049e-01 2.97322183e-01
 1.42632858e-01 1.42677246e-01 1.35563916e-01 1.51163898e-01
 1.39369733e-01 1.50571580e-01 2.68228271e-01 1.31486632e-01
 1.30497379e-01 1.24800880e-01 1.29018379e-01 1.26793518e-01
 1.30829226e-01 5.95950027e-03 3.01587972e-03 1.02002503e-02
 8.82549327e-03 4.94511088e-03 4.82766823e-03 6.11564075e-03
 2.16714446e-03 5.20638199e-03 2.14686920e-03 4.06097109e-03
 3.32500822e-03 2.33518199e-03 3.98115956e-03 3.11429672e-03
 5.31262417e-03 5.14969466e-03 4.94760303e-03 7.57308363e-04
 2.22876886e-03 4.67118770e-03 5.26619773e-03 4.95858887e-03
 2.49321864e-04 2.86389345e-03 2.89403693e-01 1.38471512e-01
 1.35977544e-01 1.39657934e-01 1.54031410e-01 1.42306103e-01
 1.41911375e-01 2.72620374e-01 1.35172614e-01 1.27598229e-01
 1.31901131e-01 1.41668358e-01 1.31726237e-01 1.30601636e-01
 2.79795787e-01 1.33977017e-01 1.32967416e-01 1.31708990e-01
 1.42405337e-01 1.42475373e-01 1.39820856e-01 3.19792562e-01
 1.57128532e-01 1.53672181e-01 1.54393924e-01 1.69985675e-01
 1.58922995e-01 1.59201997e-01 2.93232190e-01 1.42500099e-01
 1.36277216e-01 1.45575650e-01 1.48463666e-01 1.41585947e-01
 1.39960967e-01]

 Iteration 300:
############################
Gradient = 
[-8.62222056e-06 -4.26398712e-03  3.00825803e-03 -1.47567762e-06
  3.93604447e-03 -1.06991248e-03 -1.08629742e-05 -3.36769862e-03
  3.37224763e-03 -9.79580308e-07  1.47891116e-03  4.02819404e-03
 -9.68504004e-07 -2.87121597e-03  1.19396502e-03 -3.31918593e-06
  1.71916276e-03  2.21436740e-03 -1.42477454e-05  9.29812037e-04
 -3.56488206e-03  2.98799449e-03  1.55285472e-03 -3.79429170e-03
  1.06221516e-03  8.13793021e-05 -3.41020435e-03  1.35871291e-03
 -4.06674394e-03 -3.01493446e-03 -2.55449414e-03  3.45240605e-03
 -1.97195147e-04  3.21391248e-03 -4.39879187e-04  1.59973987e-03
 -7.73334208e-05 -3.92124581e-04  2.97467173e-03 -4.79846294e-05
  5.97940091e-04  1.67601545e-03 -2.41631573e-03 -2.71162934e-03
 -8.03236024e-04  6.57483389e-04  2.40933265e-04 -6.55053704e-04
  5.38184513e-04 -3.40426458e-03  2.09208340e-03 -1.10446586e-03
  1.10133331e-03  2.13881177e-04 -2.85235479e-03 -2.43047419e-03
 -3.64644889e-03 -2.38903967e-03  7.57125919e-04 -2.36614961e-03
 -4.24203814e-03 -4.81086029e-03 -2.87347498e-03 -1.47610746e-03
  1.78057891e-03 -2.95054172e-03 -1.57858499e-03 -7.11839535e-04
  1.59648781e-03 -1.55741737e-03  5.99595451e-04 -1.90783620e-04
 -3.30367720e-03 -2.88792851e-03  7.45008996e-03  1.21475108e-03
  4.35143078e-03  1.29659982e-03  9.09168593e-04  8.20170800e-03
  6.64594760e-03  2.41612686e-03  2.09856402e-03  3.88519680e-03
  2.15922849e-03  5.17753576e-03  1.98156354e-03  4.07376736e-03
 -2.87756872e-03 -2.09531138e-03 -3.58361507e-03  3.50072988e-03
 -5.47028112e-03 -4.97237770e-03 -4.96102210e-03  9.71032156e-04
  2.29981332e-03 -4.96978319e-03 -5.48612740e-03  4.93284074e-03
 -2.50271167e-04  2.76966268e-03  2.90368969e-01  1.39368337e-01
  1.36829354e-01  1.40944860e-01  1.54775461e-01  1.42585228e-01
  1.41431812e-01  2.73933027e-01  1.35973061e-01  1.28608847e-01
  1.33283635e-01  1.42580081e-01  1.32303168e-01  1.30498193e-01
  2.82619856e-01  1.35756558e-01  1.34606055e-01  1.34023084e-01
  1.44336893e-01  1.43892138e-01  1.40449694e-01  3.20647058e-01
  1.57770074e-01  1.54618094e-01  1.55831055e-01  1.70762137e-01
  1.59012863e-01  1.58687110e-01  2.92451849e-01  1.42422150e-01
  1.36441339e-01  1.46222301e-01  1.47948400e-01  1.40909945e-01
  1.38432857e-01]

Gradient approximate =
[-1.52355684e-06 -2.96683900e-05  1.42199141e-05  5.70622882e-06
  3.77437637e-05 -1.62407643e-06 -1.19382282e-05 -5.14694198e-05
  5.79764903e-06 -6.86208868e-06 -7.50756568e-06  1.76175519e-05
 -9.67783631e-07 -1.82523441e-05  3.97577082e-06  2.67921463e-06
  1.45121004e-05  1.68501613e-05 -1.32580196e-04 -5.33380407e-05
 -9.32239441e-05 -4.17757984e-05 -6.11652351e-05 -8.13369683e-05
 -6.57665655e-05  8.13660161e-05  1.89028060e-05  5.06003994e-05
  1.51732449e-05  2.68312772e-05  2.32162134e-05  6.40230513e-05
  4.11365630e-05  4.03489731e-05  1.79306814e-05  3.06509307e-05
  2.15030682e-05  1.88906935e-05  3.90840627e-05  4.11526935e-04
  1.87947047e-04  2.34342383e-04  2.91773086e-01  1.42847612e-01
  1.38394702e-01  1.33461590e-01  1.47659126e-01  1.39475168e-01
  1.47003442e-01  2.66779586e-01  1.30537701e-01  1.26309864e-01
  1.21536048e-01  1.35212106e-01  1.27188072e-01  1.34667579e-01
  2.53526444e-01  1.23979103e-01  1.20115657e-01  1.15558439e-01
  1.28334968e-01  1.21001630e-01  1.27889001e-01  2.96620592e-01
  1.45076364e-01  1.40400222e-01  1.35045060e-01  1.50251915e-01
  1.41490775e-01  1.49761696e-01  2.69887745e-01  1.31939665e-01
  1.27695786e-01  1.22743216e-01  1.36774413e-01  1.28630758e-01
  1.36342429e-01 -4.76697207e-03 -2.39757461e-03 -2.33562011e-03
 -2.40268622e-03 -2.26750275e-03 -2.45434401e-03 -2.21310216e-03
  0.00000000e+00  0.00000000e+00  0.00000000e+00  0.00000000e+00
  0.00000000e+00  0.00000000e+00  0.00000000e+00  0.00000000e+00
  0.00000000e+00  0.00000000e+00  0.00000000e+00  0.00000000e+00
  0.00000000e+00  0.00000000e+00  0.00000000e+00  0.00000000e+00
  0.00000000e+00  0.00000000e+00  0.00000000e+00  0.00000000e+00
  0.00000000e+00  0.00000000e+00  0.00000000e+00  0.00000000e+00
  0.00000000e+00  0.00000000e+00  0.00000000e+00  0.00000000e+00
  0.00000000e+00  0.00000000e+00  0.00000000e+00  0.00000000e+00
  0.00000000e+00  0.00000000e+00  0.00000000e+00  0.00000000e+00
  0.00000000e+00  0.00000000e+00  0.00000000e+00  0.00000000e+00
  0.00000000e+00  0.00000000e+00  0.00000000e+00  0.00000000e+00
  0.00000000e+00  0.00000000e+00  0.00000000e+00  0.00000000e+00
  0.00000000e+00  0.00000000e+00  0.00000000e+00  0.00000000e+00
  0.00000000e+00]

Diff = 
[7.09866373e-06 4.23431873e-03 2.99403812e-03 7.18190644e-06
 3.89830071e-03 1.06828841e-03 1.07525402e-06 3.31622920e-03
 3.36644998e-03 5.88250837e-06 1.48641873e-03 4.01057648e-03
 7.20372748e-10 2.85296363e-03 1.18998925e-03 5.99840055e-06
 1.70465066e-03 2.19751724e-03 1.18332450e-04 9.83150077e-04
 3.47165812e-03 3.02977029e-03 1.61401996e-03 3.71295473e-03
 1.12798173e-03 1.32859971e-08 3.42910715e-03 1.30811251e-03
 4.08191718e-03 3.04176574e-03 2.57771035e-03 3.38838300e-03
 2.38331710e-04 3.17356351e-03 4.57809869e-04 1.56908894e-03
 9.88364890e-05 4.11015275e-04 2.93558767e-03 4.59511564e-04
 4.09993044e-04 1.44167307e-03 2.94189401e-01 1.45559241e-01
 1.39197938e-01 1.32804107e-01 1.47418193e-01 1.40130222e-01
 1.46465258e-01 2.70183851e-01 1.28445618e-01 1.27414329e-01
 1.20434715e-01 1.34998225e-01 1.30040427e-01 1.37098053e-01
 2.57172893e-01 1.26368143e-01 1.19358531e-01 1.17924588e-01
 1.32577007e-01 1.25812490e-01 1.30762476e-01 2.98096699e-01
 1.43295785e-01 1.43350764e-01 1.36623645e-01 1.50963754e-01
 1.39894288e-01 1.51319113e-01 2.69288150e-01 1.32130449e-01
 1.30999463e-01 1.25631145e-01 1.29324323e-01 1.27416007e-01
 1.31990998e-01 6.06357189e-03 3.30674320e-03 1.05373281e-02
 9.04863382e-03 4.68362961e-03 4.55290803e-03 6.09829896e-03
 2.15922849e-03 5.17753576e-03 1.98156354e-03 4.07376736e-03
 2.87756872e-03 2.09531138e-03 3.58361507e-03 3.50072988e-03
 5.47028112e-03 4.97237770e-03 4.96102210e-03 9.71032156e-04
 2.29981332e-03 4.96978319e-03 5.48612740e-03 4.93284074e-03
 2.50271167e-04 2.76966268e-03 2.90368969e-01 1.39368337e-01
 1.36829354e-01 1.40944860e-01 1.54775461e-01 1.42585228e-01
 1.41431812e-01 2.73933027e-01 1.35973061e-01 1.28608847e-01
 1.33283635e-01 1.42580081e-01 1.32303168e-01 1.30498193e-01
 2.82619856e-01 1.35756558e-01 1.34606055e-01 1.34023084e-01
 1.44336893e-01 1.43892138e-01 1.40449694e-01 3.20647058e-01
 1.57770074e-01 1.54618094e-01 1.55831055e-01 1.70762137e-01
 1.59012863e-01 1.58687110e-01 2.92451849e-01 1.42422150e-01
 1.36441339e-01 1.46222301e-01 1.47948400e-01 1.40909945e-01
 1.38432857e-01]

 Iteration 400:
############################
Gradient = 
[-7.80583013e-06 -4.05042597e-03  2.86105109e-03 -1.53326885e-06
  3.74177434e-03 -1.01715186e-03 -9.89060415e-06 -3.19759737e-03
  3.20714079e-03 -6.81458816e-07  1.40693419e-03  3.82952047e-03
 -7.21600502e-07 -2.72809466e-03  1.13522872e-03 -3.39846462e-06
  1.63380949e-03  2.10513389e-03 -1.38353823e-05  8.84454991e-04
 -3.38895062e-03  2.84095760e-03  1.47637432e-03 -3.60652038e-03
  1.00990693e-03  6.18746852e-05 -3.24982377e-03  1.28063786e-03
 -3.87414452e-03 -2.87669395e-03 -2.43657243e-03  3.27116619e-03
 -1.92378971e-04  3.05693555e-03 -4.15013744e-04  1.52268150e-03
 -7.02182225e-05 -3.71006657e-04  2.83094704e-03 -4.69323124e-05
  5.69069997e-04  1.59375658e-03 -2.29630889e-03 -2.57690315e-03
 -7.63034038e-04  6.25733630e-04  2.39068272e-04 -6.22595659e-04
  5.09585803e-04 -3.23635889e-03  1.98695744e-03 -1.05003708e-03
  1.04523058e-03  2.11964590e-04 -2.71157968e-03 -2.31233231e-03
 -3.46669852e-03 -2.27274075e-03  7.19483198e-04 -2.25091627e-03
 -4.18996409e-03 -4.65159599e-03 -2.81079323e-03 -1.47909087e-03
  1.79175271e-03 -2.89078247e-03 -1.58740032e-03 -1.56885454e-04
  1.77093042e-03 -1.22881368e-03  8.27562479e-04  6.08238227e-05
 -2.87667722e-03 -2.50917789e-03  7.77352823e-03  1.49558668e-03
  4.47937449e-03  1.57205038e-03  1.27811769e-03  8.60710872e-03
  6.95322650e-03  2.18316417e-03  1.89233010e-03  3.91747992e-03
  2.11983505e-03  5.08958588e-03  1.77472478e-03  4.03903512e-03
 -2.47890102e-03 -1.89289181e-03 -3.23188318e-03  3.84187638e-03
 -5.66795697e-03 -4.83514481e-03 -5.00247840e-03  1.14561348e-03
  2.33216179e-03 -5.30867891e-03 -5.74224942e-03  4.89889532e-03
 -2.61797286e-04  2.65516827e-03  2.91285170e-01  1.40221448e-01
  1.37641090e-01  1.42184010e-01  1.55454516e-01  1.42751710e-01
  1.40873527e-01  2.75182839e-01  1.36737091e-01  1.29574078e-01
  1.34616754e-01  1.43422451e-01  1.32759354e-01  1.30302255e-01
  2.85330000e-01  1.37465579e-01  1.36182916e-01  1.36261860e-01
  1.46170311e-01  1.45156407e-01  1.40952603e-01  3.21346570e-01
  1.58320470e-01  1.55470268e-01  1.57163635e-01  1.71384704e-01
  1.58921802e-01  1.58019245e-01  2.91404149e-01  1.42183906e-01
  1.36437494e-01  1.46683318e-01  1.47233948e-01  1.40003640e-01
  1.36723265e-01]

Gradient approximate =
[-1.13810517e-06 -2.69076406e-05  1.39846246e-05  5.06973130e-06
  3.48535312e-05 -1.94999350e-06 -1.01933129e-05 -4.53855264e-05
  6.93747282e-06 -5.73487480e-06 -4.83154183e-06  1.75144832e-05
 -6.60629329e-07 -1.68020331e-05  4.05356193e-06  2.15478080e-06
  1.29078326e-05  1.55698565e-05 -1.25659416e-04 -5.09432652e-05
 -8.79534068e-05 -3.98175093e-05 -5.75536840e-05 -7.74663045e-05
 -6.19813023e-05  6.25882923e-05  1.15731424e-05  3.97324951e-05
  7.91155363e-06  1.73327619e-05  1.55649427e-05  5.25800425e-05
  3.31920669e-05  3.56103191e-05  1.39382106e-05  2.63964228e-05
  1.73176895e-05  1.52284763e-05  3.39863182e-05  3.77215039e-04
  1.73059114e-04  2.14386353e-04  2.92811200e-01  1.43618657e-01
  1.39220733e-01  1.34534300e-01  1.48194337e-01  1.40267206e-01
  1.48208808e-01  2.68238733e-01  1.31503351e-01  1.27319320e-01
  1.22789453e-01  1.35944348e-01  1.28167057e-01  1.36025333e-01
  2.55642055e-01  1.25253407e-01  1.21413057e-01  1.17069995e-01
  1.29419561e-01  1.22275371e-01  1.29558473e-01  2.97367568e-01
  1.45730170e-01  1.41114793e-01  1.36055338e-01  1.50629303e-01
  1.42169956e-01  1.50822629e-01  2.71139945e-01  1.32815228e-01
  1.28614184e-01  1.23923253e-01  1.37412075e-01  1.29518787e-01
  1.37605689e-01 -4.57886365e-03 -2.30316048e-03 -2.24403421e-03
 -2.30313467e-03 -2.17935498e-03 -2.35732259e-03 -2.13124889e-03
  0.00000000e+00  0.00000000e+00  0.00000000e+00  0.00000000e+00
  0.00000000e+00  0.00000000e+00  0.00000000e+00  0.00000000e+00
  0.00000000e+00  0.00000000e+00  0.00000000e+00  0.00000000e+00
  0.00000000e+00  0.00000000e+00  0.00000000e+00  0.00000000e+00
  0.00000000e+00  0.00000000e+00  0.00000000e+00  0.00000000e+00
  0.00000000e+00  0.00000000e+00  0.00000000e+00  0.00000000e+00
  0.00000000e+00  0.00000000e+00  0.00000000e+00  0.00000000e+00
  0.00000000e+00  0.00000000e+00  0.00000000e+00  0.00000000e+00
  0.00000000e+00  0.00000000e+00  0.00000000e+00  0.00000000e+00
  0.00000000e+00  0.00000000e+00  0.00000000e+00  0.00000000e+00
  0.00000000e+00  0.00000000e+00  0.00000000e+00  0.00000000e+00
  0.00000000e+00  0.00000000e+00  0.00000000e+00  0.00000000e+00
  0.00000000e+00  0.00000000e+00  0.00000000e+00  0.00000000e+00
  0.00000000e+00]

Diff = 
[6.66772497e-06 4.02351832e-03 2.84706647e-03 6.60300015e-06
 3.70692081e-03 1.01520186e-03 3.02708707e-07 3.15221184e-03
 3.20020332e-03 5.05341598e-06 1.41176573e-03 3.81200599e-03
 6.09711730e-08 2.71129263e-03 1.13117516e-03 5.55324542e-06
 1.62090166e-03 2.08956403e-03 1.11824034e-04 9.35398256e-04
 3.30099721e-03 2.88077511e-03 1.53392800e-03 3.52905408e-03
 1.07188823e-03 7.13607112e-07 3.26139692e-03 1.24090536e-03
 3.88205607e-03 2.89402672e-03 2.45213737e-03 3.21858615e-03
 2.25571038e-04 3.02132523e-03 4.28951955e-04 1.49628508e-03
 8.75359120e-05 3.86235133e-04 2.79696072e-03 4.24147352e-04
 3.96010884e-04 1.37937022e-03 2.95107509e-01 1.46195561e-01
 1.39983767e-01 1.33908566e-01 1.47955269e-01 1.40889802e-01
 1.47699222e-01 2.71475092e-01 1.29516394e-01 1.28369357e-01
 1.21744223e-01 1.35732383e-01 1.30878637e-01 1.38337665e-01
 2.59108753e-01 1.27526147e-01 1.20693574e-01 1.19320911e-01
 1.33609525e-01 1.26926967e-01 1.32369267e-01 2.98846659e-01
 1.43938418e-01 1.44005576e-01 1.37642738e-01 1.50786188e-01
 1.40399026e-01 1.52051442e-01 2.70312382e-01 1.32754405e-01
 1.31490861e-01 1.26432430e-01 1.29638547e-01 1.28023200e-01
 1.33126315e-01 6.15091403e-03 3.58127817e-03 1.08511429e-02
 9.25636116e-03 4.36251915e-03 4.24965269e-03 6.04872881e-03
 2.11983505e-03 5.08958588e-03 1.77472478e-03 4.03903512e-03
 2.47890102e-03 1.89289181e-03 3.23188318e-03 3.84187638e-03
 5.66795697e-03 4.83514481e-03 5.00247840e-03 1.14561348e-03
 2.33216179e-03 5.30867891e-03 5.74224942e-03 4.89889532e-03
 2.61797286e-04 2.65516827e-03 2.91285170e-01 1.40221448e-01
 1.37641090e-01 1.42184010e-01 1.55454516e-01 1.42751710e-01
 1.40873527e-01 2.75182839e-01 1.36737091e-01 1.29574078e-01
 1.34616754e-01 1.43422451e-01 1.32759354e-01 1.30302255e-01
 2.85330000e-01 1.37465579e-01 1.36182916e-01 1.36261860e-01
 1.46170311e-01 1.45156407e-01 1.40952603e-01 3.21346570e-01
 1.58320470e-01 1.55470268e-01 1.57163635e-01 1.71384704e-01
 1.58921802e-01 1.58019245e-01 2.91404149e-01 1.42183906e-01
 1.36437494e-01 1.46683318e-01 1.47233948e-01 1.40003640e-01
 1.36723265e-01]

 Iteration 500:
############################
Gradient = 
[-7.06597290e-06 -3.84765689e-03  2.72099271e-03 -1.57650659e-06
  3.55713440e-03 -9.66996300e-04 -8.99491482e-06 -3.03609002e-03
  3.05007097e-03 -3.69845296e-07  1.33865087e-03  3.64067105e-03
 -5.08514666e-07 -2.59214407e-03  1.07932750e-03 -3.44491310e-06
  1.55277852e-03  2.00134106e-03 -1.34964658e-05  8.41320713e-04
 -3.22175350e-03  2.70116360e-03  1.40364471e-03 -3.42804619e-03
  9.60148536e-04  4.31781474e-05 -3.09709693e-03  1.20695783e-03
 -3.69075374e-03 -2.74474176e-03 -2.32419053e-03  3.09939831e-03
 -1.88056496e-04  2.90755245e-03 -3.91707237e-04  1.44925007e-03
 -6.37734380e-05 -3.51103125e-04  2.69400466e-03 -4.79997409e-05
  5.40798372e-04  1.51432760e-03 -2.18308585e-03 -2.44999371e-03
 -7.25681546e-04  5.94368168e-04  2.38967203e-04 -5.91036609e-04
  4.83415548e-04 -3.07601584e-03  1.88800578e-03 -9.97569839e-04
  9.92890790e-04  2.09076133e-04 -2.57816717e-03 -2.20054570e-03
 -3.29623515e-03 -2.16266385e-03  6.83273727e-04 -2.14187311e-03
 -4.16258410e-03 -4.51125761e-03 -2.76221625e-03 -1.49320232e-03
  1.79136640e-03 -2.84544976e-03 -1.60592814e-03  3.60184283e-04
  1.93172993e-03 -9.20923963e-04  1.03826444e-03  2.94964883e-04
 -2.47625083e-03 -2.15233516e-03  8.06397689e-03  1.75420497e-03
  4.59321837e-03  1.82489975e-03  1.62952655e-03  8.98798899e-03
  7.24251417e-03  1.89541071e-03  1.65830645e-03  3.91969663e-03
  2.05375911e-03  4.94837964e-03  1.53131132e-03  3.96151259e-03
 -2.12478012e-03 -1.72492682e-03 -2.92259091e-03  4.14117058e-03
 -5.90198700e-03 -4.73462140e-03 -5.06958265e-03  1.28523209e-03
  2.32882891e-03 -5.68458378e-03 -6.03139458e-03  4.86167653e-03
 -2.80202572e-04  2.52380295e-03  2.92154963e-01  1.41033101e-01
  1.38414560e-01  1.43379105e-01  1.56074096e-01  1.42812678e-01
  1.40246195e-01  2.76371739e-01  1.37465722e-01  1.30495163e-01
  1.35903267e-01  1.44200315e-01  1.33101274e-01  1.30023118e-01
  2.87935914e-01  1.39109223e-01  1.37702351e-01  1.38431630e-01
  1.47915202e-01  1.46278219e-01  1.41343103e-01  3.21909547e-01
  1.58789738e-01  1.56238386e-01  1.58403110e-01  1.71869546e-01
  1.58666542e-01  1.57218885e-01  2.90110124e-01  1.41796817e-01
  1.36277014e-01  1.46971297e-01  1.46337530e-01  1.38886642e-01
  1.34854703e-01]

Gradient approximate =
[-8.17106383e-07 -2.44714893e-05  1.36962819e-05  4.50632864e-06
  3.22243210e-05 -2.20966800e-06 -8.69056382e-06 -4.00809030e-05
  7.83035858e-06 -4.77387907e-06 -2.61861866e-06  1.73083792e-05
 -4.12696544e-07 -1.55282698e-05  4.08376000e-06  1.71357595e-06
  1.15152909e-05  1.44144474e-05 -1.18948182e-04 -4.85664442e-05
 -8.29178992e-05 -3.78691012e-05 -5.40931211e-05 -7.36944483e-05
 -5.83472515e-05  4.58272353e-05  5.00851360e-06  3.00991698e-05
  1.44201318e-06  8.97149910e-06  8.71917205e-06  4.23698920e-05
  2.59227106e-05  3.12305071e-05  1.03027697e-05  2.24806351e-05
  1.35029032e-05  1.18718479e-05  2.93029867e-05  3.46082327e-04
  1.59459734e-04  1.96353587e-04  2.93798923e-01  1.44353943e-01
  1.40009270e-01  1.35558930e-01  1.48703829e-01  1.41021795e-01
  1.49375220e-01  2.69629154e-01  1.32424906e-01  1.28283782e-01
  1.23987288e-01  1.36643097e-01  1.29101445e-01  1.37339049e-01
  2.57662814e-01  1.26473026e-01  1.22656074e-01  1.18519788e-01
  1.30455664e-01  1.23494426e-01  1.31173462e-01  2.98078462e-01
  1.46352229e-01  1.41795888e-01  1.37016578e-01  1.50988846e-01
  1.42816028e-01  1.51850455e-01  2.72339774e-01  1.33653586e-01
  1.29494670e-01  1.25053114e-01  1.38023352e-01  1.30369240e-01
  1.38831433e-01 -4.39809259e-03 -2.21230547e-03 -2.15586222e-03
 -2.20771001e-03 -2.09452531e-03 -2.26417905e-03 -2.05196234e-03
  0.00000000e+00  0.00000000e+00  0.00000000e+00  0.00000000e+00
  0.00000000e+00  0.00000000e+00  0.00000000e+00  0.00000000e+00
  0.00000000e+00  0.00000000e+00  0.00000000e+00  0.00000000e+00
  0.00000000e+00  0.00000000e+00  0.00000000e+00  0.00000000e+00
  0.00000000e+00  0.00000000e+00  0.00000000e+00  0.00000000e+00
  0.00000000e+00  0.00000000e+00  0.00000000e+00  0.00000000e+00
  0.00000000e+00  0.00000000e+00  0.00000000e+00  0.00000000e+00
  0.00000000e+00  0.00000000e+00  0.00000000e+00  0.00000000e+00
  0.00000000e+00  0.00000000e+00  0.00000000e+00  0.00000000e+00
  0.00000000e+00  0.00000000e+00  0.00000000e+00  0.00000000e+00
  0.00000000e+00  0.00000000e+00  0.00000000e+00  0.00000000e+00
  0.00000000e+00  0.00000000e+00  0.00000000e+00  0.00000000e+00
  0.00000000e+00  0.00000000e+00  0.00000000e+00  0.00000000e+00
  0.00000000e+00]

Diff = 
[6.24886652e-06 3.82318540e-03 2.70729642e-03 6.08283523e-06
 3.52491008e-03 9.64786632e-04 3.04350994e-07 2.99600912e-03
 3.04224061e-03 4.40403377e-06 1.34126949e-03 3.62336268e-03
 9.58181225e-08 2.57661580e-03 1.07524374e-03 5.15848905e-06
 1.54126323e-03 1.98692661e-03 1.05451717e-04 8.89887157e-04
 3.13883560e-03 2.73903270e-03 1.45773783e-03 3.35435174e-03
 1.01849579e-03 2.64908791e-06 3.10210544e-03 1.17685866e-03
 3.69219575e-03 2.75371326e-03 2.33290971e-03 3.05702842e-03
 2.13979207e-04 2.87632194e-03 4.02010007e-04 1.42676943e-03
 7.72763413e-05 3.62974973e-04 2.66470168e-03 3.94082068e-04
 3.81338638e-04 1.31797401e-03 2.95982009e-01 1.46803937e-01
 1.40734952e-01 1.34964562e-01 1.48464862e-01 1.41612832e-01
 1.48891805e-01 2.72705170e-01 1.30536901e-01 1.29281352e-01
 1.22994398e-01 1.36434021e-01 1.31679612e-01 1.39539594e-01
 2.60959049e-01 1.28635689e-01 1.21972801e-01 1.20661662e-01
 1.34618248e-01 1.28005684e-01 1.33935678e-01 2.99571664e-01
 1.44560863e-01 1.44641338e-01 1.38622506e-01 1.50628662e-01
 1.40884299e-01 1.52771379e-01 2.71301509e-01 1.33358621e-01
 1.31970921e-01 1.27205449e-01 1.29959375e-01 1.28615035e-01
 1.34238214e-01 6.22299234e-03 3.84183201e-03 1.11438512e-02
 9.45022418e-03 3.98993601e-03 3.92248550e-03 5.97165896e-03
 2.05375911e-03 4.94837964e-03 1.53131132e-03 3.96151259e-03
 2.12478012e-03 1.72492682e-03 2.92259091e-03 4.14117058e-03
 5.90198700e-03 4.73462140e-03 5.06958265e-03 1.28523209e-03
 2.32882891e-03 5.68458378e-03 6.03139458e-03 4.86167653e-03
 2.80202572e-04 2.52380295e-03 2.92154963e-01 1.41033101e-01
 1.38414560e-01 1.43379105e-01 1.56074096e-01 1.42812678e-01
 1.40246195e-01 2.76371739e-01 1.37465722e-01 1.30495163e-01
 1.35903267e-01 1.44200315e-01 1.33101274e-01 1.30023118e-01
 2.87935914e-01 1.39109223e-01 1.37702351e-01 1.38431630e-01
 1.47915202e-01 1.46278219e-01 1.41343103e-01 3.21909547e-01
 1.58789738e-01 1.56238386e-01 1.58403110e-01 1.71869546e-01
 1.58666542e-01 1.57218885e-01 2.90110124e-01 1.41796817e-01
 1.36277014e-01 1.46971297e-01 1.46337530e-01 1.38886642e-01
 1.34854703e-01]

 Iteration 600:
############################
Gradient = 
[-6.39531299e-06 -3.65512580e-03  2.58774175e-03 -1.60696837e-06
  3.38164315e-03 -9.19317318e-04 -8.17334753e-06 -2.88276505e-03
  2.90064913e-03 -5.50960233e-08  1.27382625e-03  3.46114978e-03
 -3.24015232e-07 -2.46300353e-03  1.02613136e-03 -3.46819274e-06
  1.47583155e-03  1.90270703e-03 -1.32335610e-05  8.00290940e-04
 -3.06285456e-03  2.56824754e-03  1.33447985e-03 -3.25841580e-03
  9.12814335e-04  2.50644538e-05 -2.95173651e-03  1.13732518e-03
 -3.51621148e-03 -2.61889809e-03 -2.21716721e-03  2.93650466e-03
 -1.84316081e-04  2.76533843e-03 -3.69918213e-04  1.37921957e-03
 -5.80040593e-05 -3.32401238e-04  2.56347006e-03 -5.06815301e-05
  5.13279344e-04  1.43789631e-03 -2.07611746e-03 -2.33022945e-03
 -6.90841458e-04  5.63658052e-04  2.40489951e-04 -5.60384030e-04
  4.59467050e-04 -2.92291801e-03  1.79483635e-03 -9.47020886e-04
  9.44042496e-04  2.05407033e-04 -2.45168668e-03 -2.09468252e-03
 -3.13452908e-03 -2.05839536e-03  6.48499836e-04 -2.03860545e-03
 -4.15729963e-03 -4.38817928e-03 -2.72636448e-03 -1.51709374e-03
  1.78053528e-03 -2.81313890e-03 -1.63319869e-03  8.42163800e-04
  2.07995363e-03 -6.32360044e-04  1.23306277e-03  5.12953205e-04
 -2.10057060e-03 -1.81606268e-03  8.32387641e-03  1.99211698e-03
  4.69400811e-03  2.05677662e-03  1.96570709e-03  9.34651271e-03
  7.51546627e-03  1.56066422e-03  1.40093601e-03  3.89631049e-03
  1.96549572e-03  4.75942832e-03  1.25600189e-03  3.84573233e-03
 -1.81111998e-03 -1.58855002e-03 -2.65251473e-03  4.40188625e-03
 -6.16888334e-03 -4.66758983e-03 -5.16000927e-03  1.39390066e-03
  2.29263124e-03 -6.09438937e-03 -6.35058145e-03  4.82563091e-03
 -3.02112840e-04  2.37869128e-03  2.92980784e-01  1.41805356e-01
  1.39151450e-01  1.44533581e-01  1.56639307e-01  1.42774849e-01
  1.39558562e-01  2.77501726e-01  1.38159992e-01  1.31373389e-01
  1.37145874e-01  1.44918303e-01  1.33335208e-01  1.29669366e-01
  2.90446656e-01  1.40692327e-01  1.39168493e-01  1.40538408e-01
  1.49580601e-01  1.47267147e-01  1.41633685e-01  3.22353152e-01
  1.59187233e-01  1.56931545e-01  1.59560281e-01  1.72231779e-01
  1.58262840e-01  1.56304744e-01  2.88589524e-01  1.41271695e-01
  1.35970667e-01  1.47098218e-01  1.45275355e-01  1.37577633e-01
  1.32847890e-01]

Gradient approximate =
[-5.51083623e-07 -2.23178542e-05  1.33661526e-05  4.00782518e-06
  2.98308112e-05 -2.41213050e-06 -7.39706296e-06 -3.54532537e-05
  8.51353876e-06 -3.95588895e-06 -8.00794986e-07  1.70189352e-05
 -2.14124274e-07 -1.44045087e-05  4.07548217e-06  1.34332323e-06
  1.03051967e-05  1.33693923e-05 -1.12462561e-04 -4.62213379e-05
 -7.81167309e-05 -3.59438945e-05 -5.07863396e-05 -7.00307878e-05
 -5.48680079e-05  3.08877079e-05 -8.56246185e-07  2.15699059e-05
 -4.30660396e-06  1.62621028e-06  2.60789612e-06  3.32673133e-05
  1.92737137e-05  2.71825140e-05  6.99401648e-06  1.88770466e-05
  1.00273989e-05  8.79651241e-06  2.50007615e-05  3.17835787e-04
  1.47043075e-04  1.80054509e-04  2.94738492e-01  1.45054934e-01
  1.40761706e-01  1.36537458e-01  1.49188551e-01  1.41740584e-01
  1.50506896e-01  2.70953554e-01  1.33304029e-01  1.29204772e-01
  1.25131678e-01  1.37309400e-01  1.29992967e-01  1.38612673e-01
  2.59593082e-01  1.27640183e-01  1.23846708e-01  1.19910089e-01
  1.31445338e-01  1.24661055e-01  1.32738400e-01  2.98754260e-01
  1.46943712e-01  1.42444586e-01  1.37930934e-01  1.51330816e-01
  1.43430301e-01  1.52849018e-01  2.73489090e-01  1.34456109e-01
  1.30338439e-01  1.26134754e-01  1.38608981e-01  1.31183524e-01
  1.40023442e-01 -4.22446768e-03 -2.12492170e-03 -2.07101708e-03
 -2.11627707e-03 -2.01293793e-03 -2.17479278e-03 -1.97523869e-03
  0.00000000e+00  0.00000000e+00  0.00000000e+00  0.00000000e+00
  0.00000000e+00  0.00000000e+00  0.00000000e+00  0.00000000e+00
  0.00000000e+00  0.00000000e+00  0.00000000e+00  0.00000000e+00
  0.00000000e+00  0.00000000e+00  0.00000000e+00  0.00000000e+00
  0.00000000e+00  0.00000000e+00  0.00000000e+00  0.00000000e+00
  0.00000000e+00  0.00000000e+00  0.00000000e+00  0.00000000e+00
  0.00000000e+00  0.00000000e+00  0.00000000e+00  0.00000000e+00
  0.00000000e+00  0.00000000e+00  0.00000000e+00  0.00000000e+00
  0.00000000e+00  0.00000000e+00  0.00000000e+00  0.00000000e+00
  0.00000000e+00  0.00000000e+00  0.00000000e+00  0.00000000e+00
  0.00000000e+00  0.00000000e+00  0.00000000e+00  0.00000000e+00
  0.00000000e+00  0.00000000e+00  0.00000000e+00  0.00000000e+00
  0.00000000e+00  0.00000000e+00  0.00000000e+00  0.00000000e+00
  0.00000000e+00]

Diff = 
[5.84422936e-06 3.63280794e-03 2.57437559e-03 5.61479355e-06
 3.35181234e-03 9.16905187e-04 7.76284566e-07 2.84731179e-03
 2.89213559e-03 3.90079293e-06 1.27462704e-03 3.44413085e-03
 1.09890958e-07 2.44859903e-03 1.02205588e-03 4.81151597e-06
 1.46552636e-03 1.88933764e-03 9.92290005e-05 8.46512278e-04
 2.98473783e-03 2.60419143e-03 1.38526619e-03 3.18838502e-03
 9.67682343e-04 5.82325413e-06 2.95088027e-03 1.11575527e-03
 3.51190487e-03 2.62052430e-03 2.21977511e-03 2.90323734e-03
 2.03589795e-04 2.73815591e-03 3.76912229e-04 1.36034252e-03
 6.80314582e-05 3.41197750e-04 2.53846930e-03 3.68517317e-04
 3.66236268e-04 1.25784180e-03 2.96814609e-01 1.47385164e-01
 1.41452548e-01 1.35973800e-01 1.48948061e-01 1.42300968e-01
 1.50047429e-01 2.73876472e-01 1.31509193e-01 1.30151793e-01
 1.24187636e-01 1.37103993e-01 1.32444654e-01 1.40707355e-01
 2.62727611e-01 1.29698578e-01 1.23198208e-01 1.21948694e-01
 1.35602637e-01 1.29049234e-01 1.35464765e-01 3.00271353e-01
 1.45163177e-01 1.45257725e-01 1.39564132e-01 1.50488652e-01
 1.41350348e-01 1.53481378e-01 2.72256027e-01 1.33943156e-01
 1.32439010e-01 1.27950817e-01 1.30285105e-01 1.29191407e-01
 1.35329434e-01 6.28124430e-03 4.09062879e-03 1.14175298e-02
 9.63174334e-03 3.57360215e-03 3.57572879e-03 5.87154918e-03
 1.96549572e-03 4.75942832e-03 1.25600189e-03 3.84573233e-03
 1.81111998e-03 1.58855002e-03 2.65251473e-03 4.40188625e-03
 6.16888334e-03 4.66758983e-03 5.16000927e-03 1.39390066e-03
 2.29263124e-03 6.09438937e-03 6.35058145e-03 4.82563091e-03
 3.02112840e-04 2.37869128e-03 2.92980784e-01 1.41805356e-01
 1.39151450e-01 1.44533581e-01 1.56639307e-01 1.42774849e-01
 1.39558562e-01 2.77501726e-01 1.38159992e-01 1.31373389e-01
 1.37145874e-01 1.44918303e-01 1.33335208e-01 1.29669366e-01
 2.90446656e-01 1.40692327e-01 1.39168493e-01 1.40538408e-01
 1.49580601e-01 1.47267147e-01 1.41633685e-01 3.22353152e-01
 1.59187233e-01 1.56931545e-01 1.59560281e-01 1.72231779e-01
 1.58262840e-01 1.56304744e-01 2.88589524e-01 1.41271695e-01
 1.35970667e-01 1.47098218e-01 1.45275355e-01 1.37577633e-01
 1.32847890e-01]

 Iteration 700:
############################
Gradient = 
[-5.78774440e-06 -3.47230968e-03  2.46097226e-03 -1.62631333e-06
  3.21484271e-03 -8.73992894e-04 -7.42433254e-06 -2.73723103e-03
  2.75850408e-03  2.53654437e-07  1.21224323e-03  3.29048681e-03
 -1.64554945e-07 -2.34033375e-03  9.75514741e-04 -3.47536563e-06
  1.40274903e-03  1.80896671e-03 -1.30295828e-05  7.61262839e-04
 -2.91182965e-03  2.44187192e-03  1.26871275e-03 -3.09718892e-03
  8.67794889e-04  7.36270450e-06 -2.81344806e-03  1.07144113e-03
 -3.35015312e-03 -2.49896126e-03 -2.11530807e-03  2.78194792e-03
 -1.81214536e-04  2.62990403e-03 -3.49590974e-04  1.31238941e-03
 -5.28987520e-05 -3.14874551e-04  2.43900361e-03 -5.44749254e-05
  4.86666958e-04  1.36461155e-03 -1.97489556e-03 -2.21697997e-03
 -6.58188009e-04  5.33853583e-04  2.43529808e-04 -5.30631493e-04
  4.37563123e-04 -2.77674954e-03  1.70709595e-03 -8.98335393e-04
  8.98447001e-04  2.01165571e-04 -2.33171779e-03 -1.99432695e-03
 -2.98106661e-03 -1.95953570e-03  6.15173929e-04 -1.94071236e-03
 -4.17165870e-03 -4.28079869e-03 -2.70194078e-03 -1.54951610e-03
  1.76031767e-03 -2.79252424e-03 -1.66827479e-03  1.29178646e-03
  2.21666174e-03 -3.61757232e-04  1.41328450e-03  7.16072276e-04
 -1.74786928e-03 -1.49903195e-03  8.55563303e-03  2.21079890e-03
  4.78278407e-03  2.26925822e-03  2.28883123e-03  9.68474284e-03
  7.77368413e-03  1.18623251e-03  1.12436819e-03  3.85149673e-03
  1.85921612e-03  4.52788003e-03  9.53167144e-04  3.69598374e-03
 -1.53401483e-03 -1.48104565e-03 -2.41859865e-03  4.62711807e-03
 -6.46535603e-03 -4.63100748e-03 -5.27152283e-03  1.47542952e-03
  2.22617535e-03 -6.53518324e-03 -6.69702986e-03  4.79473294e-03
 -3.24479921e-04  2.22268103e-03  2.93764827e-01  1.42540076e-01
  1.39853316e-01  1.45650585e-01  1.57154837e-01  1.42644517e-01
  1.38818458e-01  2.78574819e-01  1.38820932e-01  1.32210060e-01
  1.38347168e-01  1.45580796e-01  1.33467191e-01  1.29248858e-01
  2.92870629e-01  1.42219385e-01  1.40585222e-01  1.42587874e-01
  1.51174921e-01  1.48132234e-01  1.41835770e-01  3.22693232e-01
  1.59521621e-01  1.57558225e-01  1.60645250e-01  1.72485416e-01
  1.57725402e-01  1.55293748e-01  2.86860780e-01  1.40618677e-01
  1.35528616e-01  1.47075383e-01  1.44062556e-01  1.36094267e-01
  1.30721723e-01]

Gradient approximate =
[-3.31847883e-07 -2.04102690e-05  1.30038069e-05  3.56660257e-06
  2.76497225e-05 -2.56545230e-06 -6.28436858e-06 -3.14137028e-05
  9.01945407e-06 -3.26075611e-06  6.80737688e-07  1.66628400e-05
 -5.65392178e-08 -1.34084810e-05  4.03627798e-06  1.03356879e-06
  9.25222565e-06  1.24219723e-05 -1.06213887e-04 -4.39193881e-05
 -7.35473105e-05 -3.40526651e-05 -4.76341966e-05 -6.64826505e-05
 -5.15453857e-05  1.75925385e-05 -6.08171735e-06  1.40278500e-05
 -9.40022948e-06 -4.81196638e-06 -2.83465251e-06  2.51596965e-05
  1.31947053e-05  2.34416886e-05  3.98451938e-06  1.55613722e-05
  6.86236179e-06  5.98005645e-06  2.10490581e-05  2.92208688e-04
  1.35710718e-04  1.65318301e-04  2.95631916e-01  1.45722950e-01
  1.41479326e-01  1.37471716e-01  1.49649341e-01  1.42425077e-01
  1.51607667e-01  2.72214535e-01  1.34142299e-01  1.30083772e-01
  1.26224662e-01  1.37944276e-01  1.30843280e-01  1.39849882e-01
  2.61436941e-01  1.28756961e-01  1.24986866e-01  1.21243068e-01
  1.32390505e-01  1.25777390e-01  1.34257430e-01  2.99395875e-01
  1.47505682e-01  1.43061901e-01  1.38800405e-01  1.51655458e-01
  1.44013982e-01  1.53821800e-01  2.74589666e-01  1.35224081e-01
  1.31146649e-01  1.27170033e-01  1.39169669e-01  1.31962973e-01
  1.41185207e-01 -4.05780667e-03 -2.04092468e-03 -1.98941761e-03
 -2.02870838e-03 -1.93451878e-03 -2.08905154e-03 -1.90107030e-03
  0.00000000e+00  0.00000000e+00  0.00000000e+00  0.00000000e+00
  0.00000000e+00  0.00000000e+00  0.00000000e+00  0.00000000e+00
  0.00000000e+00  0.00000000e+00  0.00000000e+00  0.00000000e+00
  0.00000000e+00  0.00000000e+00  0.00000000e+00  0.00000000e+00
  0.00000000e+00  0.00000000e+00  0.00000000e+00  0.00000000e+00
  0.00000000e+00  0.00000000e+00  0.00000000e+00  0.00000000e+00
  0.00000000e+00  0.00000000e+00  0.00000000e+00  0.00000000e+00
  0.00000000e+00  0.00000000e+00  0.00000000e+00  0.00000000e+00
  0.00000000e+00  0.00000000e+00  0.00000000e+00  0.00000000e+00
  0.00000000e+00  0.00000000e+00  0.00000000e+00  0.00000000e+00
  0.00000000e+00  0.00000000e+00  0.00000000e+00  0.00000000e+00
  0.00000000e+00  0.00000000e+00  0.00000000e+00  0.00000000e+00
  0.00000000e+00  0.00000000e+00  0.00000000e+00  0.00000000e+00
  0.00000000e+00]

Diff = 
[5.45589652e-06 3.45189941e-03 2.44796845e-03 5.19291590e-06
 3.18719298e-03 8.71427442e-04 1.13996396e-06 2.70581733e-03
 2.74948463e-03 3.51441055e-06 1.21156250e-03 3.27382397e-03
 1.08015727e-07 2.32692527e-03 9.71478463e-04 4.50893442e-06
 1.39349681e-03 1.79654474e-03 9.31843038e-05 8.05182227e-04
 2.83828234e-03 2.47592458e-03 1.31634695e-03 3.03070627e-03
 9.19340275e-04 1.02298340e-05 2.80736634e-03 1.05741328e-03
 3.34075289e-03 2.49414929e-03 2.11247342e-03 2.75678822e-03
 1.94409242e-04 2.60646234e-03 3.53575493e-04 1.29682804e-03
 5.97611138e-05 3.20854608e-04 2.41795455e-03 3.46683614e-04
 3.50956240e-04 1.19929325e-03 2.97606811e-01 1.47939930e-01
 1.42137514e-01 1.36937862e-01 1.49405812e-01 1.42955708e-01
 1.51170104e-01 2.74991285e-01 1.32435203e-01 1.30982107e-01
 1.25326215e-01 1.37743110e-01 1.33174998e-01 1.41844209e-01
 2.64418008e-01 1.30716497e-01 1.24371692e-01 1.23183780e-01
 1.36562164e-01 1.30058188e-01 1.36959370e-01 3.00945391e-01
 1.45745364e-01 1.45854425e-01 1.40468680e-01 1.50363671e-01
 1.41797320e-01 1.54183558e-01 2.73176381e-01 1.34508008e-01
 1.32894518e-01 1.28669065e-01 1.30614036e-01 1.29752174e-01
 1.36402423e-01 6.32706489e-03 4.32975591e-03 1.16741605e-02
 9.80239251e-03 3.12075129e-03 3.21341973e-03 5.75256703e-03
 1.85921612e-03 4.52788003e-03 9.53167144e-04 3.69598374e-03
 1.53401483e-03 1.48104565e-03 2.41859865e-03 4.62711807e-03
 6.46535603e-03 4.63100748e-03 5.27152283e-03 1.47542952e-03
 2.22617535e-03 6.53518324e-03 6.69702986e-03 4.79473294e-03
 3.24479921e-04 2.22268103e-03 2.93764827e-01 1.42540076e-01
 1.39853316e-01 1.45650585e-01 1.57154837e-01 1.42644517e-01
 1.38818458e-01 2.78574819e-01 1.38820932e-01 1.32210060e-01
 1.38347168e-01 1.45580796e-01 1.33467191e-01 1.29248858e-01
 2.92870629e-01 1.42219385e-01 1.40585222e-01 1.42587874e-01
 1.51174921e-01 1.48132234e-01 1.41835770e-01 3.22693232e-01
 1.59521621e-01 1.57558225e-01 1.60645250e-01 1.72485416e-01
 1.57725402e-01 1.55293748e-01 2.86860780e-01 1.40618677e-01
 1.35528616e-01 1.47075383e-01 1.44062556e-01 1.36094267e-01
 1.30721723e-01]

 Iteration 800:
############################
Gradient = 
[-5.23805514e-06 -3.29871399e-03  2.34037310e-03 -1.63619846e-06
  3.05629788e-03 -8.30907094e-04 -6.74650839e-06 -2.59911346e-03
  2.62328228e-03  5.48749347e-07  1.15370239e-03  3.12823729e-03
 -2.76262231e-08 -2.22381383e-03  9.27356938e-04 -3.47162404e-06
  1.33332702e-03  1.71987027e-03 -1.28564648e-05  7.24144590e-04
 -2.76827080e-03  2.32172162e-03  1.20618995e-03 -2.94394137e-03
  8.24991497e-04 -1.00569999e-05 -2.68193523e-03  1.00904530e-03
 -3.19221504e-03 -2.38471634e-03 -2.01841149e-03  2.63524061e-03
 -1.78786317e-04  2.50088967e-03 -3.30661509e-04  1.24857939e-03
 -4.84356547e-05 -2.98487441e-04  2.32029379e-03 -5.88981886e-05
  4.61106288e-04  1.29459532e-03 -1.87894069e-03 -2.10966263e-03
 -6.27415011e-04  5.05176315e-04  2.48002918e-04 -5.01763575e-04
  4.17548562e-04 -2.63720041e-03  1.62446236e-03 -8.51451854e-04
  8.55890772e-04  1.96564157e-04 -2.21785556e-03 -1.89908511e-03
 -2.83535502e-03 -1.86570513e-03  5.83312153e-04 -1.84781262e-03
 -4.20336967e-03 -4.18766221e-03 -2.68773699e-03 -1.58932361e-03
  1.73170610e-03 -2.78236603e-03 -1.71026344e-03  1.71169419e-03
  2.34288968e-03 -1.07789961e-04  1.58020690e-03  9.05558662e-04
 -1.41645339e-03 -1.19994193e-03  8.76158401e-03  2.41167510e-03
  4.86056294e-03  2.46385484e-03  2.60092108e-03  1.00046295e-02
  8.01869906e-03  7.78899432e-04  8.32443674e-04  3.78912699e-03
  1.73875659e-03  4.25850615e-03  6.26854255e-04  3.51628883e-03
 -1.28976661e-03 -1.39986113e-03 -2.21796508e-03  4.81977108e-03
 -6.78832522e-03 -4.62201720e-03 -5.40199657e-03  1.53340286e-03
  2.13185245e-03 -7.00425605e-03 -7.06816768e-03  4.77249835e-03
 -3.44577494e-04  2.05834153e-03  2.94509055e-01  1.43238932e-01
  1.40521579e-01  1.46732972e-01  1.57624961e-01  1.42427548e-01
  1.38032826e-01  2.79593031e-01  1.39449548e-01  1.33006479e-01
  1.39509614e-01  1.46191904e-01  1.33502993e-01  1.28768722e-01
  2.95215565e-01  1.43694543e-01  1.41956146e-01  1.44585337e-01
  1.52705935e-01  1.48881963e-01  1.41959701e-01  3.22944324e-01
  1.59800871e-01  1.58126272e-01  1.61667401e-01  1.72643349e-01
  1.57067857e-01  1.54201076e-01  2.84940998e-01  1.39847209e-01
  1.34960398e-01  1.46913376e-01  1.42713170e-01  1.34453125e-01
  1.28493306e-01]

Gradient approximate =
[-1.52293733e-07 -1.87169769e-05  1.26174737e-05  3.17614379e-06
  2.56602428e-05 -2.67681433e-06 -5.32786926e-06 -2.78851231e-05
  9.37587341e-06 -2.67109002e-06  1.87678761e-06  1.62544578e-05
  6.70219436e-08 -1.25212019e-05  3.97273991e-06  7.75239872e-07
  8.33423996e-06  1.15609966e-05 -1.00209634e-04 -4.16698631e-05
 -6.92054081e-05 -3.22042260e-05 -4.46359305e-05 -6.30551855e-05
 -4.83792606e-05  5.78051385e-06 -1.07240705e-05  7.36789296e-06
 -1.38995637e-05 -1.04407682e-05 -7.66909425e-06  1.79454851e-05
  7.63898500e-06  1.99847783e-05  1.24851463e-06  1.25111277e-05
  3.98116429e-06  3.40182771e-06  1.74195791e-05  2.68958327e-04
  1.25371922e-04  1.51991193e-04  2.96480974e-01  1.46359157e-01
  1.42163300e-01  1.38363381e-01  1.50086929e-01  1.43076628e-01
  1.52680983e-01  2.73414580e-01  1.34941201e-01  1.30922209e-01
  1.27268183e-01  1.38548697e-01  1.31653957e-01  1.41054080e-01
  2.63198198e-01  1.29825299e-01  1.26078357e-01  1.22520787e-01
  1.33292949e-01  1.26845432e-01  1.35734385e-01  3.00004136e-01
  1.48039092e-01  1.43648775e-01  1.39626839e-01  1.51962985e-01
  1.44568170e-01  1.54771932e-01  2.75643173e-01  1.35958687e-01
  1.31920402e-01  1.28160699e-01  1.39706076e-01  1.32708838e-01
  1.42319920e-01 -3.89794140e-03 -1.96023630e-03 -1.91099070e-03
 -1.94488613e-03 -1.85919828e-03 -2.00685285e-03 -1.82944885e-03
  0.00000000e+00  0.00000000e+00  0.00000000e+00  0.00000000e+00
  0.00000000e+00  0.00000000e+00  0.00000000e+00  0.00000000e+00
  0.00000000e+00  0.00000000e+00  0.00000000e+00  0.00000000e+00
  0.00000000e+00  0.00000000e+00  0.00000000e+00  0.00000000e+00
  0.00000000e+00  0.00000000e+00  0.00000000e+00  0.00000000e+00
  0.00000000e+00  0.00000000e+00  0.00000000e+00  0.00000000e+00
  0.00000000e+00  0.00000000e+00  0.00000000e+00  0.00000000e+00
  0.00000000e+00  0.00000000e+00  0.00000000e+00  0.00000000e+00
  0.00000000e+00  0.00000000e+00  0.00000000e+00  0.00000000e+00
  0.00000000e+00  0.00000000e+00  0.00000000e+00  0.00000000e+00
  0.00000000e+00  0.00000000e+00  0.00000000e+00  0.00000000e+00
  0.00000000e+00  0.00000000e+00  0.00000000e+00  0.00000000e+00
  0.00000000e+00  0.00000000e+00  0.00000000e+00  0.00000000e+00
  0.00000000e+00]

Diff = 
[5.08576141e-06 3.27999702e-03 2.32775563e-03 4.81234225e-06
 3.03063763e-03 8.28230280e-04 1.41863913e-06 2.57122834e-03
 2.61390641e-03 3.21983936e-06 1.15182560e-03 3.11198283e-03
 9.46481666e-08 2.21129263e-03 9.23384198e-04 4.24686391e-06
 1.32499278e-03 1.70830928e-03 8.73531691e-05 7.65814453e-04
 2.69906539e-03 2.35392585e-03 1.25082588e-03 2.88088618e-03
 8.73370757e-04 1.58375137e-05 2.67121116e-03 1.00167741e-03
 3.17831548e-03 2.37427557e-03 2.01074240e-03 2.61729513e-03
 1.86425302e-04 2.48090489e-03 3.31910023e-04 1.23606826e-03
 5.24168190e-05 3.01889268e-04 2.30287421e-03 3.27856515e-04
 3.35734367e-04 1.14260413e-03 2.98359915e-01 1.48468820e-01
 1.42790715e-01 1.37858205e-01 1.49838926e-01 1.43578391e-01
 1.52263434e-01 2.76051781e-01 1.33316739e-01 1.31773661e-01
 1.26412293e-01 1.38352133e-01 1.33871813e-01 1.42953165e-01
 2.66033553e-01 1.31691004e-01 1.25495044e-01 1.24368599e-01
 1.37496318e-01 1.31033094e-01 1.38422122e-01 3.01593459e-01
 1.46307386e-01 1.46431141e-01 1.41337102e-01 1.50251291e-01
 1.42225280e-01 1.54879722e-01 2.74062966e-01 1.35053129e-01
 1.33336855e-01 1.29360641e-01 1.30944492e-01 1.30297163e-01
 1.37459357e-01 6.36179624e-03 4.56115738e-03 1.19156202e-02
 9.96358519e-03 2.63809771e-03 2.83929653e-03 5.61857583e-03
 1.73875659e-03 4.25850615e-03 6.26854255e-04 3.51628883e-03
 1.28976661e-03 1.39986113e-03 2.21796508e-03 4.81977108e-03
 6.78832522e-03 4.62201720e-03 5.40199657e-03 1.53340286e-03
 2.13185245e-03 7.00425605e-03 7.06816768e-03 4.77249835e-03
 3.44577494e-04 2.05834153e-03 2.94509055e-01 1.43238932e-01
 1.40521579e-01 1.46732972e-01 1.57624961e-01 1.42427548e-01
 1.38032826e-01 2.79593031e-01 1.39449548e-01 1.33006479e-01
 1.39509614e-01 1.46191904e-01 1.33502993e-01 1.28768722e-01
 2.95215565e-01 1.43694543e-01 1.41956146e-01 1.44585337e-01
 1.52705935e-01 1.48881963e-01 1.41959701e-01 3.22944324e-01
 1.59800871e-01 1.58126272e-01 1.61667401e-01 1.72643349e-01
 1.57067857e-01 1.54201076e-01 2.84940998e-01 1.39847209e-01
 1.34960398e-01 1.46913376e-01 1.42713170e-01 1.34453125e-01
 1.28493306e-01]

 Iteration 900:
############################
Gradient = 
[-4.74168351e-06 -3.13387045e-03  2.22564748e-03 -1.63821685e-06
  2.90559527e-03 -7.89949702e-04 -6.13826272e-06 -2.46805274e-03
  2.49464748e-03  8.24089253e-07  1.09802118e-03  2.97398012e-03
  8.86764875e-08 -2.11313914e-03  8.81542276e-04 -3.46082267e-06
  1.26737485e-03  1.63518187e-03 -1.26817940e-05  6.88851936e-04
 -2.63178893e-03  2.20749989e-03  1.14676739e-03 -2.79826723e-03
  7.84312149e-04 -2.72944083e-05 -2.55690409e-03  9.49907410e-04
 -3.04203891e-03 -2.27594198e-03 -1.92627330e-03  2.49593639e-03
 -1.77050826e-04  2.37796110e-03 -3.13061958e-04  1.18762553e-03
 -4.45867893e-05 -2.83198669e-04  2.20705185e-03 -6.35032111e-05
  4.36727317e-04  1.22793854e-03 -1.78780688e-03 -2.00774590e-03
 -5.98241253e-04  4.77814590e-04  2.53840332e-04 -4.73759565e-04
  3.99284561e-04 -2.50396954e-03  1.54663844e-03 -8.06305747e-04
  8.16179741e-04  1.91809744e-04 -2.10971429e-03 -1.80858879e-03
 -2.69692595e-03 -1.77654752e-03  5.52929739e-04 -1.75954867e-03
 -4.25030735e-03 -4.10742569e-03 -2.68263626e-03 -1.63547376e-03
  1.69562270e-03 -2.78151316e-03 -1.75832317e-03  2.10441614e-03
  2.45963543e-03  1.30817141e-04  1.73504710e-03  1.08259050e-03
 -1.10471214e-03 -9.17532351e-04  8.94397327e-03  2.59610660e-03
  4.92832475e-03  2.64199989e-03  2.90384496e-03  1.03080037e-02
  8.25196197e-03  3.44909851e-04  5.28689159e-04  3.71276362e-03
  1.60761709e-03  3.95569837e-03  2.80781633e-04  3.31038861e-03
 -1.07490154e-03 -1.34261339e-03 -2.04791987e-03  4.98255624e-03
 -7.13492631e-03 -4.63795175e-03 -5.54942441e-03  1.57116446e-03
  2.01183822e-03 -7.49910374e-03 -7.46163230e-03  4.76200340e-03
 -3.59991807e-04  1.88796749e-03  2.95215215e-01  1.43903409e-01
  1.41157530e-01  1.47783320e-01  1.58053548e-01  1.42129395e-01
  1.37207761e-01  2.80558348e-01  1.40046811e-01  1.33763929e-01
  1.40635543e-01  1.46755461e-01  1.33448099e-01  1.28235368e-01
  2.97488542e-01  1.45121599e-01  1.43284597e-01  1.46535730e-01
  1.54180776e-01  1.49524238e-01  1.42014757e-01  3.23119685e-01
  1.60032268e-01  1.58642907e-01  1.62635383e-01  1.72717371e-01
  1.56302747e-01  1.53040215e-01  2.82845988e-01  1.38966057e-01
  1.34274919e-01  1.46622052e-01  1.41240137e-01  1.32669695e-01
  1.26178003e-01]

Gradient approximate =
[-6.33715302e-09 -1.72104442e-05  1.22139343e-05  2.83045809e-06
  2.38434028e-05 -2.75236944e-06 -4.50614657e-06 -2.48003706e-05
  9.60659774e-06 -2.17191154e-06  2.83096879e-06  1.58060409e-05
  1.62518887e-07 -1.17267951e-05  3.89004384e-06  5.60611557e-07
  7.53230145e-06  1.07767417e-05 -9.44543577e-05 -3.94803035e-05
 -6.50857079e-05 -3.04057690e-05 -4.17896584e-05 -5.97522964e-05
 -4.53683935e-05 -4.69516204e-06 -1.48357460e-05  1.49568802e-06
 -1.78606663e-05 -1.53482160e-05 -1.19515509e-05  1.15329324e-05
  2.56333621e-06  1.67903869e-05 -1.23737909e-06  9.70545200e-06
  1.35943923e-06  1.04273257e-06  1.40861722e-05  2.47864029e-04
  1.15942473e-04  1.39934371e-04  2.97287225e-01  1.46964579e-01
  1.42814686e-01  1.39213984e-01  1.50501934e-01  1.43696446e-01
  1.53729928e-01  2.74556042e-01  1.35702122e-01  1.31721448e-01
  1.28264083e-01  1.39123586e-01  1.32426480e-01  1.42228393e-01
  2.64880381e-01  1.30846986e-01  1.27122881e-01  1.23745190e-01
  1.34154313e-01  1.27867044e-01  1.37172799e-01  3.00579776e-01
  1.48544786e-01  1.44206076e-01  1.40411929e-01  1.52253570e-01
  1.45093861e-01  1.55702208e-01  2.76651173e-01  1.36661016e-01
  1.32660745e-01  1.29108395e-01  1.40218816e-01  1.33422285e-01
  1.43430482e-01 -3.74472005e-03 -1.88278597e-03 -1.83567212e-03
 -1.86470320e-03 -1.78691283e-03 -1.92810569e-03 -1.76036741e-03
  0.00000000e+00  0.00000000e+00  0.00000000e+00  0.00000000e+00
  0.00000000e+00  0.00000000e+00  0.00000000e+00  0.00000000e+00
  0.00000000e+00  0.00000000e+00  0.00000000e+00  0.00000000e+00
  0.00000000e+00  0.00000000e+00  0.00000000e+00  0.00000000e+00
  0.00000000e+00  0.00000000e+00  0.00000000e+00  0.00000000e+00
  0.00000000e+00  0.00000000e+00  0.00000000e+00  0.00000000e+00
  0.00000000e+00  0.00000000e+00  0.00000000e+00  0.00000000e+00
  0.00000000e+00  0.00000000e+00  0.00000000e+00  0.00000000e+00
  0.00000000e+00  0.00000000e+00  0.00000000e+00  0.00000000e+00
  0.00000000e+00  0.00000000e+00  0.00000000e+00  0.00000000e+00
  0.00000000e+00  0.00000000e+00  0.00000000e+00  0.00000000e+00
  0.00000000e+00  0.00000000e+00  0.00000000e+00  0.00000000e+00
  0.00000000e+00  0.00000000e+00  0.00000000e+00  0.00000000e+00
  0.00000000e+00]

Diff = 
[4.73534636e-06 3.11666000e-03 2.21343354e-03 4.46867494e-06
 2.88175186e-03 7.87197332e-04 1.63211616e-06 2.44325237e-03
 2.48504089e-03 2.99600079e-06 1.09519021e-03 2.95817408e-03
 7.38423998e-08 2.10141234e-03 8.77652232e-04 4.02143422e-06
 1.25984255e-03 1.62440513e-03 8.17725637e-05 7.28332239e-04
 2.56670322e-03 2.23790566e-03 1.18855705e-03 2.73851494e-03
 8.29680543e-04 2.25992462e-05 2.54206834e-03 9.48411722e-04
 3.02417825e-03 2.26059376e-03 1.91432175e-03 2.48440346e-03
 1.79614162e-04 2.36117071e-03 3.11824579e-04 1.17792008e-03
 4.59462285e-05 2.84241402e-04 2.19296568e-03 3.11367240e-04
 3.20784844e-04 1.08800417e-03 2.99075032e-01 1.48972325e-01
 1.43412927e-01 1.38736169e-01 1.50248093e-01 1.44170206e-01
 1.53330643e-01 2.77060011e-01 1.34155483e-01 1.32527753e-01
 1.27447904e-01 1.38931777e-01 1.34536194e-01 1.44036982e-01
 2.67577307e-01 1.32623534e-01 1.26569951e-01 1.25504739e-01
 1.38404620e-01 1.31974470e-01 1.39855435e-01 3.02215250e-01
 1.46849163e-01 1.46987589e-01 1.42170253e-01 1.50149153e-01
 1.42634225e-01 1.55571391e-01 2.74916126e-01 1.35578425e-01
 1.33765457e-01 1.30025927e-01 1.31274843e-01 1.30826178e-01
 1.38502157e-01 6.38671993e-03 4.78663092e-03 1.21436758e-02
 1.01166652e-02 2.13182268e-03 2.45679485e-03 5.47313102e-03
 1.60761709e-03 3.95569837e-03 2.80781633e-04 3.31038861e-03
 1.07490154e-03 1.34261339e-03 2.04791987e-03 4.98255624e-03
 7.13492631e-03 4.63795175e-03 5.54942441e-03 1.57116446e-03
 2.01183822e-03 7.49910374e-03 7.46163230e-03 4.76200340e-03
 3.59991807e-04 1.88796749e-03 2.95215215e-01 1.43903409e-01
 1.41157530e-01 1.47783320e-01 1.58053548e-01 1.42129395e-01
 1.37207761e-01 2.80558348e-01 1.40046811e-01 1.33763929e-01
 1.40635543e-01 1.46755461e-01 1.33448099e-01 1.28235368e-01
 2.97488542e-01 1.45121599e-01 1.43284597e-01 1.46535730e-01
 1.54180776e-01 1.49524238e-01 1.42014757e-01 3.23119685e-01
 1.60032268e-01 1.58642907e-01 1.62635383e-01 1.72717371e-01
 1.56302747e-01 1.53040215e-01 2.82845988e-01 1.38966057e-01
 1.34274919e-01 1.46622052e-01 1.41240137e-01 1.32669695e-01
 1.26178003e-01]

 