Iteration 0:
############################
Gradient = 
[-2.62483389e-04 -5.91569997e-03 -4.51022218e-03 -2.86390904e-04
 -5.84575096e-04  2.51555468e-03 -4.53498505e-04  3.21132671e-03
 -3.57618953e-04  7.81465583e-04  2.42295731e-03  9.26204882e-03
  5.44294895e-04 -9.18513329e-03  1.83020930e-03 -7.33694385e-05
  9.35229670e-03 -1.00992983e-02  1.81703730e-03 -2.96429716e-03
  1.01417992e-02 -5.24000255e-03  6.67239632e-03  6.00907589e-04
 -8.11020461e-03 -1.12524020e-02 -4.96981670e-03 -1.27071809e-02
 -7.68427936e-04 -7.73127319e-03 -1.17383478e-02 -3.49777403e-03
 -1.70671611e-02 -4.58535430e-03  2.17343001e-03  1.48376274e-03
 -1.94887299e-02 -9.48064329e-03 -9.02283759e-03 -7.12031576e-03
 -1.25931096e-02 -8.02561249e-03 -1.49672517e-02 -8.35289897e-03
 -5.68220427e-03 -1.08132906e-02 -1.13480866e-02  5.65465230e-03
  3.72304326e-03 -1.85902898e-03 -1.48480099e-02 -1.55304305e-02
 -2.05968060e-03 -3.05463562e-03 -4.22666199e-03 -1.18816103e-02
 -2.81605822e-03 -1.96654349e-03 -1.85648228e-04 -9.11274412e-03
  2.90903453e-01  1.41407077e-01  1.33737170e-01  1.34961407e-01
  1.34548476e-01  1.58686289e-01  1.29097456e-01  2.43242048e-01
  1.31062054e-01  1.10559274e-01  1.10599468e-01  1.06857397e-01
  1.15878087e-01  1.05729525e-01  2.61344430e-01  1.40847835e-01
  1.27810742e-01  1.25978268e-01  1.09182291e-01  1.26090090e-01
  1.14540120e-01  2.87726683e-01  1.36352722e-01  1.45221427e-01
  1.50742470e-01  1.35817257e-01  1.43111131e-01  1.40909182e-01
  2.69963115e-01  1.38445555e-01  1.36130378e-01  1.24803639e-01
  1.20282632e-01  1.39638059e-01  1.29791313e-01]

Gradient approximate =
[ 4.63698575e-04  2.01528788e-03  6.54977421e-04  2.21864942e-04
  6.53946455e-04  1.95253007e-04 -8.28329405e-06  1.72660632e-04
 -1.02095443e-06  4.13619938e-05 -1.48783912e-04 -4.38960579e-05
 -5.01241626e-05 -6.70304534e-04 -1.13464425e-04  5.39957787e-04
  2.06289856e-03  5.17293559e-04 -1.05473958e-02 -4.92388186e-03
 -5.25817495e-03 -5.56875803e-03 -5.36108624e-03 -4.33938890e-03
 -5.96636142e-03 -8.85431252e-03 -4.19050218e-03 -4.50039613e-03
 -4.52551255e-03 -4.57262944e-03 -3.88528833e-03 -4.73637499e-03
 -1.34135102e-02 -6.22018965e-03 -6.67958931e-03 -6.99205935e-03
 -6.87815270e-03 -5.48756521e-03 -7.60052707e-03 -4.82090957e-03
 -2.29004171e-03 -2.44881316e-03  2.82912964e-01  1.41579524e-01
  1.40199423e-01  1.40055791e-01  1.42671587e-01  1.54149903e-01
  1.38154082e-01  2.78404009e-01  1.43337389e-01  1.39625282e-01
  1.42944124e-01  1.10257560e-01  1.34495425e-01  1.18656901e-01
  2.72716023e-01  1.34251414e-01  1.32904879e-01  1.31925296e-01
  1.28397255e-01  1.45619830e-01  1.29628229e-01  2.70400270e-01
  1.36325473e-01  1.34648460e-01  1.35305098e-01  1.23759622e-01
  1.40923429e-01  1.24976159e-01  2.53968452e-01  1.28327754e-01
  1.26005313e-01  1.26848865e-01  1.16410891e-01  1.31968210e-01
  1.17651097e-01  0.00000000e+00  0.00000000e+00  0.00000000e+00
  0.00000000e+00  0.00000000e+00  0.00000000e+00  0.00000000e+00
  0.00000000e+00  0.00000000e+00  0.00000000e+00  0.00000000e+00
  0.00000000e+00  0.00000000e+00  0.00000000e+00  0.00000000e+00
  0.00000000e+00  0.00000000e+00  0.00000000e+00]

Diff = 
[0.00072618 0.00793099 0.0051652  0.00050826 0.00123852 0.0023203
 0.00044522 0.00303867 0.0003566  0.0007401  0.00257174 0.00930594
 0.00059442 0.00851483 0.00194367 0.00061333 0.0072894  0.01061659
 0.01236443 0.00195958 0.01539997 0.00032876 0.01203348 0.0049403
 0.00214384 0.00239809 0.00077931 0.00820678 0.00375708 0.00315864
 0.00785306 0.0012386  0.00365365 0.00163484 0.00885302 0.00847582
 0.01261058 0.00399308 0.00142231 0.00229941 0.01030307 0.0055768
 0.29788022 0.14993242 0.14588163 0.15086908 0.15401967 0.14849525
 0.13443104 0.28026304 0.1581854  0.15515571 0.1450038  0.1133122
 0.13872209 0.13053851 0.27553208 0.13621796 0.13309053 0.14103804
 0.1625062  0.00421275 0.00410894 0.13543886 0.001777   0.02403783
 0.00620764 0.11948243 0.00986138 0.01441689 0.14336898 0.02147036
 0.01012723 0.02111934 0.14493354 0.00887962 0.01015964 0.12597827
 0.10918229 0.12609009 0.11454012 0.28772668 0.13635272 0.14522143
 0.15074247 0.13581726 0.14311113 0.14090918 0.26996312 0.13844555
 0.13613038 0.12480364 0.12028263 0.13963806 0.12979131]

 Iteration 100:
############################
Gradient = 
[ 3.20345982e-04 -3.44592871e-03 -3.50135858e-03  1.46099157e-05
  2.92802374e-04  2.45642355e-03  1.91490122e-04  4.92471646e-03
  3.26929430e-04  4.26658912e-04  1.03626652e-03  7.72075065e-03
  3.78226968e-04 -9.07723225e-03  1.40709088e-03  6.12937843e-04
  1.01651680e-02 -8.54614741e-03 -1.52838560e-02 -1.01057605e-02
  1.39671321e-03 -1.24537627e-02 -1.73936920e-03 -6.32794051e-03
 -1.54832822e-02 -1.53208732e-02 -6.45497727e-03 -1.31908664e-02
 -2.41466219e-03 -8.75189431e-03 -1.25429309e-02 -4.82772566e-03
 -1.44860247e-02 -3.03414442e-03  3.20027710e-03  2.63719042e-03
 -1.60298891e-02 -7.51383769e-03 -6.73112982e-03 -3.11278902e-02
 -2.19839417e-02 -1.82988881e-02 -2.48495999e-02 -1.85695677e-02
 -1.47043907e-02 -2.20819675e-02 -7.92668693e-03  5.91014554e-03
  4.48613274e-03 -3.38694597e-04 -1.20390637e-02 -1.32348153e-02
 -3.82840290e-04 -2.34658234e-02 -1.28765274e-02 -1.97525088e-02
 -1.18620485e-02 -1.08277361e-02 -8.43879686e-03 -1.82731062e-02
  2.94422012e-01  1.48239017e-01  1.48013900e-01  1.44689131e-01
  1.44054556e-01  1.62943689e-01  1.48983975e-01  2.78443724e-01
  1.34881525e-01  1.31500136e-01  1.45214688e-01  1.29068821e-01
  1.43095597e-01  1.24982967e-01  2.17898395e-01  1.12725188e-01
  1.12101809e-01  1.05260773e-01  7.84287767e-02  9.13610247e-02
  7.67865096e-02  1.21756402e-01  4.80640229e-02  5.06625915e-02
  4.00862898e-02  1.80175583e-02  5.67123023e-02  3.32622772e-02
  1.16573303e-01  4.14518887e-02  3.22229929e-02  3.86089606e-02
  2.12891305e-02  5.48126831e-02  3.94428041e-02]

Gradient approximate =
[ 3.98073197e-05  1.62034766e-04  7.63377184e-05 -1.34735541e-04
 -3.82494414e-04 -2.47388838e-04  2.36251818e-05  1.35838174e-04
 -8.04376188e-05  2.58595700e-05 -2.63414037e-04 -3.68836517e-05
  1.90800953e-05 -2.48387197e-04 -5.24744270e-05  1.66843142e-04
  5.91166562e-04  9.33894029e-05 -6.31756958e-03 -2.98516596e-03
 -3.12244079e-03 -3.29451779e-03 -3.18789096e-03 -2.68433498e-03
 -3.49055984e-03  3.75582554e-04  1.55881599e-04  1.46052086e-04
  2.69417060e-04  1.38865424e-04  1.77668702e-05  3.65874959e-04
 -3.99193840e-03 -1.90621817e-03 -1.94860031e-03 -1.94769393e-03
 -2.11273861e-03 -1.84048544e-03 -2.02910942e-03 -2.83449691e-03
 -1.54472752e-03 -1.39703384e-03  2.93022580e-01  1.49941270e-01
  1.47717862e-01  1.48101245e-01  1.38947603e-01  1.52306320e-01
  1.40156547e-01  2.77912334e-01  1.42534206e-01  1.40094153e-01
  1.40775878e-01  1.27423028e-01  1.41954442e-01  1.30472814e-01
  2.80434377e-01  1.42998100e-01  1.40902696e-01  1.40749508e-01
  1.34764411e-01  1.46852899e-01  1.35350236e-01  2.98513569e-01
  1.53345806e-01  1.51256426e-01  1.51741139e-01  1.42114667e-01
  1.55039634e-01  1.42549498e-01  2.96702567e-01  1.52626091e-01
  1.49975299e-01  1.50539727e-01  1.41348059e-01  1.53829399e-01
  1.41924839e-01  0.00000000e+00  0.00000000e+00  0.00000000e+00
  0.00000000e+00  0.00000000e+00  0.00000000e+00  0.00000000e+00
  0.00000000e+00  0.00000000e+00  0.00000000e+00  0.00000000e+00
  0.00000000e+00  0.00000000e+00  0.00000000e+00  0.00000000e+00
  0.00000000e+00  0.00000000e+00  0.00000000e+00]

Diff = 
[2.80538663e-04 3.60796347e-03 3.57769630e-03 1.49345456e-04
 6.75296788e-04 2.70381239e-03 1.67864940e-04 4.78887829e-03
 4.07367049e-04 4.00799342e-04 1.29968056e-03 7.75763430e-03
 3.59146873e-04 8.82884506e-03 1.45956531e-03 4.46094702e-04
 9.57400141e-03 8.63953681e-03 8.96628643e-03 7.12059456e-03
 4.51915401e-03 9.15924489e-03 1.44852176e-03 3.64360553e-03
 1.19927223e-02 1.56964558e-02 6.61085887e-03 1.33369184e-02
 2.68407925e-03 8.89075973e-03 1.25606978e-02 5.19360062e-03
 1.04940863e-02 1.12792624e-03 5.14887742e-03 4.58488436e-03
 1.39171505e-02 5.67335225e-03 4.70202040e-03 2.82933933e-02
 2.04392142e-02 1.69018543e-02 3.17872180e-01 1.68510837e-01
 1.62422252e-01 1.70183213e-01 1.46874290e-01 1.46396174e-01
 1.35670414e-01 2.78251029e-01 1.54573270e-01 1.53328969e-01
 1.41158718e-01 1.50888852e-01 1.54830970e-01 1.50225323e-01
 2.92296426e-01 1.53825836e-01 1.49341493e-01 1.59022614e-01
 1.59657601e-01 1.38611750e-03 1.26636635e-02 1.53824439e-01
 9.29124995e-03 1.16872625e-02 2.75716439e-03 1.36329057e-01
 2.01581090e-02 1.10493619e-02 1.51487878e-01 2.35572698e-02
 6.87970194e-03 2.55567600e-02 7.65503360e-02 4.11042101e-02
 2.98230298e-02 1.05260773e-01 7.84287767e-02 9.13610247e-02
 7.67865096e-02 1.21756402e-01 4.80640229e-02 5.06625915e-02
 4.00862898e-02 1.80175583e-02 5.67123023e-02 3.32622772e-02
 1.16573303e-01 4.14518887e-02 3.22229929e-02 3.86089606e-02
 2.12891305e-02 5.48126831e-02 3.94428041e-02]

 Iteration 200:
############################
Gradient = 
[ 5.10417157e-05 -3.87679377e-03 -3.36175808e-03  3.83751896e-05
  6.27340450e-04  2.32951982e-03  1.30025121e-04  4.22441322e-03
  2.07302867e-04  5.36021835e-05 -3.82863854e-04  6.44853749e-03
  7.11151418e-05 -9.11701100e-03  9.18907848e-04  1.75805813e-04
  7.58312929e-03 -8.09821390e-03 -4.90553372e-03 -4.40278524e-03
  6.22173816e-03 -5.91916489e-03  3.46789514e-03 -1.57486131e-03
 -8.23392147e-03 -4.33644745e-03 -8.58379766e-04 -6.50090995e-03
  3.33077902e-03 -2.49250369e-03 -6.84895313e-03  1.57506449e-03
 -7.47542098e-04  3.41986745e-03  9.41246700e-03  9.17329467e-03
 -7.69857575e-03 -1.27031379e-03  1.31944682e-03 -1.71499674e-02
 -1.36317420e-02 -9.47481345e-03 -1.49222887e-02 -9.55122757e-03
 -7.94991003e-03 -1.20030491e-02 -6.66067619e-03  5.76091895e-03
  4.71946909e-03  4.91665703e-04 -9.97372238e-03 -1.14330395e-02
  4.68998126e-04 -1.32916835e-02 -7.07652243e-03 -1.26978208e-02
 -5.39592893e-03 -4.65058627e-03 -3.68966646e-03 -1.07583105e-02
  3.05967388e-01  1.57961737e-01  1.57223077e-01  1.53585582e-01
  1.56491212e-01  1.69543868e-01  1.58169831e-01  2.87119284e-01
  1.42590106e-01  1.39239697e-01  1.50602183e-01  1.41007222e-01
  1.49948512e-01  1.34881538e-01  1.49883937e-01  7.97146694e-02
  7.94320164e-02  7.29180471e-02  1.46989596e-02  3.91771305e-02
  2.88368028e-02 -6.81540842e-03 -3.52085791e-02 -3.34384949e-02
 -4.27850862e-02 -7.55587538e-02 -2.59121674e-02 -4.37157784e-02
  9.04583550e-03 -2.92127629e-02 -3.88090321e-02 -3.07868089e-02
 -5.07886956e-02 -1.19581378e-02 -2.28307411e-02]

Gradient approximate =
[ 3.46957307e-05  1.87422533e-04  8.15297918e-05 -2.22930829e-05
  9.37822175e-05 -6.29681463e-05  2.64413735e-05  2.08192590e-04
 -2.81643420e-05 -5.31715938e-05 -4.15891122e-04 -9.09410591e-05
 -7.26263294e-05 -4.68406423e-04 -1.25291619e-04  6.59434485e-05
  2.92289128e-04  1.25004362e-05 -1.74522624e-03 -8.41923300e-04
 -8.30310574e-04 -9.05797781e-04 -8.68831878e-04 -7.76910336e-04
 -9.36666200e-04  3.13374311e-03  1.47146168e-03  1.53417458e-03
  1.68153184e-03  1.53699899e-03  1.22184498e-03  1.85833761e-03
 -6.42407116e-04 -3.29795702e-04 -2.71013376e-04 -2.19461271e-04
 -4.01255376e-04 -4.14748014e-04 -1.93876299e-04  1.41201688e-03
  5.06077567e-04  7.30148926e-04  3.06753918e-01  1.60063324e-01
  1.57374456e-01  1.57253212e-01  1.53433227e-01  1.60965519e-01
  1.51287547e-01  2.88131034e-01  1.50421549e-01  1.47715586e-01
  1.47747908e-01  1.40347881e-01  1.49154803e-01  1.40078973e-01
  2.93962619e-01  1.52675988e-01  1.50225744e-01  1.49521394e-01
  1.46143558e-01  1.54208936e-01  1.44963399e-01  3.06346446e-01
  1.59448932e-01  1.57184773e-01  1.56654954e-01  1.51801314e-01
  1.60303832e-01  1.50416831e-01  3.05919305e-01  1.59389209e-01
  1.56672060e-01  1.56205599e-01  1.51662149e-01  1.59874705e-01
  1.50406395e-01  0.00000000e+00  0.00000000e+00  0.00000000e+00
  0.00000000e+00  0.00000000e+00  0.00000000e+00  0.00000000e+00
  0.00000000e+00  0.00000000e+00  0.00000000e+00  0.00000000e+00
  0.00000000e+00  0.00000000e+00  0.00000000e+00  0.00000000e+00
  0.00000000e+00  0.00000000e+00  0.00000000e+00]

Diff = 
[1.63459850e-05 4.06421631e-03 3.44328787e-03 6.06682726e-05
 5.33558232e-04 2.39248796e-03 1.03583748e-04 4.01622063e-03
 2.35467209e-04 1.06773777e-04 3.30272680e-05 6.53947855e-03
 1.43741471e-04 8.64860458e-03 1.04419947e-03 1.09862365e-04
 7.29084016e-03 8.11071433e-03 3.16030748e-03 3.56086194e-03
 7.05204873e-03 5.01336711e-03 4.33672702e-03 7.97950970e-04
 7.29725527e-03 7.47019056e-03 2.32984144e-03 8.03508453e-03
 1.64924718e-03 4.02950268e-03 8.07079812e-03 2.83273121e-04
 1.05134982e-04 3.74966316e-03 9.68348038e-03 9.39275594e-03
 7.29732038e-03 8.55565776e-04 1.51332312e-03 1.85619843e-02
 1.41378196e-02 1.02049624e-02 3.21676206e-01 1.69614552e-01
 1.65324366e-01 1.69256261e-01 1.60093903e-01 1.55204600e-01
 1.46568078e-01 2.87639369e-01 1.60395271e-01 1.59148625e-01
 1.47278909e-01 1.53639564e-01 1.56231325e-01 1.52776794e-01
 2.99358548e-01 1.57326574e-01 1.53915410e-01 1.60279704e-01
 1.59823830e-01 3.75280092e-03 1.22596778e-02 1.52760864e-01
 2.95771944e-03 1.23590954e-02 1.51487665e-03 1.35317970e-01
 1.77137257e-02 1.11771337e-02 1.55317121e-01 1.83819867e-02
 6.72354823e-03 2.13240618e-02 1.77821200e-03 8.01600361e-02
 7.09743784e-02 7.29180471e-02 1.46989596e-02 3.91771305e-02
 2.88368028e-02 6.81540842e-03 3.52085791e-02 3.34384949e-02
 4.27850862e-02 7.55587538e-02 2.59121674e-02 4.37157784e-02
 9.04583550e-03 2.92127629e-02 3.88090321e-02 3.07868089e-02
 5.07886956e-02 1.19581378e-02 2.28307411e-02]

 Iteration 300:
############################
Gradient = 
[ 6.84542622e-05 -3.39286423e-03 -2.96675207e-03  4.04047207e-04
  1.92349844e-03  2.51446852e-03  2.35280388e-04  4.04839306e-03
  2.14958092e-04 -2.71055731e-04 -1.60223890e-03  5.30452303e-03
 -2.19616943e-04 -9.18980996e-03  4.64737179e-04 -8.41495749e-05
  5.75407867e-03 -7.57013003e-03  1.23464103e-02  3.86712872e-03
  1.36900812e-02  3.09606418e-03  1.12812867e-02  5.63961252e-03
  1.63934451e-03  1.44179406e-02  7.72060672e-03  3.04363947e-03
  1.20668438e-02  6.67960512e-03  1.57501880e-03  1.11536135e-02
  1.84751619e-02  1.17545938e-02  1.74483112e-02  1.74898597e-02
  2.23706453e-03  6.75194185e-03  1.11608767e-02  1.62215314e-02
  2.73988390e-03  7.36419966e-03  3.00429507e-03  7.49934763e-03
  6.36557403e-03  6.67472917e-03  6.46210016e-03  1.10140332e-02
  1.04415384e-02  6.86343189e-03 -2.57437043e-03 -4.88273930e-03
  7.25694673e-03  6.04470799e-03  2.34024483e-03 -2.17866034e-03
  4.62523571e-03  5.10308957e-03  4.51966136e-03  4.78761679e-04
  3.06435006e-01  1.57587471e-01  1.56550683e-01  1.51879566e-01
  1.57644899e-01  1.68512829e-01  1.58521902e-01  2.89460829e-01
  1.43826237e-01  1.40449205e-01  1.49253142e-01  1.43415163e-01
  1.51155804e-01  1.37778605e-01  8.23233225e-02  4.43200681e-02
  4.45181871e-02  3.83943333e-02 -5.35776933e-02 -1.43252085e-02
 -2.21058919e-02 -9.27571874e-02 -9.77428387e-02 -9.65632179e-02
 -1.04179296e-01 -1.51315988e-01 -8.71830816e-02 -1.02226283e-01
 -6.05689422e-02 -8.16480529e-02 -9.14887980e-02 -8.15051975e-02
 -9.86597760e-02 -5.53408971e-02 -6.43006338e-02]

Gradient approximate =
[ 2.70993894e-05  1.34623583e-04  6.98456915e-05 -8.17877099e-06
  1.01957311e-04 -3.26663563e-05  2.01625783e-05  1.43191410e-04
 -2.01302908e-05 -4.53988735e-05 -3.48468316e-04 -6.84818802e-05
 -6.60672006e-05 -4.08676917e-04 -1.01306978e-04  4.35442904e-05
  1.91613825e-04  2.38057352e-06 -8.51714639e-04 -4.19808885e-04
 -3.87688845e-04 -4.43976336e-04 -4.20664112e-04 -3.96547251e-04
 -4.48052115e-04  3.34528197e-03  1.59044785e-03  1.63446676e-03
  1.76260215e-03  1.64592387e-03  1.36253099e-03  1.93387798e-03
 -2.81763897e-04 -1.53769197e-04 -9.93533500e-05 -5.52973356e-05
 -2.10192841e-04 -2.33458246e-04 -3.07656478e-05  1.97013260e-03
  8.03927072e-04  9.98302623e-04  3.07487589e-01  1.59814488e-01
  1.56867683e-01  1.55497454e-01  1.54655847e-01  1.60951591e-01
  1.52527940e-01  2.90526409e-01  1.50982397e-01  1.48085642e-01
  1.46878858e-01  1.42966290e-01  1.50409939e-01  1.42455717e-01
  2.96111229e-01  1.53197972e-01  1.50486118e-01  1.48649635e-01
  1.47849414e-01  1.54855566e-01  1.46755715e-01  3.06436845e-01
  1.58747828e-01  1.56195919e-01  1.54416030e-01  1.52686049e-01
  1.60004514e-01  1.51421729e-01  3.06948835e-01  1.59138845e-01
  1.56220485e-01  1.54489791e-01  1.53000541e-01  1.60121276e-01
  1.51841002e-01  0.00000000e+00  0.00000000e+00  0.00000000e+00
  0.00000000e+00  0.00000000e+00  0.00000000e+00  0.00000000e+00
  0.00000000e+00  0.00000000e+00  0.00000000e+00  0.00000000e+00
  0.00000000e+00  0.00000000e+00  0.00000000e+00  0.00000000e+00
  0.00000000e+00  0.00000000e+00  0.00000000e+00]

Diff = 
[4.13548728e-05 3.52748782e-03 3.03659776e-03 4.12225978e-04
 1.82154113e-03 2.54713487e-03 2.15117810e-04 3.90520165e-03
 2.35088382e-04 2.25656857e-04 1.25377059e-03 5.37300491e-03
 1.53549742e-04 8.78113305e-03 5.66044157e-04 1.27693865e-04
 5.56246485e-03 7.57251060e-03 1.31981249e-02 4.28693761e-03
 1.40777700e-02 3.54004052e-03 1.17019509e-02 6.03615977e-03
 2.08739663e-03 1.10726586e-02 6.13015887e-03 1.40917271e-03
 1.03042416e-02 5.03368125e-03 2.12487817e-04 9.21973549e-03
 1.87569258e-02 1.19083630e-02 1.75476646e-02 1.75451571e-02
 2.44725737e-03 6.98540010e-03 1.11916424e-02 1.42513988e-02
 1.93595683e-03 6.36589704e-03 3.04483294e-01 1.52315140e-01
 1.50502109e-01 1.48822725e-01 1.48193747e-01 1.49937557e-01
 1.42086401e-01 2.83662977e-01 1.53556768e-01 1.52968381e-01
 1.39621911e-01 1.36921582e-01 1.48069694e-01 1.44634377e-01
 2.91485993e-01 1.48094883e-01 1.45966457e-01 1.48170873e-01
 1.58585592e-01 2.73190569e-03 9.79496829e-03 1.54557279e-01
 1.10292913e-03 1.23169108e-02 4.10587222e-03 1.36774780e-01
 1.61782765e-02 1.09725232e-02 1.57695694e-01 1.57236821e-02
 5.06468083e-03 1.67111858e-02 7.06772181e-02 1.15801208e-01
 1.07322815e-01 3.83943333e-02 5.35776933e-02 1.43252085e-02
 2.21058919e-02 9.27571874e-02 9.77428387e-02 9.65632179e-02
 1.04179296e-01 1.51315988e-01 8.71830816e-02 1.02226283e-01
 6.05689422e-02 8.16480529e-02 9.14887980e-02 8.15051975e-02
 9.86597760e-02 5.53408971e-02 6.43006338e-02]

 Iteration 400:
############################
Gradient = 
[-4.18564303e-04 -5.38104194e-03 -3.54446500e-03  1.15313758e-04
  5.17723930e-05  1.54085538e-03 -3.08496185e-04  9.48428278e-04
 -8.97873138e-04 -1.12530031e-03 -5.17211036e-03  3.31391489e-03
 -9.36556636e-04 -1.12821129e-02 -7.30377971e-04 -9.05305236e-04
  1.46859649e-03 -8.13970236e-03  2.90012661e-02  1.11215485e-02
  1.99787095e-02  1.07260278e-02  1.79908738e-02  1.21348951e-02
  1.00526802e-02  3.27358529e-02  1.53361057e-02  1.12528984e-02
  1.95206956e-02  1.46869076e-02  9.24163084e-03  1.93910836e-02
  3.57425095e-02  1.84660845e-02  2.36022747e-02  2.38421554e-02
  1.02130042e-02  1.34366297e-02  1.88522141e-02  5.09346003e-02
  1.83151742e-02  2.27987018e-02  1.93439154e-02  2.33854549e-02
  2.04231999e-02  2.38153449e-02  2.21111888e-02  1.69992639e-02
  1.66320817e-02  1.36348295e-02  5.24302736e-03  2.32092918e-03
  1.45279977e-02  2.53777695e-02  1.09409707e-02  7.08546424e-03
  1.33989412e-02  1.38288796e-02  1.22508152e-02  1.03822306e-02
  2.92458848e-01  1.44815263e-01  1.43636901e-01  1.37781573e-01
  1.43587762e-01  1.56689635e-01  1.47412355e-01  2.82839690e-01
  1.36617195e-01  1.33134577e-01  1.39571915e-01  1.33024198e-01
  1.44122158e-01  1.31628690e-01  2.72536897e-02  1.43429680e-02
  1.51262091e-02  9.54020930e-03 -1.15769840e-01 -6.06637900e-02
 -6.67990308e-02 -1.38647553e-01 -1.37033513e-01 -1.36572259e-01
 -1.42334756e-01 -2.04269641e-01 -1.25832471e-01 -1.39304982e-01
 -9.95159820e-02 -1.16435220e-01 -1.26756159e-01 -1.14731869e-01
 -1.22321100e-01 -7.79296663e-02 -8.59938295e-02]

Gradient approximate =
[ 3.35564931e-05  8.34329539e-05  6.14327544e-05 -6.66505451e-05
 -2.43457179e-04 -1.21060775e-04  3.12691917e-05  6.91586255e-05
 -1.93169036e-05  5.98772498e-05  1.21758736e-05  4.64354843e-05
  4.11697476e-05 -3.36839556e-05  2.33782460e-05  1.19422237e-04
  3.94433743e-04  8.84178331e-05 -5.03631794e-03 -2.44741633e-03
 -2.47121362e-03 -2.57980445e-03 -2.53493477e-03 -2.25640903e-03
 -2.74901676e-03  1.19576271e-04  4.98080510e-05  2.34597830e-05
  9.19307874e-05  2.69842060e-05 -1.55948898e-05  1.33275160e-04
 -3.76070854e-03 -1.83042371e-03 -1.83797994e-03 -1.85327774e-03
 -1.95906927e-03 -1.74906211e-03 -1.97349434e-03 -2.57214263e-03
 -1.37578987e-03 -1.27235754e-03  2.91179103e-01  1.46532688e-01
  1.43510881e-01  1.40653150e-01  1.38649971e-01  1.49001006e-01
  1.41173886e-01  2.82078220e-01  1.42140063e-01  1.39073004e-01
  1.36489340e-01  1.31650100e-01  1.42821761e-01  1.35250556e-01
  2.84706427e-01  1.42954446e-01  1.40025606e-01  1.36961808e-01
  1.37495559e-01  1.46781261e-01  1.39175413e-01  2.95549455e-01
  1.49327982e-01  1.46349711e-01  1.43578547e-01  1.41734176e-01
  1.51361544e-01  1.43357529e-01  2.97779088e-01  1.50552476e-01
  1.47264866e-01  1.44519109e-01  1.42860445e-01  1.52399060e-01
  1.44579360e-01  0.00000000e+00  0.00000000e+00  0.00000000e+00
  0.00000000e+00  0.00000000e+00  0.00000000e+00  0.00000000e+00
  0.00000000e+00  0.00000000e+00  0.00000000e+00  0.00000000e+00
  0.00000000e+00  0.00000000e+00  0.00000000e+00  0.00000000e+00
  0.00000000e+00  0.00000000e+00  0.00000000e+00]

Diff = 
[4.52120797e-04 5.46447489e-03 3.60589775e-03 1.81964303e-04
 2.95229572e-04 1.66191615e-03 3.39765377e-04 8.79269652e-04
 8.78556234e-04 1.18517756e-03 5.18428623e-03 3.26747941e-03
 9.77726384e-04 1.12484289e-02 7.53756217e-04 1.02472747e-03
 1.07416274e-03 8.22812019e-03 3.40375840e-02 1.35689649e-02
 2.24499232e-02 1.33058322e-02 2.05258086e-02 1.43913042e-02
 1.28016970e-02 3.26162766e-02 1.52862976e-02 1.12294387e-02
 1.94287648e-02 1.46599234e-02 9.25722573e-03 1.92578084e-02
 3.95032180e-02 2.02965083e-02 2.54402547e-02 2.56954332e-02
 1.21720734e-02 1.51856918e-02 2.08257085e-02 5.35067429e-02
 1.96909640e-02 2.40710593e-02 2.71835188e-01 1.23147233e-01
 1.23087681e-01 1.16837805e-01 1.16538782e-01 1.32001742e-01
 1.24541805e-01 2.68443390e-01 1.36897035e-01 1.36752075e-01
 1.21961343e-01 1.06272331e-01 1.31880790e-01 1.28165092e-01
 2.71307486e-01 1.29125567e-01 1.27774791e-01 1.26579577e-01
 1.54963289e-01 1.96599776e-03 4.46148799e-03 1.57767882e-01
 5.74022058e-03 1.03399235e-02 3.83380785e-03 1.41105514e-01
 1.47443492e-02 1.02229523e-02 1.58207174e-01 1.75282783e-02
 3.14270804e-03 1.28904191e-02 1.15606755e-01 1.38056092e-01
 1.29453151e-01 9.54020930e-03 1.15769840e-01 6.06637900e-02
 6.67990308e-02 1.38647553e-01 1.37033513e-01 1.36572259e-01
 1.42334756e-01 2.04269641e-01 1.25832471e-01 1.39304982e-01
 9.95159820e-02 1.16435220e-01 1.26756159e-01 1.14731869e-01
 1.22321100e-01 7.79296663e-02 8.59938295e-02]

 Iteration 500:
############################
Gradient = 
[-2.01984441e-03 -1.17497306e-02 -5.83993454e-03 -1.44311365e-03
 -6.79538217e-03 -1.30472611e-03 -2.05495655e-03 -6.69975715e-03
 -3.77614603e-03 -3.03470865e-03 -1.27060637e-02 -1.80307650e-04
 -2.57721882e-03 -1.69947232e-02 -3.30988262e-03 -2.87396256e-03
 -7.06207749e-03 -1.05089313e-02  4.18366635e-02  1.61805388e-02
  2.39431295e-02  1.58613950e-02  2.24728545e-02  1.67912009e-02
  1.58168872e-02  4.73049735e-02  2.07968011e-02  1.69918648e-02
  2.45672459e-02  2.04110642e-02  1.50329723e-02  2.50807856e-02
  4.85393703e-02  2.27733916e-02  2.71727811e-02  2.75625252e-02
  1.55566421e-02  1.80189694e-02  2.36799452e-02  7.79555346e-02
  2.95046719e-02  3.32878023e-02  3.05835327e-02  3.45850392e-02
  3.08491588e-02  3.56653497e-02  3.50026257e-02  2.14658286e-02
  2.10238900e-02  1.85305139e-02  1.12379646e-02  8.11856304e-03
  1.98519826e-02  4.02062779e-02  1.69976142e-02  1.34216357e-02
  1.92637107e-02  1.98529799e-02  1.78652427e-02  1.71856330e-02
  2.67956922e-01  1.23352733e-01  1.22105885e-01  1.15396752e-01
  1.18551220e-01  1.37019826e-01  1.28164681e-01  2.69538067e-01
  1.23207911e-01  1.19519988e-01  1.24091464e-01  1.12894114e-01
  1.30791221e-01  1.18780655e-01 -9.62503170e-03 -6.00689397e-03
 -4.58832517e-03 -9.68372474e-03 -1.65049581e-01 -9.46929114e-02
 -9.96999288e-02 -1.60377307e-01 -1.59620863e-01 -1.60316527e-01
 -1.64472876e-01 -2.40289263e-01 -1.48908690e-01 -1.61200613e-01
 -1.19455361e-01 -1.38052849e-01 -1.49442631e-01 -1.35574717e-01
 -1.28274724e-01 -8.63224160e-02 -9.38743462e-02]

Gradient approximate =
[ 3.32058256e-04  1.14666772e-03  4.05768485e-04  1.44163665e-04
  4.28330107e-04  1.06580715e-04  3.59769474e-04  1.19997062e-03
  3.58092580e-04  5.02503816e-04  1.64456215e-03  5.61796167e-04
  4.44865411e-04  1.45605711e-03  4.99644413e-04  5.60657107e-04
  1.98156939e-03  6.10826907e-04 -1.27487420e-02 -6.30298273e-03
 -6.34655666e-03 -6.56189025e-03 -6.53521190e-03 -5.85894840e-03
 -7.05856003e-03 -5.38965498e-03 -2.66576275e-03 -2.73246700e-03
 -2.75482364e-03 -2.80017427e-03 -2.52042460e-03 -2.94742295e-03
 -9.59795554e-03 -4.73935431e-03 -4.77572967e-03 -4.88717720e-03
 -4.98208747e-03 -4.44910706e-03 -5.26348463e-03 -1.05019834e-02
 -5.30236923e-03 -5.24403615e-03  2.62597861e-01  1.24323895e-01
  1.21271447e-01  1.17277610e-01  1.10894747e-01  1.28553406e-01
  1.21083079e-01  2.65713200e-01  1.26624895e-01  1.23305583e-01
  1.19676258e-01  1.10300213e-01  1.28597112e-01  1.21092693e-01
  2.63971245e-01  1.25492436e-01  1.22307825e-01  1.18372941e-01
  1.18870508e-01  1.32583495e-01  1.25170404e-01  2.76161692e-01
  1.33633554e-01  1.30123704e-01  1.26905039e-01  1.22171966e-01
  1.36371245e-01  1.28609725e-01  2.81233631e-01  1.36188618e-01
  1.32394000e-01  1.29150801e-01  1.24533684e-01  1.38821676e-01
  1.31117860e-01  0.00000000e+00  0.00000000e+00  0.00000000e+00
  0.00000000e+00  0.00000000e+00  0.00000000e+00  0.00000000e+00
  0.00000000e+00  0.00000000e+00  0.00000000e+00  0.00000000e+00
  0.00000000e+00  0.00000000e+00  0.00000000e+00  0.00000000e+00
  0.00000000e+00  0.00000000e+00  0.00000000e+00]

Diff = 
[0.0023519  0.0128964  0.0062457  0.00158728 0.00722371 0.00141131
 0.00241473 0.00789973 0.00413424 0.00353721 0.01435063 0.0007421
 0.00302208 0.01845078 0.00380953 0.00343462 0.00904365 0.01111976
 0.05458541 0.02248352 0.03028969 0.02242329 0.02900807 0.02265015
 0.02287545 0.05269463 0.02346256 0.01972433 0.02732207 0.02321124
 0.0175534  0.02802821 0.05813733 0.02751275 0.03194851 0.0324497
 0.02053873 0.02246808 0.02894343 0.08845752 0.03480704 0.03853184
 0.23201433 0.08973886 0.09042229 0.08161226 0.07589212 0.10708758
 0.10005919 0.24718269 0.11538693 0.11518702 0.09982428 0.07009394
 0.1115995  0.10767106 0.24470753 0.10563946 0.10444258 0.10118731
 0.14908641 0.00923076 0.00306452 0.16076494 0.01508233 0.00689612
 0.00125964 0.1473661  0.01316333 0.00908974 0.15714217 0.0232945
 0.00160278 0.01037015 0.13415872 0.14482857 0.13570618 0.00968372
 0.16504958 0.09469291 0.09969993 0.16037731 0.15962086 0.16031653
 0.16447288 0.24028926 0.14890869 0.16120061 0.11945536 0.13805285
 0.14944263 0.13557472 0.12827472 0.08632242 0.09387435]

 Iteration 600:
############################
Gradient = 
[-0.00456497 -0.02105679 -0.0094023  -0.00402318 -0.01678793 -0.0054411
 -0.00473309 -0.01702068 -0.00781216 -0.00578001 -0.02259455 -0.00467378
 -0.0050432  -0.02530945 -0.00697374 -0.00571674 -0.01793545 -0.01405732
  0.0502016   0.01925323  0.02591881  0.0188556   0.02498298  0.01971079
  0.01925822  0.05747867  0.02437597  0.02068311  0.02762257  0.02418549
  0.01911966  0.02861063  0.05679734  0.02519281  0.02882153  0.02932222
  0.01886089  0.02088571  0.02631447  0.09370694  0.03572674  0.03855305
  0.03643226  0.04057356  0.03687245  0.04178911  0.04326465  0.02403163
  0.02336895  0.02129562  0.01507242  0.01208033  0.02289903  0.04924725
  0.02052486  0.01702639  0.02240753  0.02323986  0.02125127  0.02103019
  0.23919236  0.0983019   0.09695874  0.08988185  0.0890739   0.11417998
  0.10565485  0.25349038  0.10691183  0.10287687  0.1061648   0.08806422
  0.11447288  0.10278047 -0.02939531 -0.017123   -0.01508235 -0.01990535
 -0.20101477 -0.11629402 -0.12052079 -0.16985197 -0.1713943  -0.1738561
 -0.17678406 -0.26593324 -0.16257681 -0.17380629 -0.12846843 -0.150265
 -0.16354435 -0.14815002 -0.12334899 -0.08614133 -0.09337129]

Gradient approximate =
[ 0.00113873  0.00420365  0.00138078  0.00088385  0.00317397  0.00098726
  0.0012191   0.00441211  0.00139189  0.00145892  0.00527798  0.0017102
  0.00131228  0.00475816  0.001548    0.00154611  0.00568496  0.00180434
 -0.02151031 -0.01104478 -0.01101817 -0.01137566 -0.01144774 -0.01037224
 -0.01228862 -0.01145455 -0.00588609 -0.00592585 -0.00605928 -0.00614623
 -0.00555899 -0.00653979 -0.01579726 -0.00810351 -0.0080982  -0.00832651
 -0.00847629 -0.00764067 -0.00900835 -0.01894409 -0.0097988  -0.00969294
  0.22925112  0.09891998  0.09573753  0.09122464  0.07927836  0.10479622
  0.09764484  0.24611762  0.10823875  0.10450019  0.10034927  0.08500289
  0.11140451  0.10387956  0.23971422  0.10535488  0.10180685  0.09751269
  0.09736575  0.1160646   0.10874554  0.25267598  0.11518005  0.11104718
  0.10793643  0.09906429  0.11847637  0.11084151  0.26155637  0.11944106
  0.1150161   0.11180505  0.10293306  0.12270773  0.11499996  0.
  0.          0.          0.          0.          0.          0.
  0.          0.          0.          0.          0.          0.
  0.          0.          0.          0.          0.        ]

Diff = 
[0.0057037  0.02526044 0.01078309 0.00490704 0.0199619  0.00642836
 0.00595219 0.0214328  0.00920404 0.00723893 0.02787253 0.00638397
 0.00635548 0.03006761 0.00852174 0.00726286 0.02362041 0.01586166
 0.07171191 0.03029801 0.03693698 0.03023126 0.03643072 0.03008303
 0.03154684 0.06893321 0.03026206 0.02660896 0.03368185 0.03033172
 0.02467865 0.03515041 0.0725946  0.03329632 0.03691973 0.03764873
 0.02733718 0.02852639 0.03532282 0.11265103 0.04552554 0.04824599
 0.19281886 0.05834642 0.05886508 0.04943554 0.0360137  0.08076459
 0.07427589 0.224822   0.09316633 0.09241986 0.07745024 0.03575564
 0.09087965 0.08685317 0.21730669 0.08211502 0.08055559 0.0764825
 0.14182661 0.0177627  0.0117868  0.16279413 0.02610615 0.0031328
 0.00228158 0.15442608 0.01156453 0.00796464 0.15539157 0.03137684
 0.00054322 0.00902459 0.13232836 0.13983073 0.13008231 0.01990535
 0.20101477 0.11629402 0.12052079 0.16985197 0.1713943  0.1738561
 0.17678406 0.26593324 0.16257681 0.17380629 0.12846843 0.150265
 0.16354435 0.14815002 0.12334899 0.08614133 0.09337129]

 Iteration 700:
############################
Gradient = 
[-0.00730579 -0.02977275 -0.01295099 -0.00682614 -0.02618159 -0.00951178
 -0.00752166 -0.0262193  -0.01161884 -0.00855495 -0.03110435 -0.00881216
 -0.00769421 -0.0331744  -0.01062463 -0.00853914 -0.0270549  -0.01727532
  0.05418447  0.02063777  0.02630693  0.0200944   0.02580471  0.02109708
  0.02072067  0.06319496  0.02635367  0.02273136  0.02904672  0.02627778
  0.02169729  0.03028416  0.06083997  0.02613472  0.02906476  0.02960973
  0.02053845  0.02235486  0.02721361  0.09739598  0.0370134   0.03891612
  0.03713448  0.04132839  0.03830667  0.04227809  0.04667027  0.02481099
  0.0239115   0.02214089  0.0168543   0.01424354  0.02381305  0.05260579
  0.02183706  0.01837     0.02325585  0.02428391  0.02259781  0.02228628
  0.21196179  0.0738376   0.0722655   0.06525478  0.06059526  0.09205204
  0.08383674  0.23818564  0.09039007  0.08582362  0.08834222  0.06297613
  0.09792701  0.08651125 -0.03562355 -0.02124229 -0.01866608 -0.02345924
 -0.2266209  -0.12773349 -0.1314716  -0.17297667 -0.17582389 -0.18068439
 -0.18275775 -0.2857077  -0.17033004 -0.18056333 -0.130943   -0.15554097
 -0.17160651 -0.15501236 -0.11282713 -0.0810547  -0.08813126]

Gradient approximate =
[ 0.00238311  0.00899896  0.00290941  0.00209493  0.00779668  0.00246479
  0.00251378  0.0093505   0.00297654  0.00282032  0.01049916  0.00336793
  0.00258019  0.00965738  0.00310325  0.00293414  0.01095171  0.00350278
 -0.02938938 -0.01598768 -0.01581439 -0.01631557 -0.01655029 -0.01515939
 -0.01764    -0.01676972 -0.00914841 -0.00910453 -0.00934762 -0.00952527
 -0.00869919 -0.01010758 -0.02098373 -0.01142571 -0.01132329 -0.01166305
 -0.01191599 -0.01085644 -0.01262958 -0.02551637 -0.013884   -0.01366388
  0.19792849  0.07492037  0.07139349  0.0669764   0.04997102  0.08186507
  0.07503996  0.2272428   0.08987711  0.08550271  0.08133191  0.06074076
  0.0941839   0.08664587  0.21677662  0.08598163  0.08191906  0.07771877
  0.07731879  0.10028197  0.09304826  0.2293237   0.09688874  0.09204187
  0.0894458   0.07678895  0.10066375  0.09315066  0.24249786  0.10299381
  0.09781844  0.0950355   0.08220077  0.10681     0.09909453  0.
  0.          0.          0.          0.          0.          0.
  0.          0.          0.          0.          0.          0.
  0.          0.          0.          0.          0.        ]

Diff = 
[9.68889678e-03 3.87717070e-02 1.58603987e-02 8.92106594e-03
 3.39782728e-02 1.19765688e-02 1.00354356e-02 3.55697995e-02
 1.45953782e-02 1.13752680e-02 4.16035076e-02 1.21800977e-02
 1.02744002e-02 4.28317750e-02 1.37278803e-02 1.14732816e-02
 3.80066191e-02 2.07780992e-02 8.35738446e-02 3.66254435e-02
 4.21213184e-02 3.64099686e-02 4.23550039e-02 3.62564664e-02
 3.83606631e-02 7.99646815e-02 3.55020858e-02 3.18358945e-02
 3.83943376e-02 3.58030520e-02 3.03964777e-02 4.03917352e-02
 8.18236999e-02 3.75604215e-02 4.03880480e-02 4.12727820e-02
 3.24544382e-02 3.32113039e-02 3.98431946e-02 1.22912351e-01
 5.08973980e-02 5.25800026e-02 1.60794017e-01 3.35919782e-02
 3.30868209e-02 2.46983088e-02 3.30075081e-03 5.70540751e-02
 5.11284574e-02 2.05101915e-01 7.30228023e-02 7.12591737e-02
 5.75188522e-02 8.13497216e-03 7.23468414e-02 6.82758731e-02
 1.93520768e-01 6.16977151e-02 5.93212560e-02 5.54324855e-02
 1.34642999e-01 2.64443703e-02 2.07827588e-02 1.64068920e-01
 3.62934848e-02 1.01629079e-05 5.60905879e-03 1.61396693e-01
 1.02736749e-02 7.32703996e-03 1.54155636e-01 4.00176751e-02
 1.08569081e-04 8.52424866e-03 1.17824317e-01 1.28052291e-01
 1.17760612e-01 2.34592387e-02 2.26620903e-01 1.27733494e-01
 1.31471603e-01 1.72976675e-01 1.75823885e-01 1.80684388e-01
 1.82757746e-01 2.85707701e-01 1.70330041e-01 1.80563328e-01
 1.30943002e-01 1.55540970e-01 1.71606507e-01 1.55012361e-01
 1.12827132e-01 8.10546954e-02 8.81312608e-02]

 Iteration 800:
############################
Gradient = 
[-0.00933514 -0.03423506 -0.0150646  -0.00894096 -0.03132187 -0.01209909
 -0.00951614 -0.03074155 -0.0137974  -0.0104379  -0.03461358 -0.01117358
 -0.00967569 -0.03708787 -0.01291936 -0.0103907  -0.03077638 -0.0186878
  0.05422834  0.02032662  0.02516512  0.01961553  0.02488891  0.02088848
  0.02020365  0.06462755  0.02657467  0.02307097  0.02872087  0.02648276
  0.02257122  0.02991657  0.06109329  0.02556189  0.0279313   0.02841921
  0.02052061  0.02234815  0.02633144  0.09116475  0.03367341  0.03488591
  0.03316095  0.03713618  0.03528526  0.03755861  0.04589191  0.02380919
  0.02274662  0.02113296  0.01657136  0.0145651   0.02261847  0.05122756
  0.02104286  0.01766442  0.021982    0.0230614   0.0219335   0.02109487
  0.19031843  0.05272776  0.05072212  0.0441033   0.03653927  0.07309465
  0.06518651  0.22586736  0.07538472  0.07009873  0.07224121  0.04072775
  0.08296773  0.07185748 -0.03234478 -0.02095205 -0.01802843 -0.02292649
 -0.24589575 -0.13203552 -0.13554891 -0.17240879 -0.1752148  -0.1830531
 -0.18456995 -0.30285275 -0.17423839 -0.18356872 -0.12936349 -0.15586865
 -0.17558501 -0.15805362 -0.10080338 -0.07352909 -0.0806588 ]

Gradient approximate =
[ 0.00375426  0.014281    0.00460306  0.00346952  0.01306962  0.00415974
  0.00391404  0.01469168  0.00470198  0.00424505  0.01592994  0.00510965
  0.0039638   0.01501149  0.00481202  0.00435092  0.01627718  0.00523796
 -0.0354523  -0.02065096 -0.02029976 -0.02089943 -0.02130517 -0.0197525
 -0.02253229 -0.02068125 -0.01211523 -0.01196361 -0.01228323 -0.01256157
 -0.01161009 -0.01324723 -0.02458256 -0.01437599 -0.01415723 -0.01456882
 -0.01492912 -0.01377    -0.01572959 -0.02923892 -0.01695614 -0.01661097
  0.17327192  0.05515668  0.05101261  0.04718166  0.02647317  0.06230767
  0.05580234  0.21161272  0.07336293  0.06813072  0.06434171  0.04056544
  0.07879613  0.07129279  0.19833516  0.06943367  0.06468168  0.06090682
  0.06120837  0.08707111  0.07993758  0.20936971  0.08079292  0.07516731
  0.07329311  0.0583004   0.08502483  0.07768043  0.2266589   0.08856975
  0.08254914  0.08041266  0.06498581  0.09292107  0.08524842  0.
  0.          0.          0.          0.          0.          0.
  0.          0.          0.          0.          0.          0.
  0.          0.          0.          0.          0.        ]

Diff = 
[0.01308939 0.04851605 0.01966766 0.01241048 0.04439148 0.01625883
 0.01343018 0.04543323 0.01849939 0.01468295 0.05054352 0.01628323
 0.01363949 0.05209936 0.01773138 0.01474162 0.04705356 0.02392577
 0.08968063 0.04097757 0.04546488 0.04051496 0.04619408 0.04064098
 0.04273595 0.0853088  0.03868991 0.03503458 0.0410041  0.03904434
 0.03418131 0.0431638  0.08567584 0.03993787 0.04208853 0.04298803
 0.03544973 0.03611815 0.04206103 0.12040367 0.05062954 0.05149688
 0.14011098 0.0180205  0.01572734 0.00962305 0.01941875 0.03849848
 0.03305573 0.19047977 0.05679157 0.05356562 0.04172324 0.01066212
 0.05775327 0.05362837 0.17635316 0.04637227 0.04274819 0.03981194
 0.12911006 0.03434335 0.02921547 0.16526642 0.04425366 0.00207266
 0.0081066  0.16756696 0.0096401  0.0075817  0.15441769 0.047842
 0.00041859 0.00855518 0.09733059 0.11387313 0.10327685 0.02292649
 0.24589575 0.13203552 0.13554891 0.17240879 0.1752148  0.1830531
 0.18456995 0.30285275 0.17423839 0.18356872 0.12936349 0.15586865
 0.17558501 0.15805362 0.10080338 0.07352909 0.0806588 ]

 Iteration 900:
############################
Gradient = 
[-0.01018997 -0.03320762 -0.01514977 -0.0099041  -0.03098495 -0.01262443
 -0.01031708 -0.0297197  -0.01388329 -0.01105449 -0.032403   -0.01132944
 -0.01050811 -0.03566363 -0.01322121 -0.01094596 -0.02869179 -0.01794013
  0.05133085  0.01836043  0.02255588  0.01750563  0.02228171  0.01907029
  0.01784279  0.06260642  0.02489672  0.02160623  0.02654847  0.02466098
  0.02155079  0.02744506  0.05847521  0.02343519  0.02540704  0.02574753
  0.0187832   0.02078265  0.02371054  0.07986317  0.02718747  0.02800418
  0.02616203  0.02966043  0.02911174  0.02951906  0.04235341  0.02119738
  0.02008541  0.01851403  0.01445837  0.01316636  0.01962516  0.04685415
  0.01843545  0.01524682  0.01895154  0.01992362  0.01947574  0.01790981
  0.17577501  0.03625254  0.03361581  0.02759526  0.01816291  0.05832094
  0.05072223  0.21729569  0.0628452   0.05671069  0.05873244  0.02281426
  0.07055446  0.05981358 -0.02378233 -0.01870555 -0.01571103 -0.02068351
 -0.26251604 -0.13233486 -0.13580995 -0.16960739 -0.17155404 -0.18288543
 -0.1840161  -0.31971599 -0.17590602 -0.18444868 -0.12554357 -0.15321466
 -0.17736492 -0.15903923 -0.09020757 -0.06543166 -0.07283412]

Gradient approximate =
[ 0.00491943  0.01868484  0.00603299  0.0046717   0.01762268  0.00564223
  0.00509163  0.01910239  0.00614735  0.00540205  0.02022994  0.00651348
  0.00514057  0.01948955  0.00625941  0.00546877  0.02035455  0.0065913
 -0.03962475 -0.02464593 -0.02413293 -0.02475732 -0.02528706 -0.02375073
 -0.02654362 -0.02307847 -0.01447866 -0.01422981 -0.01457268 -0.01492172
 -0.0139746  -0.01562765 -0.02661198 -0.01667367 -0.01635481 -0.01677953
 -0.01721005 -0.01608779 -0.01801081 -0.030575   -0.01888472 -0.01844675
  0.156894    0.04057345  0.03560023  0.03262348  0.00973183  0.04718111
  0.04097274  0.2002125   0.05967993  0.05343395  0.05028266  0.02558145
  0.06619705  0.05879215  0.18559742  0.05651255  0.05091465  0.0477609
  0.04960019  0.07704162  0.07001696  0.19451541  0.06796153  0.0615554
  0.06042356  0.04478121  0.07264547  0.06552621  0.21515584  0.07696394
  0.07006095  0.06862379  0.05222742  0.08186264  0.07429623  0.
  0.          0.          0.          0.          0.          0.
  0.          0.          0.          0.          0.          0.
  0.          0.          0.          0.          0.        ]

Diff = 
[0.0151094  0.05189246 0.02118276 0.0145758  0.04860763 0.01826666
 0.01540871 0.0488221  0.02003064 0.01645654 0.05263294 0.01784292
 0.01564867 0.05515319 0.01948062 0.01641473 0.04904634 0.02453143
 0.0909556  0.04300637 0.0466888  0.04226295 0.04756877 0.04282102
 0.04438642 0.08568489 0.03937538 0.03583604 0.04112114 0.0395827
 0.03552539 0.0430727  0.08508718 0.04010886 0.04176184 0.04252706
 0.03599325 0.03687043 0.04172134 0.11043817 0.04607219 0.04645093
 0.13073196 0.01091303 0.00648849 0.00310442 0.03262158 0.02598373
 0.02088733 0.18169847 0.04522156 0.04026758 0.0306575  0.0212727
 0.0477616  0.04354533 0.16664588 0.03658893 0.03143891 0.0298511
 0.12617481 0.04078909 0.03640115 0.16692014 0.04979862 0.00323446
 0.00970133 0.17251448 0.00980027 0.00881552 0.1564234  0.05414967
 0.00049351 0.00881021 0.07600975 0.10056819 0.09000726 0.02068351
 0.26251604 0.13233486 0.13580995 0.16960739 0.17155404 0.18288543
 0.1840161  0.31971599 0.17590602 0.18444868 0.12554357 0.15321466
 0.17736492 0.15903923 0.09020757 0.06543166 0.07283412]

 