Iteration 0:
############################
Gradient = 
[-8.44659494e-05  6.97416213e-03  2.06930247e-03  1.63604313e-04
 -3.94191235e-03 -2.73663444e-03 -5.03220678e-03  4.45172127e-03
 -4.19051752e-03  8.40453394e-03  6.24985611e-03  8.33652764e-03
  2.84120155e-01  1.39472404e-01  1.44824429e-01  2.87228713e-01
  1.49566135e-01  1.39323566e-01  2.99715808e-01  1.48016395e-01
  1.53839378e-01  2.90733740e-01  1.55435794e-01  1.36147872e-01
  2.74115616e-01  1.33883573e-01  1.38442309e-01]

Gradient approximate =
[9.12277986e-05 8.77527369e-04 2.43109761e-04 1.94425360e-04
 2.73400702e-04 1.36734846e-04 3.08919476e-01 1.58684860e-01
 1.50721390e-01 3.04143625e-01 1.55768904e-01 1.48354459e-01
 2.84120155e-01 1.44536344e-01 1.39324747e-01 2.87228713e-01
 1.46545370e-01 1.40728866e-01 2.99715808e-01 1.52568953e-01
 1.46941823e-01 0.00000000e+00 0.00000000e+00 0.00000000e+00
 0.00000000e+00 0.00000000e+00 0.00000000e+00]

Diff = 
[1.75693748e-04 6.09663477e-03 1.82619271e-03 3.08210469e-05
 4.21531305e-03 2.87336929e-03 3.13951682e-01 1.54233139e-01
 1.54911908e-01 2.95739091e-01 1.49519048e-01 1.40017932e-01
 5.49205126e-12 5.06393999e-03 5.49968204e-03 2.44173570e-11
 3.02076487e-03 1.40530005e-03 5.30464561e-13 4.55255756e-03
 6.89755495e-03 2.90733740e-01 1.55435794e-01 1.36147872e-01
 2.74115616e-01 1.33883573e-01 1.38442309e-01]

 Iteration 100:
############################
Gradient = 
[-3.98711050e-04  5.98556583e-03  1.95570804e-03 -4.75254455e-05
 -4.54659423e-03 -2.84998866e-03 -1.53659755e-02 -1.08330885e-03
 -8.62720192e-03 -9.10956885e-03 -4.25165103e-03  6.92073651e-04
  3.09603640e-01  1.66009372e-01  1.49851649e-01  2.90222965e-01
  1.49783739e-01  1.46528811e-01  1.70968727e-01  6.91187294e-02
  7.81405093e-02  1.80196179e-01  8.42599188e-02  7.56392260e-02
  2.16526223e-01  9.82895697e-02  1.04441856e-01]

Gradient approximate =
[ 1.54978879e-04  1.16019555e-03  9.68008718e-05 -6.13807671e-06
 -6.69200606e-05 -4.65823047e-05  3.16396602e-01  1.63389734e-01
  1.54033639e-01  2.92274114e-01  1.49891083e-01  1.42915323e-01
  3.09603640e-01  1.58326201e-01  1.51590185e-01  2.90222965e-01
  1.48698778e-01  1.42072166e-01  1.70968727e-01  8.72711580e-02
  8.36792165e-02  0.00000000e+00  0.00000000e+00  0.00000000e+00
  0.00000000e+00  0.00000000e+00  0.00000000e+00]

Diff = 
[5.53689928e-04 4.82537028e-03 1.85890717e-03 4.13873688e-05
 4.47967417e-03 2.80340636e-03 3.31762578e-01 1.64473043e-01
 1.62660841e-01 3.01383683e-01 1.54142734e-01 1.42223249e-01
 2.20608531e-11 7.68317149e-03 1.73853600e-03 5.42588197e-12
 1.08496093e-03 4.45664438e-03 1.21715055e-10 1.81524286e-02
 5.53870721e-03 1.80196179e-01 8.42599188e-02 7.56392260e-02
 2.16526223e-01 9.82895697e-02 1.04441856e-01]

 Iteration 200:
############################
Gradient = 
[-3.45987563e-04  5.97918133e-03  2.13303694e-03 -1.04832218e-04
 -4.25262800e-03 -2.58799032e-03 -1.20739351e-02  1.16674001e-03
 -6.81657544e-03 -1.00188439e-02 -4.11791354e-03  9.68517699e-05
  3.14564865e-01  1.70007228e-01  1.54043980e-01  2.93704646e-01
  1.53294373e-01  1.49287031e-01  6.82822199e-02  4.11831807e-03
  1.65635719e-02  8.23375063e-02  2.30183195e-02  1.68076164e-02
  1.77827818e-01  7.65407006e-02  8.25428263e-02]

Gradient approximate =
[ 2.59790776e-04  1.92484397e-03  1.28655748e-04  2.40218290e-06
  1.39850080e-04 -7.23524840e-05  3.25739937e-01  1.70080919e-01
  1.59378429e-01  2.96434634e-01  1.53621033e-01  1.45842106e-01
  3.14564865e-01  1.62328245e-01  1.55124462e-01  2.93704646e-01
  1.51815831e-01  1.44824548e-01  6.82822200e-02  3.49536831e-02
  3.35823333e-02  0.00000000e+00  0.00000000e+00  0.00000000e+00
  0.00000000e+00  0.00000000e+00  0.00000000e+00]

Diff = 
[6.05778339e-04 4.05433736e-03 2.00438119e-03 1.07234401e-04
 4.39247808e-03 2.51563783e-03 3.37813872e-01 1.68914179e-01
 1.66195004e-01 3.06453478e-01 1.57738946e-01 1.45745254e-01
 1.37596601e-11 7.67898299e-03 1.08048251e-03 1.95472527e-11
 1.47854180e-03 4.46248344e-03 1.40760681e-10 3.08353650e-02
 1.70187615e-02 8.23375063e-02 2.30183195e-02 1.68076164e-02
 1.77827818e-01 7.65407006e-02 8.25428263e-02]

 Iteration 300:
############################
Gradient = 
[ 6.60006227e-05  7.10227794e-03  2.69739903e-03  2.34150267e-05
 -3.37667977e-03 -2.12900486e-03  3.17629464e-03  9.78271577e-03
 -1.52268234e-04  2.28988702e-03  3.30707883e-03  5.01199144e-03
  3.15696170e-01  1.70414369e-01  1.55247937e-01  2.94750514e-01
  1.54140334e-01  1.49959890e-01 -1.52444789e-02 -5.19701845e-02
 -3.64160307e-02  7.04819651e-04 -3.08630626e-02 -3.48249080e-02
  1.76094675e-01  7.76716156e-02  8.26800361e-02]

Gradient approximate =
[ 4.63127388e-04  3.00272559e-03  2.91938671e-04  6.86896273e-05
  5.51565300e-04 -2.67933320e-05  3.35407977e-01  1.75935004e-01
  1.63891303e-01  3.03081706e-01  1.57822589e-01  1.48980663e-01
  3.15696170e-01  1.63189820e-01  1.56025815e-01  2.94750514e-01
  1.52577597e-01  1.45667396e-01 -1.52444788e-02 -8.25761376e-03
 -7.68742197e-03  0.00000000e+00  0.00000000e+00  0.00000000e+00
  0.00000000e+00  0.00000000e+00  0.00000000e+00]

Diff = 
[3.97126765e-04 4.09955236e-03 2.40546036e-03 4.52746006e-05
 3.92824507e-03 2.10221153e-03 3.32231682e-01 1.66152288e-01
 1.64043571e-01 3.00791819e-01 1.54515510e-01 1.43968672e-01
 6.65689726e-12 7.22454877e-03 7.77878195e-04 1.19916854e-11
 1.56273681e-03 4.29249435e-03 1.58559147e-10 4.37125708e-02
 2.87286088e-02 7.04819651e-04 3.08630626e-02 3.48249080e-02
 1.76094675e-01 7.76716156e-02 8.26800361e-02]

 Iteration 400:
############################
Gradient = 
[ 5.09455889e-04  8.00159955e-03  3.07155283e-03  1.75731052e-04
 -2.62916255e-03 -1.79640141e-03  2.43899677e-02  2.07173280e-02
  8.63263344e-03  2.18397542e-02  1.39037309e-02  1.26878165e-02
  3.09799919e-01  1.64264387e-01  1.50462114e-01  2.89622032e-01
  1.49079230e-01  1.45313143e-01 -7.58113598e-02 -9.55587318e-02
 -7.76132344e-02 -6.05828522e-02 -7.37729985e-02 -7.60610817e-02
  2.03422184e-01  9.62553619e-02  9.95588100e-02]

Gradient approximate =
[ 5.48600949e-04  3.35029219e-03  3.82177705e-04  8.33743896e-05
  5.89247413e-04 -7.90842947e-07  3.37578772e-01  1.75499323e-01
  1.62866535e-01  3.04612023e-01  1.57274655e-01  1.47789754e-01
  3.09799919e-01  1.58267266e-01  1.51556819e-01  2.89622032e-01
  1.48125887e-01  1.41671167e-01 -7.58113597e-02 -3.91727186e-02
 -3.72975967e-02  0.00000000e+00  0.00000000e+00  0.00000000e+00
  0.00000000e+00  0.00000000e+00  0.00000000e+00]

Diff = 
[3.91450602e-05 4.65130736e-03 2.68937513e-03 9.23566623e-05
 3.21840996e-03 1.79561057e-03 3.13188805e-01 1.54781995e-01
 1.54233902e-01 2.82772269e-01 1.43370924e-01 1.35101937e-01
 1.38777878e-15 5.99712146e-03 1.09470529e-03 6.51828591e-12
 9.53343186e-04 3.64197544e-03 1.38267564e-10 5.63860133e-02
 4.03156377e-02 6.05828522e-02 7.37729985e-02 7.60610817e-02
 2.03422184e-01 9.62553619e-02 9.95588100e-02]

 Iteration 500:
############################
Gradient = 
[ 5.11180317e-04  7.02360002e-03  2.52933374e-03  2.71660965e-05
 -3.16784601e-03 -2.10366008e-03  4.82860967e-02  3.18990817e-02
  1.80586687e-02  4.49204949e-02  2.52628956e-02  2.14266902e-02
  2.95715840e-01  1.50778750e-01  1.38757197e-01  2.76722472e-01
  1.37045085e-01  1.34164858e-01 -1.15837874e-01 -1.26336100e-01
 -1.06725442e-01 -1.02591240e-01 -1.04709970e-01 -1.05955613e-01
  2.51940764e-01  1.25965323e-01  1.27125585e-01]

Gradient approximate =
[ 3.57971648e-04  2.15676593e-03  2.62074431e-04 -6.13808138e-05
 -3.20631872e-04 -8.29377300e-05  3.28355080e-01  1.66549548e-01
  1.54294838e-01  2.96700638e-01  1.49472992e-01  1.40059516e-01
  2.95715840e-01  1.46854210e-01  1.40873678e-01  2.76722472e-01
  1.37536729e-01  1.31794645e-01 -1.15837874e-01 -5.80139235e-02
 -5.54418205e-02  0.00000000e+00  0.00000000e+00  0.00000000e+00
  0.00000000e+00  0.00000000e+00  0.00000000e+00]

Diff = 
[1.53208669e-04 4.86683408e-03 2.26725931e-03 8.85469102e-05
 2.84721414e-03 2.02072235e-03 2.80068983e-01 1.34650466e-01
 1.36236169e-01 2.51780143e-01 1.24210097e-01 1.18632826e-01
 8.45601367e-12 3.92454001e-03 2.11648106e-03 1.77302617e-11
 4.91644121e-04 2.37021294e-03 9.81187909e-11 6.83221765e-02
 5.12836211e-02 1.02591240e-01 1.04709970e-01 1.05955613e-01
 2.51940764e-01 1.25965323e-01 1.27125585e-01]

 Iteration 600:
############################
Gradient = 
[-0.00041665  0.00269951  0.00042113 -0.00080582 -0.00618303 -0.00357402
  0.07371135  0.04289874  0.02778161  0.06972416  0.03650812  0.03056164
  0.27338719  0.13050965  0.12055433  0.25580865  0.11843503  0.11679322
 -0.14066383 -0.14612865 -0.12543668 -0.12951438 -0.12487457 -0.12560302
  0.31302392  0.15954394  0.15843512]

Gradient approximate =
[-1.01792674e-04 -6.70049638e-04 -2.87308488e-05 -3.78298766e-04
 -2.33313459e-03 -2.60491444e-04  3.06980720e-01  1.49459963e-01
  1.38395459e-01  2.77981471e-01  1.34338735e-01  1.25683722e-01
  2.73387191e-01  1.29489738e-01  1.24420021e-01  2.55808647e-01
  1.21227076e-01  1.16368522e-01 -1.40663830e-01 -6.71460269e-02
 -6.43164288e-02  0.00000000e+00  0.00000000e+00  0.00000000e+00
  0.00000000e+00  0.00000000e+00  0.00000000e+00]

Diff = 
[3.14854334e-04 3.36955619e-03 4.49860280e-04 4.27522437e-04
 3.84989866e-03 3.31352811e-03 2.33269365e-01 1.06561223e-01
 1.10613851e-01 2.08257311e-01 9.78306173e-02 9.51220785e-02
 3.10609316e-11 1.01991307e-03 3.86569306e-03 4.66163219e-11
 2.79204900e-03 4.24695722e-04 8.48376369e-11 7.89826188e-02
 6.11202471e-02 1.29514375e-01 1.24874569e-01 1.25603024e-01
 3.13023919e-01 1.59543942e-01 1.58435125e-01]

 Iteration 700:
############################
Gradient = 
[-0.00272858 -0.00611881 -0.00371474 -0.00273237 -0.01280917 -0.00667089
  0.09989194  0.0539951   0.03797454  0.09490192  0.0475443   0.03997218
  0.24339253  0.10475584  0.09708432  0.22752551  0.09456911  0.09444114
 -0.15535814 -0.15703791 -0.13574036 -0.14587895 -0.13611009 -0.13675114
  0.37753485  0.18961963  0.18646116]

Gradient approximate =
[-0.00069049 -0.0045696  -0.00032626 -0.00079529 -0.00519395 -0.00043849
  0.27475589  0.12622109  0.11686659  0.24927098  0.11349879  0.10610136
  0.24339253  0.10751104  0.10349389  0.22752551  0.10049135  0.09664933
 -0.15535814 -0.06914513 -0.06637019  0.          0.          0.
  0.          0.          0.        ]

Diff = 
[2.03809167e-03 1.54921393e-03 3.38848427e-03 1.93708259e-03
 7.61522594e-03 6.23240456e-03 1.74863951e-01 7.22259879e-02
 7.88920506e-02 1.54369057e-01 6.59544890e-02 6.61291876e-02
 4.66643113e-11 2.75520344e-03 6.40957137e-03 6.56321941e-11
 5.92223568e-03 2.20818661e-03 5.70385961e-11 8.78927749e-02
 6.93701685e-02 1.45878949e-01 1.36110093e-01 1.36751135e-01
 3.77534846e-01 1.89619634e-01 1.86461163e-01]

 Iteration 800:
############################
Gradient = 
[-0.00669704 -0.01972712 -0.00989934 -0.0061023  -0.0238397  -0.01165707
  0.12482792  0.06528338  0.04870766  0.11824399  0.05829897  0.04957228
  0.20714989  0.07548578  0.0702605   0.19346604  0.0675459   0.0691311
 -0.16354402 -0.16064644 -0.13918887 -0.15518487 -0.14005741 -0.14100459
  0.43740008  0.21021029  0.20558887]

Gradient approximate =
[-0.00123527 -0.00864781 -0.00048332 -0.00122292 -0.00845185 -0.0005319
  0.23458742  0.09982939  0.0924198   0.21313474  0.0897402   0.08386753
  0.20714989  0.0830495   0.08018447  0.19346604  0.07737139  0.07464167
 -0.16354402 -0.06596103 -0.06350617  0.          0.          0.
  0.          0.          0.        ]

Diff = 
[5.46176706e-03 1.10793009e-02 9.41601636e-03 4.87938102e-03
 1.53878499e-02 1.11251691e-02 1.09759503e-01 3.45460180e-02
 4.37121431e-02 9.48907501e-02 3.14412259e-02 3.42952513e-02
 8.70505612e-11 7.56371752e-03 9.92397538e-03 7.92784727e-11
 9.82548946e-03 5.51056409e-03 6.34041153e-11 9.46854046e-02
 7.56827019e-02 1.55184875e-01 1.40057407e-01 1.41004587e-01
 4.37400084e-01 2.10210285e-01 2.05588870e-01]

 Iteration 900:
############################
Gradient = 
[-0.01199936 -0.03607805 -0.01710748 -0.01090064 -0.03859499 -0.01812883
  0.14482521  0.07588953  0.05943444  0.13641254  0.06804847  0.05889359
  0.16734786  0.04537328  0.04262715  0.15636077  0.04013579  0.04348467
 -0.16749738 -0.15815088 -0.13697774 -0.15976743 -0.13814612 -0.13977319
  0.48737011  0.21822774  0.21301198]

Gradient approximate =
[-0.00161396 -0.01191636 -0.00049712 -0.00160605 -0.01156879 -0.00055719
  0.19079713  0.07380512  0.06835884  0.17354842  0.06646333  0.06216711
  0.16734786  0.05902272  0.05728948  0.15636077  0.05452671  0.05290588
 -0.16749738 -0.05899526 -0.05711262  0.          0.          0.
  0.          0.          0.        ]

Diff = 
[1.03854051e-02 2.41616829e-02 1.66103597e-02 9.29458576e-03
 2.70262013e-02 1.75716471e-02 4.59719157e-02 2.08441068e-03
 8.92439991e-03 3.71358858e-02 1.58513237e-03 3.27351690e-03
 1.15468607e-10 1.36494388e-02 1.46623288e-02 1.09968701e-10
 1.43909148e-02 9.42121359e-03 3.19716753e-11 9.91556289e-02
 7.98651215e-02 1.59767431e-01 1.38146116e-01 1.39773188e-01
 4.87370115e-01 2.18227740e-01 2.13011982e-01]

 