Iteration 0:
############################
Gradient = 
[-1.92358574e-04 -6.19728105e-04 -7.10171546e-04 -1.19358092e-04
  8.27303765e-04 -5.37292315e-04 -5.22618072e-04 -2.81919429e-03
 -1.93980198e-04  2.99572975e-04  1.22605466e-03 -8.24475449e-05
  1.67491047e-04  3.08688917e-04  4.46889875e-04 -3.70650017e-04
 -6.47800321e-04 -1.53358913e-03  2.15890416e-02  1.03586747e-02
  1.24060563e-02  7.89348693e-03  1.12933732e-02  1.12957728e-02
  1.04500372e-02  3.74351088e-03  6.17584090e-04  1.43688290e-03
  1.55259895e-03  1.89803405e-03  2.29848783e-03  1.04329640e-03
  3.31503337e-01  1.63206278e-01  1.64426972e-01  3.14313785e-01
  1.54143421e-01  1.54923676e-01  2.95506140e-01  1.46088267e-01
  1.46478257e-01  2.91773166e-01  1.44432554e-01  1.42218468e-01
  3.27082489e-01  1.61740293e-01  1.60660400e-01]

Gradient approximate =
[-1.39777889e-04 -6.88952428e-04 -1.72441044e-04 -9.75752146e-05
 -4.64013039e-04 -1.19645964e-04  3.80887715e-04  1.29498420e-03
  3.83044652e-04 -1.98280685e-04 -6.64465125e-04 -1.98949810e-04
 -2.56165622e-05 -1.73527104e-05  3.08236293e-01  1.51332436e-01
  1.51613768e-01  2.81444913e-01  1.22202406e-01  1.30729032e-01
  2.82137901e-01  1.35939975e-01  1.35846941e-01  2.98586226e-01
  1.42118780e-01  1.61748845e-01  2.77956385e-01  1.40237325e-01
  1.39032062e-01  5.34166185e-03  5.50368408e-03  5.85107524e-03
  0.00000000e+00  0.00000000e+00  0.00000000e+00  0.00000000e+00
  0.00000000e+00  0.00000000e+00  0.00000000e+00  0.00000000e+00
  0.00000000e+00  0.00000000e+00  0.00000000e+00  0.00000000e+00
  0.00000000e+00  0.00000000e+00  0.00000000e+00]

Diff = 
[5.25806849e-05 6.92243231e-05 5.37730503e-04 2.17828772e-05
 1.29131680e-03 4.17646351e-04 9.03505787e-04 4.11417849e-03
 5.77024849e-04 4.97853660e-04 1.89051978e-03 1.16502265e-04
 1.93107609e-04 3.26041628e-04 3.07789403e-01 1.51703086e-01
 1.52261569e-01 2.82978502e-01 1.00613365e-01 1.20370357e-01
 2.69731844e-01 1.28046488e-01 1.24553568e-01 2.87290453e-01
 1.31668743e-01 1.58005334e-01 2.77338801e-01 1.38800442e-01
 1.37479463e-01 3.44362780e-03 3.20519625e-03 4.80777885e-03
 3.31503337e-01 1.63206278e-01 1.64426972e-01 3.14313785e-01
 1.54143421e-01 1.54923676e-01 2.95506140e-01 1.46088267e-01
 1.46478257e-01 2.91773166e-01 1.44432554e-01 1.42218468e-01
 3.27082489e-01 1.61740293e-01 1.60660400e-01]

 Iteration 100:
############################
Gradient = 
[-1.83590995e-04 -6.24175008e-04 -6.24961758e-04 -1.45097258e-04
  6.94064246e-04 -5.10982329e-04  2.98216218e-04  8.75020057e-05
  6.89804950e-04 -2.10030762e-04 -5.86228892e-04 -6.32607938e-04
 -5.49569458e-05 -4.71175521e-04  1.79959263e-04 -5.99247886e-06
  6.05655576e-04 -1.06923211e-03 -1.40329084e-02 -7.15791068e-03
 -8.17300009e-03 -7.49897857e-03 -5.91168195e-03 -6.61446004e-03
 -8.07175596e-03  1.08151355e-02  4.09140869e-03  5.51883040e-03
  4.50929951e-03  5.28553092e-03  5.76699630e-03  4.75202743e-03
  3.07981886e-01  1.53793677e-01  1.50194295e-01  2.84473466e-01
  1.42667100e-01  1.38016141e-01  2.94869382e-01  1.46036881e-01
  1.44272638e-01  3.07846049e-01  1.53208875e-01  1.50076550e-01
  2.70104527e-01  1.34096457e-01  1.31355604e-01]

Gradient approximate =
[-1.83590967e-04 -8.29571929e-04 -2.11778766e-04 -1.45097259e-04
 -6.24607790e-04 -1.65484160e-04  2.98216185e-04  9.86421227e-04
  3.05894328e-04 -2.10030784e-04 -7.07544676e-04 -2.17426521e-04
 -5.49569501e-05 -1.32979070e-04  3.07932412e-01  1.54055211e-01
  1.49233154e-01  2.84444773e-01  1.28203907e-01  1.31274804e-01
  2.86765387e-01  1.41244703e-01  1.36550848e-01  3.00738470e-01
  1.46620939e-01  1.60179489e-01  2.75479013e-01  1.41464232e-01
  1.36030705e-01  5.27068758e-03  5.43047718e-03  5.75033449e-03
  0.00000000e+00  0.00000000e+00  0.00000000e+00  0.00000000e+00
  0.00000000e+00  0.00000000e+00  0.00000000e+00  0.00000000e+00
  0.00000000e+00  0.00000000e+00  0.00000000e+00  0.00000000e+00
  0.00000000e+00  0.00000000e+00  0.00000000e+00]

Diff = 
[2.83161803e-11 2.05396921e-04 4.13182992e-04 7.11060415e-13
 1.31867204e-03 3.45498169e-04 3.34150415e-11 8.98919221e-04
 3.83910623e-04 2.15581055e-11 1.21315784e-04 4.15181416e-04
 4.31578354e-12 3.38196451e-04 3.07752453e-01 1.54061203e-01
 1.48627498e-01 2.85514005e-01 1.42236816e-01 1.38432715e-01
 2.94938387e-01 1.48743682e-01 1.42462530e-01 3.07352930e-01
 1.54692695e-01 1.49364353e-01 2.71387604e-01 1.35945402e-01
 1.31521405e-01 1.48433441e-05 3.36519122e-04 9.98307066e-04
 3.07981886e-01 1.53793677e-01 1.50194295e-01 2.84473466e-01
 1.42667100e-01 1.38016141e-01 2.94869382e-01 1.46036881e-01
 1.44272638e-01 3.07846049e-01 1.53208875e-01 1.50076550e-01
 2.70104527e-01 1.34096457e-01 1.31355604e-01]

 Iteration 200:
############################
Gradient = 
[-2.15690180e-04 -7.11141289e-04 -6.44378296e-04 -1.80369342e-04
  5.70418096e-04 -5.37768480e-04  2.28376328e-04 -1.70878193e-04
  6.14516936e-04 -2.15291905e-04 -5.93698205e-04 -6.34852532e-04
 -7.64090233e-05 -5.46456194e-04  1.50147820e-04 -5.83938090e-05
  4.19556412e-04 -1.10101762e-03 -1.23567673e-02 -6.23222958e-03
 -7.06844944e-03 -6.67075578e-03 -5.01986949e-03 -5.68360979e-03
 -7.06587859e-03  1.05814361e-02  3.92322905e-03  5.27737793e-03
  4.35230337e-03  5.10223680e-03  5.57383927e-03  4.54790793e-03
  3.07762005e-01  1.56300180e-01  1.48101384e-01  2.87304430e-01
  1.46708717e-01  1.37653255e-01  2.98038764e-01  1.50242172e-01
  1.43990201e-01  3.08878805e-01  1.56464990e-01  1.48432758e-01
  2.67770336e-01  1.35097221e-01  1.28449115e-01]

Gradient approximate =
[-2.15690172e-04 -9.26545243e-04 -2.40673215e-04 -1.80369353e-04
 -7.38874470e-04 -2.00103634e-04  2.28376398e-04  7.27369349e-04
  2.40321709e-04 -2.15291920e-04 -7.23841700e-04 -2.29130259e-04
 -7.64090102e-05 -2.15881801e-04  3.07685174e-01  1.56508819e-01
  1.46969323e-01  2.87227754e-01  1.33724978e-01  1.31638015e-01
  2.90925738e-01  1.46067000e-01  1.36997306e-01  3.02610431e-01
  1.50657302e-01  1.58461676e-01  2.73036468e-01  1.42384699e-01
  1.33099486e-01  5.16491767e-03  5.32195302e-03  5.61562736e-03
  0.00000000e+00  0.00000000e+00  0.00000000e+00  0.00000000e+00
  0.00000000e+00  0.00000000e+00  0.00000000e+00  0.00000000e+00
  0.00000000e+00  0.00000000e+00  0.00000000e+00  0.00000000e+00
  0.00000000e+00  0.00000000e+00  0.00000000e+00]

Diff = 
[7.94526638e-12 2.15403953e-04 4.03705081e-04 1.02990486e-11
 1.30929257e-03 3.37664846e-04 7.02039489e-11 8.98247542e-04
 3.74195227e-04 1.44992840e-11 1.30143495e-04 4.05722272e-04
 1.30945987e-11 3.30574393e-04 3.07535026e-01 1.56567213e-01
 1.46549767e-01 2.88328771e-01 1.46081745e-01 1.37870245e-01
 2.97994187e-01 1.52737756e-01 1.42017175e-01 3.08294040e-01
 1.57723181e-01 1.47880240e-01 2.69113239e-01 1.37107321e-01
 1.28747183e-01 6.26808694e-05 2.51886246e-04 1.06771943e-03
 3.07762005e-01 1.56300180e-01 1.48101384e-01 2.87304430e-01
 1.46708717e-01 1.37653255e-01 2.98038764e-01 1.50242172e-01
 1.43990201e-01 3.08878805e-01 1.56464990e-01 1.48432758e-01
 2.67770336e-01 1.35097221e-01 1.28449115e-01]

 Iteration 300:
############################
Gradient = 
[-2.37060444e-04 -7.57787729e-04 -6.53857533e-04 -2.04615042e-04
  4.89393615e-04 -5.53953511e-04  1.70993104e-04 -3.78076081e-04
  5.51671848e-04 -2.15587164e-04 -5.80802192e-04 -6.31669996e-04
 -9.13554832e-05 -5.93914497e-04  1.27621190e-04 -9.78409314e-05
  2.84138908e-04 -1.12062871e-03 -1.08592481e-02 -5.40678236e-03
 -6.08644267e-03 -5.93413567e-03 -4.22561201e-03 -4.85521627e-03
 -6.17126180e-03  1.02723152e-02  3.72048234e-03  4.99927324e-03
  4.16691757e-03  4.88441700e-03  5.34563694e-03  4.31024783e-03
  3.07582978e-01  1.58488792e-01  1.46100825e-01  2.89853842e-01
  1.50314295e-01  1.37172605e-01  3.00784202e-01  1.53944357e-01
  1.43521811e-01  3.09678540e-01  1.59265290e-01  1.46738887e-01
  2.65547673e-01  1.35834107e-01  1.25686986e-01]

Gradient approximate =
[-2.37060427e-04 -9.84186801e-04 -2.59843937e-04 -2.04615047e-04
 -8.12036800e-04 -2.24440413e-04  1.70993089e-04  5.16035024e-04
  1.86163469e-04 -2.15587188e-04 -7.19726534e-04 -2.35398452e-04
 -9.13554521e-05 -2.71870855e-04  3.07485685e-01  1.58656807e-01
  1.44843748e-01  2.89740975e-01  1.38655053e-01  1.31809341e-01
  2.94555158e-01  1.50317919e-01  1.37185398e-01  3.04160030e-01
  1.54154928e-01  1.56614300e-01  2.70668112e-01  1.42996871e-01
  1.30279120e-01  5.02162440e-03  5.17523470e-03  5.44407867e-03
  0.00000000e+00  0.00000000e+00  0.00000000e+00  0.00000000e+00
  0.00000000e+00  0.00000000e+00  0.00000000e+00  0.00000000e+00
  0.00000000e+00  0.00000000e+00  0.00000000e+00  0.00000000e+00
  0.00000000e+00  0.00000000e+00  0.00000000e+00]

Diff = 
[1.73519927e-11 2.26399072e-04 3.94013596e-04 5.31896757e-12
 1.30143042e-03 3.29513098e-04 1.52782423e-11 8.94111104e-04
 3.65508379e-04 2.39731163e-11 1.38924342e-04 3.96271544e-04
 3.11020986e-11 3.22043642e-04 3.07358064e-01 1.58754648e-01
 1.44559609e-01 2.90861604e-01 1.49514301e-01 1.37216124e-01
 3.00641600e-01 1.56252055e-01 1.41411010e-01 3.09015246e-01
 1.60326189e-01 1.46341985e-01 2.66947630e-01 1.37997597e-01
 1.26112202e-01 1.37207400e-04 1.70402233e-04 1.13383084e-03
 3.07582978e-01 1.58488792e-01 1.46100825e-01 2.89853842e-01
 1.50314295e-01 1.37172605e-01 3.00784202e-01 1.53944357e-01
 1.43521811e-01 3.09678540e-01 1.59265290e-01 1.46738887e-01
 2.65547673e-01 1.35834107e-01 1.25686986e-01]

 Iteration 400:
############################
Gradient = 
[-2.49784536e-04 -7.72534961e-04 -6.55340949e-04 -2.20000310e-04
  4.42139995e-04 -5.61588499e-04  1.24121242e-04 -5.42260861e-04
  4.99387810e-04 -2.12202964e-04 -5.53133099e-04 -6.24359057e-04
 -1.01206750e-04 -6.19770752e-04  1.10935893e-04 -1.26639144e-04
  1.89964005e-04 -1.13024396e-03 -9.52752783e-03 -4.67354498e-03
 -5.21686737e-03 -5.28072707e-03 -3.52146775e-03 -4.12104993e-03
 -5.37836170e-03  9.90226101e-03  3.49019597e-03  4.69272990e-03
  3.95902031e-03  4.63931699e-03  5.08976964e-03  4.04629663e-03
  3.07435669e-01  1.60393624e-01  1.44199890e-01  2.92141127e-01
  1.53517222e-01  1.36603900e-01  3.03151138e-01  1.57186474e-01
  1.42912440e-01  3.10277388e-01  1.61658201e-01  1.45028967e-01
  2.63452924e-01  1.36357243e-01  1.23084662e-01]

Gradient approximate =
[-2.49784542e-04 -1.01037978e-03 -2.71098946e-04 -2.20000320e-04
 -8.52377389e-04 -2.40403042e-04  1.24121240e-04  3.44950597e-04
  1.41709231e-04 -2.12202960e-04 -7.00530836e-04 -2.37458888e-04
 -1.01206727e-04 -3.06799315e-04  3.07323465e-01  1.60531157e-01
  1.42855632e-01  2.92001850e-01  1.43037771e-01  1.31823642e-01
  2.97707446e-01  1.54046282e-01  1.37164739e-01  3.05426164e-01
  1.57168607e-01  1.54684866e-01  2.68396895e-01  1.43358120e-01
  1.27590171e-01  4.84759200e-03  4.99723477e-03  5.24249141e-03
  0.00000000e+00  0.00000000e+00  0.00000000e+00  0.00000000e+00
  0.00000000e+00  0.00000000e+00  0.00000000e+00  0.00000000e+00
  0.00000000e+00  0.00000000e+00  0.00000000e+00  0.00000000e+00
  0.00000000e+00  0.00000000e+00  0.00000000e+00]

Diff = 
[5.46216989e-12 2.37844814e-04 3.84242003e-04 9.79701848e-12
 1.29451738e-03 3.21185458e-04 1.90842212e-12 8.87211458e-04
 3.57678579e-04 4.02969479e-12 1.47397737e-04 3.86900169e-04
 2.21234449e-11 3.12971437e-04 3.07212529e-01 1.60657796e-01
 1.42665668e-01 2.93132094e-01 1.52565299e-01 1.36497187e-01
 3.02924314e-01 1.59327009e-01 1.40686206e-01 3.09547214e-01
 1.62546968e-01 1.44782605e-01 2.64906699e-01 1.38665390e-01
 1.23631151e-01 2.08275010e-04 9.25348754e-05 1.19619478e-03
 3.07435669e-01 1.60393624e-01 1.44199890e-01 2.92141127e-01
 1.53517222e-01 1.36603900e-01 3.03151138e-01 1.57186474e-01
 1.42912440e-01 3.10277388e-01 1.61658201e-01 1.45028967e-01
 2.63452924e-01 1.36357243e-01 1.23084662e-01]

 Iteration 500:
############################
Gradient = 
[-2.55601647e-04 -7.62412778e-04 -6.50467665e-04 -2.28314925e-04
  4.21328547e-04 -5.62388508e-04  8.60943275e-05 -6.70443528e-04
  4.56034401e-04 -2.06121555e-04 -5.15014898e-04 -6.13931440e-04
 -1.07066758e-04 -6.28957865e-04  9.89392654e-05 -1.46739230e-04
  1.29035361e-04 -1.13172781e-03 -8.34728926e-03 -4.02414017e-03
 -4.44922894e-03 -4.70215345e-03 -2.89946933e-03 -3.47246461e-03
 -4.67744650e-03  9.48480811e-03  3.23901577e-03  4.36544093e-03
  3.73412195e-03  4.37373895e-03  4.81315403e-03  3.76286569e-03
  3.07312673e-01  1.62045884e-01  1.42404362e-01  2.94187264e-01
  1.56351755e-01  1.35974356e-01  3.05182181e-01  1.60011650e-01
  1.42201631e-01  3.10704503e-01  1.63689569e-01  1.43331728e-01
  2.61498226e-01  1.36710517e-01  1.20652665e-01]

Gradient approximate =
[-2.55601675e-04 -1.01173167e-03 -2.75970642e-04 -2.28314929e-04
 -8.66777157e-04 -2.49592189e-04  8.60943072e-05  2.07693371e-04
  1.05473565e-04 -2.06121518e-04 -6.70391553e-04 -2.36269475e-04
 -1.07066778e-04 -3.25315752e-04  3.07190033e-01  1.62161270e-01
  1.41003868e-01  2.94029626e-01  1.46919339e-01  1.31713884e-01
  3.00434110e-01  1.57301234e-01  1.36980266e-01  3.06445291e-01
  1.59751027e-01  1.52714828e-01  2.66241238e-01  1.43519292e-01
  1.25048083e-01  4.64926684e-03  4.79450899e-03  5.01733580e-03
  0.00000000e+00  0.00000000e+00  0.00000000e+00  0.00000000e+00
  0.00000000e+00  0.00000000e+00  0.00000000e+00  0.00000000e+00
  0.00000000e+00  0.00000000e+00  0.00000000e+00  0.00000000e+00
  0.00000000e+00  0.00000000e+00  0.00000000e+00]

Diff = 
[2.88552373e-11 2.49318893e-04 3.74497023e-04 4.08644524e-12
 1.28810570e-03 3.12796319e-04 2.02830722e-11 8.78136899e-04
 3.50560836e-04 3.73607091e-11 1.55376656e-04 3.77661965e-04
 1.92929736e-11 3.03642113e-04 3.07091094e-01 1.62308009e-01
 1.40874833e-01 2.95161354e-01 1.55266628e-01 1.35738024e-01
 3.04883339e-01 1.62003387e-01 1.39879735e-01 3.09917756e-01
 1.64428473e-01 1.43230020e-01 2.63002222e-01 1.39153851e-01
 1.21313961e-01 2.75527893e-04 1.86450398e-05 1.25447011e-03
 3.07312673e-01 1.62045884e-01 1.42404362e-01 2.94187264e-01
 1.56351755e-01 1.35974356e-01 3.05182181e-01 1.60011650e-01
 1.42201631e-01 3.10704503e-01 1.63689569e-01 1.43331728e-01
 2.61498226e-01 1.36710517e-01 1.20652665e-01]

 Iteration 600:
############################
Gradient = 
[-2.55954134e-04 -7.33237906e-04 -6.40609215e-04 -2.31029144e-04
  4.20940742e-04 -5.57776785e-04  5.54935035e-05 -7.68601777e-04
  4.20209798e-04 -1.98090967e-04 -4.69774203e-04 -6.01174525e-04
 -1.09799727e-04 -6.25380150e-04  9.07099962e-05 -1.59779404e-04
  9.46416981e-05 -1.12666019e-03 -7.30384117e-03 -3.45027819e-03
 -3.77319251e-03 -4.19038385e-03 -2.35161066e-03 -2.90087916e-03
 -4.05904104e-03  9.03219818e-03  2.97301770e-03  4.02437023e-03
  3.49722514e-03  4.09385761e-03  4.52206030e-03  3.46614359e-03
  3.07208025e-01  1.63473821e-01  1.40718443e-01  2.96013573e-01
  1.58851688e-01  1.35308112e-01  3.06916557e-01  1.62461628e-01
  1.41423389e-01  3.10985849e-01  1.65401840e-01  1.41670736e-01
  2.59691884e-01  1.36931660e-01  1.18397222e-01]

Gradient approximate =
[-2.55954127e-04 -9.93732792e-04 -2.75746077e-04 -2.31029160e-04
 -8.60906060e-04 -2.53339985e-04  5.54934632e-05  9.87772997e-05
  7.61773222e-05 -1.98090981e-04 -6.32505033e-04 -2.32577233e-04
 -1.09799723e-04 -3.31105854e-04  3.07078566e-01  1.63573874e-01
  1.39286838e-01  2.95844154e-01  1.50346090e-01  1.31510119e-01
  3.02783263e-01  1.60130435e-01  1.36671659e-01  3.07250744e-01
  1.61951506e-01  1.50739381e-01  2.64215257e-01  1.43524569e-01
  1.22663653e-01  4.43256474e-03  4.57306538e-03  4.77455657e-03
  0.00000000e+00  0.00000000e+00  0.00000000e+00  0.00000000e+00
  0.00000000e+00  0.00000000e+00  0.00000000e+00  0.00000000e+00
  0.00000000e+00  0.00000000e+00  0.00000000e+00  0.00000000e+00
  0.00000000e+00  0.00000000e+00  0.00000000e+00]

Diff = 
[7.35739415e-12 2.60494886e-04 3.64863138e-04 1.62881180e-11
 1.28184680e-03 3.04436801e-04 4.03531101e-11 8.67379077e-04
 3.44032476e-04 1.48493545e-11 1.62730829e-04 3.68597292e-04
 4.64556925e-12 2.94274297e-04 3.06987856e-01 1.63733654e-01
 1.39192196e-01 2.96970814e-01 1.57649931e-01 1.34960397e-01
 3.06556456e-01 1.64320819e-01 1.39023269e-01 3.10151623e-01
 1.66010547e-01 1.41707182e-01 2.61242239e-01 1.39500199e-01
 1.19166428e-01 3.38707132e-04 5.10050775e-05 1.30841297e-03
 3.07208025e-01 1.63473821e-01 1.40718443e-01 2.96013573e-01
 1.58851688e-01 1.35308112e-01 3.06916557e-01 1.62461628e-01
 1.41423389e-01 3.10985849e-01 1.65401840e-01 1.41670736e-01
 2.59691884e-01 1.36931660e-01 1.18397222e-01]

 Iteration 700:
############################
Gradient = 
[-2.52033274e-04 -6.89792137e-04 -6.26906390e-04 -2.29347523e-04
  4.36060487e-04 -5.48929559e-04  3.11140970e-05 -8.41813699e-04
  3.90713824e-04 -1.88682102e-04 -4.19965491e-04 -5.86703368e-04
 -1.10085605e-04 -6.12132396e-04  8.55077633e-05 -1.67129203e-04
  8.11862704e-05 -1.11637142e-03 -6.38284385e-03 -2.94403453e-03
 -3.17892015e-03 -3.73792431e-03 -1.87016175e-03 -2.39808261e-03
 -3.51419628e-03  8.55521521e-03  2.69760478e-03  3.67564600e-03
  3.25275403e-03  3.80512505e-03  4.22201929e-03  3.16159963e-03
  3.07116946e-01  1.64702814e-01  1.39144780e-01  2.97640882e-01
  1.61049448e-01  1.34626002e-01  3.08389876e-01  1.64575830e-01
  1.40606373e-01  3.11144227e-01  1.66833676e-01  1.40064766e-01
  2.58038859e-01  1.37052619e-01  1.16320944e-01]

Gradient approximate =
[-2.52033250e-04 -9.60917081e-04 -2.71500535e-04 -2.29347519e-04
 -8.39413279e-04 -2.52750929e-04  3.11141291e-05  1.35335698e-05
  5.27235477e-05 -1.88682123e-04 -5.89339315e-04 -2.26967192e-04
 -1.10085605e-04 -3.27097789e-04  3.06983596e-01  1.64793074e-01
  1.37702298e-01  2.97465018e-01  1.53362859e-01  1.31238969e-01
  3.04799064e-01  1.62578923e-01  1.36273211e-01  3.07872447e-01
  1.63815328e-01  1.48787639e-01  2.62329135e-01  1.43411709e-01
  1.20443625e-01  4.20276538e-03  4.33826057e-03  4.51946593e-03
  0.00000000e+00  0.00000000e+00  0.00000000e+00  0.00000000e+00
  0.00000000e+00  0.00000000e+00  0.00000000e+00  0.00000000e+00
  0.00000000e+00  0.00000000e+00  0.00000000e+00  0.00000000e+00
  0.00000000e+00  0.00000000e+00  0.00000000e+00]

Diff = 
[2.45882771e-11 2.71124944e-04 3.55405855e-04 4.18601541e-12
 1.27547377e-03 2.96178629e-04 3.20775532e-11 8.55347269e-04
 3.37990276e-04 2.09187589e-11 1.69373824e-04 3.59736176e-04
 5.34896766e-13 2.85034607e-04 3.06898089e-01 1.64960203e-01
 1.37621111e-01 2.98581390e-01 1.59745702e-01 1.34183003e-01
 3.07977984e-01 1.66316848e-01 1.38143373e-01 3.10270529e-01
 1.67329525e-01 1.40232424e-01 2.59631530e-01 1.39736063e-01
 1.17190871e-01 3.97640338e-04 1.16241274e-04 1.35786631e-03
 3.07116946e-01 1.64702814e-01 1.39144780e-01 2.97640882e-01
 1.61049448e-01 1.34626002e-01 3.08389876e-01 1.64575830e-01
 1.40606373e-01 3.11144227e-01 1.66833676e-01 1.40064766e-01
 2.58038859e-01 1.37052619e-01 1.16320944e-01]

 Iteration 800:
############################
Gradient = 
[-2.44820399e-04 -6.35985701e-04 -6.10303969e-04 -2.24256071e-04
  4.62687574e-04 -5.36816843e-04  1.19342528e-05 -8.94384565e-04
  3.66521267e-04 -1.78333097e-04 -3.67549770e-04 -5.71001649e-04
 -1.08463706e-04 -5.91676043e-04  8.27329890e-05 -1.69930451e-04
  8.40239219e-05 -1.10197664e-03 -5.57074749e-03 -2.49801029e-03
 -2.65726199e-03 -3.33791250e-03 -1.44785754e-03 -1.95641118e-03
 -3.03463540e-03  8.06314827e-03  2.41746862e-03  3.32452976e-03
  3.00453411e-03  3.51224160e-03  3.91779605e-03  2.85395285e-03
  3.07035627e-01  1.65755539e-01  1.37684567e-01  2.99088995e-01
  1.62975539e-01  1.33945561e-01  3.09634129e-01  1.66390836e-01
  1.39774285e-01  3.11199454e-01  1.68019871e-01  1.38528298e-01
  2.56541272e-01  1.37100078e-01  1.14423489e-01]

Gradient approximate =
[-2.44820393e-04 -9.17011944e-04 -2.64128455e-04 -2.24256045e-04
 -8.06098222e-04 -2.48739211e-04  1.19342203e-05 -5.20036503e-05
  3.41736195e-05 -1.78333135e-04 -5.42802343e-04 -2.19901011e-04
 -1.08463734e-04 -3.15627537e-04  3.06900755e-01  1.65840479e-01
  1.36247351e-01  2.98910978e-01  1.56011974e-01  1.30923462e-01
  3.06521499e-01  1.64688472e-01  1.35814017e-01  3.08336911e-01
  1.65383494e-01  1.46883079e-01  2.60589580e-01  1.43212506e-01
  1.18391315e-01  3.96447303e-03  4.09476236e-03  4.25670220e-03
  0.00000000e+00  0.00000000e+00  0.00000000e+00  0.00000000e+00
  0.00000000e+00  0.00000000e+00  0.00000000e+00  0.00000000e+00
  0.00000000e+00  0.00000000e+00  0.00000000e+00  0.00000000e+00
  0.00000000e+00  0.00000000e+00  0.00000000e+00]

Diff = 
[6.13944898e-12 2.81026244e-04 3.46175514e-04 2.58186635e-11
 1.26878580e-03 2.88077632e-04 3.24886228e-11 8.42380915e-04
 3.32347648e-04 3.77814273e-11 1.75252573e-04 3.51100638e-04
 2.72558678e-11 2.76048506e-04 3.06818022e-01 1.66010410e-01
 1.36163327e-01 3.00012954e-01 1.61582721e-01 1.33421473e-01
 3.09178761e-01 1.68026385e-01 1.37261875e-01 3.10293322e-01
 1.68418130e-01 1.38819931e-01 2.58172112e-01 1.39887977e-01
 1.15386781e-01 4.52231422e-04 1.76966302e-04 1.40274934e-03
 3.07035627e-01 1.65755539e-01 1.37684567e-01 2.99088995e-01
 1.62975539e-01 1.33945561e-01 3.09634129e-01 1.66390836e-01
 1.39774285e-01 3.11199454e-01 1.68019871e-01 1.38528298e-01
 2.56541272e-01 1.37100078e-01 1.14423489e-01]

 Iteration 900:
############################
Gradient = 
[-2.35122270e-04 -5.75000278e-04 -5.91581566e-04 -2.16561802e-04
  4.97577701e-04 -5.22237627e-04 -2.91279117e-06 -9.29960169e-04
  3.46757477e-04 -1.67382663e-04 -3.14032292e-04 -5.54452819e-04
 -1.05365898e-04 -5.65976591e-04  8.18958119e-05 -1.69133376e-04
  9.93146152e-05 -1.08440745e-03 -4.85503014e-03 -2.10541152e-03
 -2.19984680e-03 -2.98414825e-03 -1.07799798e-03 -1.56883653e-03
 -2.61281639e-03  7.56384108e-03  2.13659670e-03  2.97543793e-03
  2.75580703e-03  3.21917284e-03  3.61340927e-03  2.54718699e-03
  3.06961049e-01  1.66652176e-01  1.36337696e-01  3.00376379e-01
  1.64658230e-01  1.33281196e-01  3.10677816e-01  1.67940135e-01
  1.38946358e-01  3.11168617e-01  1.68991463e-01  1.37072064e-01
  2.55198888e-01  1.37096046e-01  1.12702182e-01]

Gradient approximate =
[-2.35122282e-04 -8.65068732e-04 -2.54372288e-04 -2.16561811e-04
 -7.64058381e-04 -2.42061244e-04 -2.91279001e-06 -1.01200102e-04
  1.97252992e-05 -1.67382670e-04 -4.94372081e-04 -2.11746936e-04
 -1.05365874e-04 -2.98568268e-04  3.06826566e-01  1.66735382e-01
  1.34918476e-01  3.00199622e-01  1.58332694e-01  1.30583106e-01
  3.07986422e-01  1.66497302e-01  1.35318345e-01  3.08667394e-01
  1.66692749e-01  1.45044113e-01  2.59000304e-01  1.42953384e-01
  1.16507227e-01  3.72162128e-03  3.84655747e-03  3.99023301e-03
  0.00000000e+00  0.00000000e+00  0.00000000e+00  0.00000000e+00
  0.00000000e+00  0.00000000e+00  0.00000000e+00  0.00000000e+00
  0.00000000e+00  0.00000000e+00  0.00000000e+00  0.00000000e+00
  0.00000000e+00  0.00000000e+00  0.00000000e+00]

Diff = 
[1.21069393e-11 2.90068455e-04 3.37209278e-04 8.69571366e-12
 1.26163608e-03 2.80176382e-04 1.16240490e-12 8.28760067e-04
 3.27032178e-04 6.68847481e-12 1.80339789e-04 3.42705883e-04
 2.38706722e-11 2.67408323e-04 3.06744670e-01 1.66904515e-01
 1.34819162e-01 3.01284030e-01 1.63187724e-01 1.32688517e-01
 3.10186269e-01 1.69481450e-01 1.36396343e-01 3.10236231e-01
 1.69305566e-01 1.37480272e-01 2.56863707e-01 1.39977947e-01
 1.13751420e-01 5.02448433e-04 2.33148205e-04 1.44304602e-03
 3.06961049e-01 1.66652176e-01 1.36337696e-01 3.00376379e-01
 1.64658230e-01 1.33281196e-01 3.10677816e-01 1.67940135e-01
 1.38946358e-01 3.11168617e-01 1.68991463e-01 1.37072064e-01
 2.55198888e-01 1.37096046e-01 1.12702182e-01]

 