Iteration 0:
############################
Gradient = 
[-0.02150293 -0.08906854 -0.03058246  0.00482295  0.01147742  0.01010463
  0.28293938  0.14361708  0.15780512  0.30920277  0.15881505  0.18386923
  0.31553593  0.16343407  0.17831847  0.31684651  0.1656615   0.18018774
  0.27796703  0.14712114  0.15226042]

Gradient approximate =
[-0.02150293 -0.09233503 -0.02664845  0.00482295  0.01034547 -0.00105522
  0.28293938  0.15448966  0.16524555  0.30920277  0.16656646  0.17355491
  0.31553593  0.16936699  0.17310143  0.31684651  0.17330779  0.17714427
  0.27796703  0.14729922  0.15769808]

Diff = 
[3.02136718e-11 3.26648927e-03 3.93401569e-03 9.50729079e-12
 1.13194817e-03 1.11598470e-02 2.22519225e-11 1.08725815e-02
 7.44042137e-03 5.82001114e-12 7.75140965e-03 1.03143185e-02
 1.90766847e-11 5.93292023e-03 5.21704005e-03 2.21206387e-11
 7.64629499e-03 3.04346696e-03 2.00769401e-11 1.78083599e-04
 5.43766639e-03]

 Iteration 100:
############################
Gradient = 
[-0.03958454 -0.13635861 -0.04539684 -0.0276979  -0.10372611 -0.02524612
  0.18108783  0.11446013  0.10571367  0.2005018   0.10953016  0.11789368
  0.20593768  0.10635728  0.10911867  0.20426653  0.12140039  0.11690077
  0.18244437  0.09905208  0.09249087]

Gradient approximate =
[-0.03958454 -0.15452037 -0.04641214 -0.0276979  -0.11226713 -0.03794217
  0.18108783  0.13999394  0.12766255  0.2005018   0.13249263  0.12432607
  0.20593768  0.12755945  0.11988459  0.20426653  0.14534748  0.13029068
  0.18244437  0.11317346  0.11153468]

Diff = 
[2.79886947e-11 1.81617623e-02 1.01529726e-03 2.75830747e-12
 8.54102282e-03 1.26960426e-02 7.92149402e-11 2.55338092e-02
 2.19488786e-02 7.89808219e-11 2.29624713e-02 6.43239334e-03
 7.99714739e-11 2.12021666e-02 1.07659205e-02 7.89231458e-11
 2.39470954e-02 1.33899075e-02 9.26395349e-11 1.41213801e-02
 1.90438098e-02]

 Iteration 200:
############################
Gradient = 
[-0.02849312 -0.07481817 -0.02655173 -0.0249371  -0.07764872 -0.01702796
  0.11004283  0.07335586  0.06935619  0.12759884  0.05942097  0.07020341
  0.13324311  0.05507515  0.05988535  0.12729202  0.07051495  0.07141703
  0.11838483  0.05396143  0.04896346]

Gradient approximate =
[-0.02849312 -0.1050141  -0.03167285 -0.0249371  -0.09695084 -0.03226613
  0.11004283  0.10957357  0.10120686  0.12759884  0.09189246  0.08720435
  0.13324311  0.08530909  0.08009579  0.12729202  0.10531313  0.09541632
  0.11838483  0.07666652  0.07591684]

Diff = 
[7.51180368e-13 3.01959307e-02 5.12111643e-03 2.37963746e-11
 1.93021226e-02 1.52381737e-02 1.38836942e-10 3.62177068e-02
 3.18506723e-02 1.31342603e-10 3.24714881e-02 1.70009418e-02
 1.28182520e-10 3.02339318e-02 2.02104449e-02 1.30543742e-10
 3.47981828e-02 2.39992986e-02 1.27438352e-10 2.27050849e-02
 2.69533810e-02]

 Iteration 300:
############################
Gradient = 
[-0.01882008 -0.03242978 -0.01306735 -0.01757    -0.04198089 -0.00615361
  0.06934309  0.04047105  0.04072283  0.0861982   0.02504204  0.037088
  0.09227775  0.02183525  0.02796555  0.08369058  0.03377313  0.0384488
  0.08217439  0.02405551  0.02043377]

Gradient approximate =
[-0.01882008 -0.06847286 -0.02036433 -0.01757    -0.06794946 -0.0226687
  0.06934309  0.08302085  0.0787214   0.0861982   0.06214692  0.06003572
  0.09227775  0.05627298  0.05301239  0.08369058  0.07432623  0.06854946
  0.08217439  0.05104625  0.05119263]

Diff = 
[1.18982740e-11 3.60430850e-02 7.29698239e-03 6.98622063e-12
 2.59685673e-02 1.65150973e-02 1.52027585e-10 4.25498001e-02
 3.79985723e-02 1.35105371e-10 3.71048835e-02 2.29477254e-02
 1.50129256e-10 3.44377366e-02 2.50468389e-02 1.59520883e-10
 4.05531002e-02 3.01006565e-02 1.41073681e-10 2.69907397e-02
 3.07588593e-02]

 Iteration 400:
############################
Gradient = 
[-0.01301977 -0.01058283 -0.00588465 -0.01243684 -0.02037695  0.00017938
  0.04689367  0.02027427  0.02230726  0.06332792  0.00558156  0.01735599
  0.06960997  0.00321217  0.00961807  0.05980844  0.01252426  0.01847741
  0.06212534  0.0070715   0.00418258]

Gradient approximate =
[-0.01301977 -0.04893475 -0.01421537 -0.01243684 -0.04977134 -0.01663994
  0.04689367  0.06617468  0.06380062  0.06332792  0.04432123  0.0432959
  0.06960997  0.03897307  0.03670407  0.05980844  0.05559433  0.05171117
  0.06212534  0.03574028  0.03625412]

Diff = 
[9.78381265e-12 3.83519201e-02 8.33071865e-03 3.88825777e-12
 2.93943868e-02 1.68193206e-02 1.70164438e-10 4.59004165e-02
 4.14933557e-02 1.48263832e-10 3.87396697e-02 2.59399196e-02
 1.53961344e-10 3.57608997e-02 2.70859927e-02 1.40796916e-10
 4.30700731e-02 3.32337557e-02 1.59398175e-10 2.86687810e-02
 3.20715315e-02]

 Iteration 500:
############################
Gradient = 
[-0.00953654  0.00046846 -0.00210681 -0.00920822 -0.00844758  0.00342721
  0.03424152  0.00852429  0.01119998  0.05025473 -0.00489028  0.00607527
  0.05655322 -0.00684064 -0.00059938  0.04630907  0.00083722  0.00701983
  0.05057791 -0.00225408 -0.00467785]

Gradient approximate =
[-0.00953654 -0.03839167 -0.01086965 -0.00920822 -0.0394136  -0.01316837
  0.03424152  0.05600157  0.05454318  0.05025473  0.0338321   0.03328863
  0.05655322  0.02866124  0.02694637  0.04630907  0.04460383  0.04164313
  0.05057791  0.02663967  0.02731916]

Diff = 
[9.74990054e-12 3.88601283e-02 8.76283504e-03 2.20334480e-11
 3.09660209e-02 1.65955852e-02 1.52935532e-10 4.74772798e-02
 4.33431972e-02 1.60664530e-10 3.87223795e-02 2.72133569e-02
 1.57709693e-10 3.55018819e-02 2.75457531e-02 1.55259403e-10
 4.37666113e-02 3.46232973e-02 1.64611415e-10 2.88937491e-02
 3.19970117e-02]

 Iteration 600:
############################
Gradient = 
[-0.00733396  0.00597449 -0.00010656 -0.00712869 -0.00192453  0.00497694
  0.0269024   0.00174677  0.00458128  0.04240203 -0.01034592 -0.00033498
  0.04860957 -0.01212572 -0.00622486  0.03832446 -0.00547031  0.00052785
  0.04355495 -0.0072967  -0.0093829 ]

Gradient approximate =
[-0.00733396 -0.03248692 -0.00898392 -0.00712869 -0.03344453 -0.01113212
  0.0269024   0.04977447  0.04878971  0.04240203  0.02748229  0.02717306
  0.04860957  0.02227231  0.0209058   0.03832446  0.03800043  0.03554747
  0.04355495  0.0210295   0.02179187]

Diff = 
[1.76339542e-11 3.84614194e-02 8.87735838e-03 7.95882457e-13
 3.15200032e-02 1.61090629e-02 1.59179326e-10 4.80276965e-02
 4.42084238e-02 1.50829196e-10 3.78282099e-02 2.75080449e-02
 1.53785852e-10 3.43980292e-02 2.71306604e-02 1.57566821e-10
 4.34707368e-02 3.50196230e-02 1.40729629e-10 2.83262055e-02
 3.11747703e-02]

 Iteration 700:
############################
Gradient = 
[-0.00585161  0.00855166  0.00094114 -0.00571631  0.00161506  0.00561436
  0.02252272 -0.00216002  0.00062571  0.03740322 -0.0130319  -0.00397855
  0.04346018 -0.01476453 -0.00927035  0.03334994 -0.00878994 -0.00313533
  0.03900264 -0.00995131 -0.01177561]

Gradient approximate =
[-0.00585161 -0.02906885 -0.00788305 -0.00571631 -0.02990389 -0.00988914
  0.02252272  0.04582626  0.04511223  0.03740322  0.02345498  0.02326795
  0.04346018  0.01809399  0.01696664  0.03334994  0.03385455  0.03171895
  0.03900264  0.01738315  0.01818641]

Diff = 
[4.39288501e-11 3.76205124e-02 8.82419575e-03 2.42003995e-11
 3.15189455e-02 1.55034997e-02 1.74628229e-10 4.79862789e-02
 4.44865213e-02 1.60018783e-10 3.64868773e-02 2.72465076e-02
 1.59596433e-10 3.28585221e-02 2.62369919e-02 1.64898414e-10
 4.26444901e-02 3.48542819e-02 1.65431099e-10 2.73344595e-02
 2.99620117e-02]

 Iteration 800:
############################
Gradient = 
[-0.00478681  0.0095554   0.00146718 -0.00469598  0.0034874   0.00576365
  0.01982851 -0.00440583 -0.00175588  0.03400304 -0.01418998 -0.00604358
  0.03987589 -0.0159277  -0.01085794  0.03006023 -0.01044776 -0.00518799
  0.03583198 -0.01126629 -0.01288102]

Gradient approximate =
[-0.00478681 -0.02702967 -0.00721735 -0.00469598 -0.02773208 -0.00909234
  0.01982851  0.04319817  0.04265673  0.03400304  0.02074556  0.02062548
  0.03987589  0.01518325  0.01422996  0.03006023  0.0310968   0.02918485
  0.03583198  0.0148581   0.01567648]

Diff = 
[1.15776078e-11 3.65850640e-02 8.68453030e-03 1.90196661e-11
 3.12194756e-02 1.48559925e-02 1.52602198e-10 4.76039948e-02
 4.44126150e-02 1.60587592e-10 3.49355387e-02 2.66690605e-02
 1.57337247e-10 3.11109437e-02 2.50878960e-02 1.47331959e-10
 4.15445666e-02 3.43728344e-02 1.62811632e-10 2.61243911e-02
 2.85575021e-02]

 Iteration 900:
############################
Gradient = 
[-0.0039725   0.00971527  0.00170452 -0.00391236  0.00441712  0.0056554
  0.01810928 -0.00568361 -0.00320197  0.0315191  -0.01450833 -0.00719909
  0.03718876 -0.01626636 -0.01161573  0.02773476 -0.01117936 -0.00631853
  0.03345176 -0.01182533 -0.0132697 ]

Gradient approximate =
[-0.0039725  -0.02577297 -0.00679855 -0.00391236 -0.02634868 -0.00855219
  0.01810928  0.04134289  0.04092399  0.0315191   0.01879654  0.01871429
  0.03718876  0.01301601  0.01219415  0.02773476  0.02913453  0.02739688
  0.03345176  0.01298648  0.01380222]

Diff = 
[2.42464920e-11 3.54882378e-02 8.50307113e-03 2.20183767e-12
 3.07658036e-02 1.42075929e-02 1.59428692e-10 4.70264975e-02
 4.41259595e-02 1.52139093e-10 3.33048663e-02 2.59133829e-02
 1.51994792e-10 2.92823626e-02 2.38098783e-02 1.53325803e-10
 4.03138887e-02 3.37154019e-02 1.36772385e-10 2.48118159e-02
 2.70719245e-02]

 