Iteration 0:
############################
Gradient = 
[ 0.00791869  0.00681511  0.00355965  0.00405901 -0.00085616 -0.00572138
 -0.00602714 -0.01310129 -0.01320575 -0.01483919 -0.0458381  -0.03064962
  0.27578777  0.10065073  0.10922798  0.12807544  0.15308875  0.30525287
  0.14195726  0.13968158  0.15177665  0.16149831  0.27123171  0.1293991
  0.12903652  0.11277054  0.1375632   0.27970721  0.13773733  0.09818102
  0.10925548  0.17026697  0.32111667  0.16139504  0.13395087  0.12819085
  0.19039532]

Gradient approximate =
[ 7.91868585e-03  1.65994965e-02  3.77822904e-03  4.05900816e-03
  1.08937376e-02  5.66937523e-03 -6.02713820e-03 -4.25099415e-03
 -2.67181999e-04 -1.48391940e-02 -6.26595255e-02 -1.69098415e-02
  2.75787767e-01  1.17122829e-01  1.02725266e-01  1.12481983e-01
  1.69313437e-01  3.05252868e-01  1.38531183e-01  1.27916837e-01
  1.36800933e-01  1.77363341e-01  2.71231705e-01  1.26858927e-01
  1.20237946e-01  1.27370756e-01  1.54087521e-01  2.79707210e-01
  1.22844629e-01  1.13109695e-01  1.22536800e-01  1.70844389e-01
  3.21116674e-01  1.48789405e-01  1.36407763e-01  1.44577670e-01
  1.79763853e-01]

Diff = 
[2.08587470e-11 9.78438182e-03 2.18576674e-04 1.82173027e-11
 1.17498987e-02 1.13907543e-02 9.07735692e-12 8.85029573e-03
 1.29385726e-02 1.85066320e-11 1.68214281e-02 1.37397776e-02
 9.51033696e-12 1.64721005e-02 6.50271690e-03 1.55934622e-02
 1.62246830e-02 1.32005518e-12 3.42608116e-03 1.17647461e-02
 1.49757204e-02 1.58650337e-02 8.16280377e-12 2.54017391e-03
 8.79857260e-03 1.46002191e-02 1.65243183e-02 2.84323121e-11
 1.48927048e-02 1.49286787e-02 1.32813217e-02 5.77423626e-04
 1.86777815e-11 1.26056366e-02 2.45688958e-03 1.63868163e-02
 1.06314662e-02]

 Iteration 100:
############################
Gradient = 
[-0.01791837 -0.07951062 -0.02408867 -0.01808685 -0.07400826 -0.02858005
 -0.02506876 -0.07686418 -0.03239593 -0.03164976 -0.09097086 -0.04409336
  0.16918138  0.05602124  0.06683079  0.08291238  0.09560949  0.18560122
  0.07899056  0.08110374  0.08989522  0.08571235  0.16631431  0.07000689
  0.07336057  0.0576284   0.06705729  0.17050131  0.08227771  0.05238495
  0.06096906  0.10141995  0.19545806  0.09117845  0.07252627  0.06587791
  0.10593629]

Gradient approximate =
[-0.01791837 -0.07835854 -0.02638824 -0.01808685 -0.07070819 -0.02076032
 -0.02506876 -0.07782447 -0.02401067 -0.03164976 -0.12244234 -0.03765046
  0.16918138  0.0851753   0.07475163  0.08477077  0.1326756   0.18560122
  0.09377031  0.08761152  0.0950087   0.12222155  0.16631431  0.08398828
  0.08139411  0.08637862  0.10063539  0.17050131  0.08550833  0.0796305
  0.08828736  0.12478166  0.19545806  0.09949947  0.09207623  0.09834824
  0.12010934]

Diff = 
[1.27878090e-11 1.15208723e-03 2.29957123e-03 6.50316259e-12
 3.30007491e-03 7.81973383e-03 4.83786934e-11 9.60284722e-04
 8.38525499e-03 3.23980426e-12 3.14714751e-02 6.44289592e-03
 1.10194659e-10 2.91540605e-02 7.92083639e-03 1.85839060e-03
 3.70661059e-02 7.93261012e-11 1.47797490e-02 6.50777693e-03
 5.11348010e-03 3.65092041e-02 1.07690690e-10 1.39813867e-02
 8.03353517e-03 2.87502232e-02 3.35780997e-02 9.85864446e-11
 3.23061312e-03 2.72455462e-02 2.73182965e-02 2.33617108e-02
 8.27796720e-11 8.32101802e-03 1.95499603e-02 3.24703296e-02
 1.41730442e-02]

 Iteration 200:
############################
Gradient = 
[-0.01774919 -0.06273245 -0.01917666 -0.0177558  -0.05864769 -0.0234804
 -0.02171928 -0.05354372 -0.02416795 -0.02256457 -0.04234477 -0.02726453
  0.09992413  0.03146536  0.04248724  0.05298204  0.04845513  0.11260934
  0.03969605  0.04375562  0.04824807  0.03171759  0.10399299  0.03157252
  0.03630749  0.02071415  0.02032656  0.10186962  0.04829953  0.02496133
  0.02917742  0.04876971  0.11870079  0.04553499  0.03250808  0.02412273
  0.0465248 ]

Gradient approximate =
[-0.01774919 -0.07426166 -0.02534277 -0.0177558  -0.0671451  -0.0202532
 -0.02171928 -0.0660102  -0.02072608 -0.02256457 -0.08521364 -0.0269234
  0.09992413  0.0679795   0.05961971  0.06632119  0.09762992  0.11260934
  0.06437766  0.06070184  0.06491631  0.07790876  0.10399299  0.05397468
  0.05347053  0.05591255  0.06100823  0.10186962  0.06249023  0.0586585
  0.06403404  0.08466208  0.11870079  0.06524596  0.06078022  0.06402072
  0.07330424]

Diff = 
[2.65351491e-11 1.15292185e-02 6.16611063e-03 3.60882851e-12
 8.49741479e-03 3.22719892e-03 2.76581223e-11 1.24664739e-02
 3.44186475e-03 1.88607949e-11 4.28688724e-02 3.41130970e-04
 1.46236065e-10 3.65141328e-02 1.71324651e-02 1.33391544e-02
 4.91747918e-02 1.51142626e-10 2.46816157e-02 1.69462144e-02
 1.66682404e-02 4.61911742e-02 1.31586644e-10 2.24021573e-02
 1.71630391e-02 3.51984002e-02 4.06816704e-02 1.37673387e-10
 1.41906981e-02 3.36971712e-02 3.48566286e-02 3.58923698e-02
 1.34389777e-10 1.97109649e-02 2.82721414e-02 3.98979919e-02
 2.67794323e-02]

 Iteration 300:
############################
Gradient = 
[-0.01309079 -0.03505442 -0.01053452 -0.01338536 -0.03331984 -0.01499272
 -0.01588319 -0.02687966 -0.01473238 -0.01482289 -0.0101854  -0.0150606
  0.06168626  0.01389616  0.02489495  0.03100913  0.01772444  0.07459922
  0.01541801  0.02031086  0.02232464  0.00197103  0.07287529  0.00967933
  0.01446395  0.00039747 -0.00326233  0.06565509  0.02585078  0.00754434
  0.00887234  0.01748638  0.0797773   0.01836958  0.00899432  0.00055485
  0.01422067]

Gradient approximate =
[-0.01309079 -0.05479191 -0.01919742 -0.01338536 -0.04954566 -0.01501035
 -0.01588319 -0.04603388 -0.01455122 -0.01482289 -0.05722266 -0.01822477
  0.06168626  0.05416786  0.04766415  0.05136969  0.07229608  0.07459922
  0.04459982  0.0425328   0.04479623  0.05074138  0.07287529  0.03539393
  0.03576126  0.03719593  0.03861927  0.06565509  0.04619723  0.04387882
  0.04681201  0.05874492  0.0797773   0.04328978  0.04059506  0.04233145
  0.0458555 ]

Diff = 
[6.33454400e-12 1.97374925e-02 8.66289739e-03 1.72271052e-12
 1.62258140e-02 1.76241677e-05 6.75074233e-12 1.91542203e-02
 1.81158042e-04 1.29678473e-11 4.70372622e-02 3.16417094e-03
 1.55156964e-10 4.02717057e-02 2.27692053e-02 2.03605601e-02
 5.45716423e-02 1.42639359e-10 2.91818087e-02 2.22219334e-02
 2.24715968e-02 4.87703524e-02 1.53785082e-10 2.57146055e-02
 2.12973047e-02 3.67984539e-02 4.18816026e-02 1.41025247e-10
 2.03464466e-02 3.63344747e-02 3.79396737e-02 4.12585431e-02
 1.47254486e-10 2.49201938e-02 3.16007346e-02 4.17766035e-02
 3.16348231e-02]

 Iteration 400:
############################
Gradient = 
[-0.00976284 -0.01790374 -0.00503397 -0.01019911 -0.01746414 -0.00939437
 -0.01202114 -0.01195874 -0.00903326 -0.01047972  0.00439771 -0.00852943
  0.04194831  0.00359782  0.01398557  0.01754071  0.00156097  0.0558485
  0.0028222   0.00769734  0.00862897 -0.01121424  0.05802875 -0.00071758
  0.00355779 -0.0085313  -0.01289967  0.04772723  0.0131263  -0.00157435
 -0.00159971  0.00210208  0.06111141  0.00473469 -0.00236653 -0.00994722
 -0.0005461 ]

Gradient approximate =
[-0.00976284 -0.04201057 -0.01497983 -0.01019911 -0.03788506 -0.0114468
 -0.01202114 -0.03428173 -0.01082911 -0.01047972 -0.04296749 -0.0136438
  0.04194831  0.04527501  0.03998414  0.04193382  0.05762616  0.0558485
  0.03343746  0.03219061  0.03361015  0.03661686  0.05802875  0.0256504
  0.02628205  0.02746997  0.02748446  0.04772723  0.03668449  0.03518171
  0.03685794  0.04487426  0.06111141  0.03148802  0.02967989  0.03090743
  0.03209134]

Diff = 
[2.43883976e-11 2.41068340e-02 9.94586967e-03 2.96130464e-11
 2.04209174e-02 2.05243026e-03 8.87250343e-12 2.23229920e-02
 1.79585388e-03 4.14623561e-11 4.73652021e-02 5.11436795e-03
 1.68208135e-10 4.16771811e-02 2.59985733e-02 2.43931143e-02
 5.60651923e-02 1.58586803e-10 3.06152653e-02 2.44932677e-02
 2.49811810e-02 4.78310946e-02 1.52824448e-10 2.63679811e-02
 2.27242570e-02 3.60012661e-02 4.03841272e-02 1.55451998e-10
 2.35581856e-02 3.67560635e-02 3.84576494e-02 4.27721794e-02
 1.50323719e-10 2.67533316e-02 3.20464235e-02 4.08546465e-02
 3.26374399e-02]

 Iteration 500:
############################
Gradient = 
[-0.00776271 -0.00863439 -0.00198834 -0.00824343 -0.00889888 -0.00612069
 -0.00967834 -0.00457599 -0.00583562 -0.00806944  0.01021836 -0.00503541
  0.0316894  -0.00171851  0.00774073  0.00981568 -0.00624871  0.04626572
 -0.00314501  0.00133989  0.00179581 -0.01612253  0.05049932 -0.00524245
 -0.00158353 -0.01180203 -0.01607102  0.03864596  0.0063068  -0.00572623
 -0.00634314 -0.00493654  0.05171433 -0.00168059 -0.00724331 -0.013773
 -0.00679525]

Gradient approximate =
[-0.00776271 -0.03492206 -0.01250756 -0.00824343 -0.03149094 -0.00946921
 -0.00967834 -0.02823559 -0.00887188 -0.00806944 -0.03582952 -0.01127556
  0.0316894   0.04007005  0.03553975  0.03647778  0.0493416   0.04626572
  0.02738274  0.02654391  0.02760081  0.02931393  0.05049932  0.02056832
  0.021258    0.02242314  0.02179738  0.03864596  0.03146136  0.03036353
  0.03138715  0.03752099  0.05171433  0.02526853  0.02392935  0.02500824
  0.0251455 ]

Diff = 
[1.39208515e-11 2.62876648e-02 1.05192171e-02 1.27619321e-11
 2.25920667e-02 3.34852032e-03 3.62557206e-12 2.36596040e-02
 3.03625341e-03 1.87897822e-11 4.60478761e-02 6.24014843e-03
 1.73504690e-10 4.17885634e-02 2.77990159e-02 2.66621006e-02
 5.55903043e-02 1.58314119e-10 3.05277471e-02 2.52040288e-02
 2.58049976e-02 4.54364658e-02 1.55661886e-10 2.58107716e-02
 2.28415320e-02 3.42251700e-02 3.78683952e-02 1.39101994e-10
 2.51545678e-02 3.60897550e-02 3.77302991e-02 4.24575272e-02
 1.63915673e-10 2.69491162e-02 3.11726609e-02 3.87812443e-02
 3.19407421e-02]

 Iteration 600:
############################
Gradient = 
[-0.00651518 -0.00359625 -0.00029859 -0.00699413 -0.00425495 -0.00414738
 -0.00816445 -0.00093645 -0.00395069 -0.00662567  0.01209792 -0.00304806
  0.02617407 -0.00424659  0.00420506  0.00538464 -0.00975904  0.04093339
 -0.00580803 -0.00182516 -0.00159683 -0.01728895  0.04615528 -0.00707945
 -0.00399639 -0.0125883  -0.01651213  0.03373726  0.00261485 -0.00734835
 -0.00821052 -0.00796598  0.0464467  -0.00464041 -0.00907302 -0.01460989
 -0.00920949]

Gradient approximate =
[-0.00651518 -0.0308852  -0.01099986 -0.00699413 -0.02792963 -0.0083566
 -0.00816445 -0.02503193 -0.00780684 -0.00662567 -0.03202049 -0.00996183
  0.02617407  0.03700953  0.0329939   0.03330771  0.04443256  0.04093339
  0.02393009  0.02330948  0.0241949   0.02527698  0.04615528  0.01766185
  0.01834785  0.01954406  0.01856557  0.03373726  0.02849949  0.02760816
  0.02825787  0.03336047  0.0464467   0.021742    0.02068737  0.02173482
  0.02133913]

Diff = 
[2.70121044e-11 2.72889495e-02 1.07012665e-02 5.21084651e-12
 2.36746723e-02 4.20921793e-03 8.22098119e-12 2.40954829e-02
 3.85614850e-03 1.21571477e-11 4.41184134e-02 6.91376835e-03
 1.43036739e-10 4.12561133e-02 2.87888417e-02 2.79230677e-02
 5.41916008e-02 1.59674302e-10 2.97381186e-02 2.51346372e-02
 2.57917309e-02 4.25659285e-02 1.71451547e-10 2.47413002e-02
 2.23442472e-02 3.21323628e-02 3.50777024e-02 1.58586498e-10
 2.58846395e-02 3.49565096e-02 3.64683963e-02 4.13264498e-02
 1.61706100e-10 2.63824074e-02 2.97603896e-02 3.63447090e-02
 3.05486192e-02]

 Iteration 700:
############################
Gradient = 
[-0.00566168 -0.0007463   0.00066924 -0.00611748 -0.00161962 -0.00287572
 -0.00708815  0.00091572 -0.00274751 -0.00566586  0.01227257 -0.00182749
  0.02306188 -0.00533465  0.0021471   0.00276484 -0.01111954  0.03759071
 -0.00689708 -0.00341796 -0.00330953 -0.01686463  0.04320172 -0.007731
 -0.00514746 -0.01236199 -0.01587903  0.03081587  0.00052328 -0.00777838
 -0.00872222 -0.00911321  0.04303671 -0.00599028 -0.00954822 -0.01421538
 -0.00993861]

Gradient approximate =
[-0.00566168 -0.02838461 -0.009994   -0.00611748 -0.02577554 -0.00767533
 -0.00708815 -0.02316608 -0.00716672 -0.00566586 -0.02976097 -0.00914873
  0.02306188  0.03509453  0.03146226  0.03136378  0.04127895  0.03759071
  0.021748    0.02125753  0.02205076  0.02278627  0.04320172  0.01574219
  0.0164093   0.01764246  0.01643811  0.03081587  0.02666046  0.02588267
  0.02629581  0.0307459   0.04303671  0.01947525  0.01861877  0.01967031
  0.01896907]

Diff = 
[7.10343503e-12 2.76383044e-02 1.06632403e-02 2.58150255e-11
 2.41559238e-02 4.79961040e-03 1.31180084e-11 2.40817938e-02
 4.41920914e-03 2.20134241e-11 4.20335450e-02 7.32123999e-03
 1.50347294e-10 4.04291832e-02 2.93151599e-02 2.85989404e-02
 5.23984875e-02 1.53321925e-10 2.86450870e-02 2.46754895e-02
 2.53602908e-02 3.96509042e-02 1.50647064e-10 2.34731874e-02
 2.15567584e-02 3.00044433e-02 3.23171394e-02 1.60369783e-10
 2.61371756e-02 3.36610582e-02 3.50180356e-02 3.98591054e-02
 1.43774145e-10 2.54655317e-02 2.81669898e-02 3.38856828e-02
 2.89076761e-02]

 Iteration 800:
############################
Gradient = 
[-5.01896696e-03  9.35051220e-04  1.23899334e-03 -5.44261999e-03
 -4.36252116e-05 -2.00098459e-03 -6.25508190e-03  1.89658800e-03
 -1.91989455e-03 -4.95925795e-03  1.17498451e-02 -1.02097238e-03
  2.11914723e-02 -5.71242828e-03  8.83131963e-04  1.14163274e-03
 -1.14205661e-02  3.52020363e-02 -7.25034657e-03 -4.23547882e-03
 -4.19594080e-03 -1.58279775e-02  4.08692536e-02 -7.86701182e-03
 -5.70603508e-03 -1.17645051e-02 -1.48764819e-02  2.88597608e-02
 -7.42053290e-04 -7.68220016e-03 -8.62663277e-03 -9.38587977e-03
  4.04843460e-02 -6.58663980e-03 -9.44808254e-03 -1.33742007e-02
 -9.94170146e-03]

Gradient approximate =
[-0.00501897 -0.02667659 -0.00925846 -0.00544262 -0.0243313  -0.00721131
 -0.00625508 -0.02193865 -0.00673227 -0.00495926 -0.02823698 -0.00858051
  0.02119147  0.03377198  0.03044869  0.03006345  0.03905344  0.03520204
  0.02018648  0.01978307  0.02051954  0.0210404   0.04086925  0.01427676
  0.01492364  0.01618734  0.01482488  0.02885976  0.02536932  0.02466094
  0.02491229  0.028894    0.04048435  0.01780398  0.01710029  0.01816406
  0.01727092]

Diff = 
[3.58359176e-14 2.76116384e-02 1.04974495e-02 1.83974329e-11
 2.42876749e-02 5.21032388e-03 7.97624033e-12 2.38352375e-02
 4.81237752e-03 4.78121353e-11 3.99868242e-02 7.55953976e-03
 1.49647759e-10 3.94844059e-02 2.95655547e-02 2.89218220e-02
 5.04740023e-02 1.55391297e-10 2.74368311e-02 2.40185471e-02
 2.47154759e-02 3.68683770e-02 1.62866026e-10 2.21437727e-02
 2.06296746e-02 2.79518474e-02 2.97013591e-02 1.68663878e-10
 2.61113758e-02 3.23431360e-02 3.35389266e-02 3.82798828e-02
 1.67987464e-10 2.43906190e-02 2.65483690e-02 3.15382633e-02
 2.72126196e-02]

 Iteration 900:
############################
Gradient = 
[-4.49674218e-03  1.95674664e-03  1.57648527e-03 -4.88563873e-03
  9.39798269e-04 -1.36838511e-03 -5.56986113e-03  2.43103432e-03
 -1.31786312e-03 -4.39529207e-03  1.09769603e-02 -4.56363666e-04
  1.99766606e-02 -5.75547532e-03  5.02014309e-05  7.86552274e-05
 -1.12115768e-02  3.32894622e-02 -7.26387606e-03 -4.66158216e-03
 -4.66443947e-03 -1.46129488e-02  3.88300937e-02 -7.77972956e-03
 -5.97353555e-03 -1.10644146e-02 -1.37951054e-02  2.73855948e-02
 -1.56499588e-03 -7.37625384e-03 -8.28026584e-03 -9.25873570e-03
  3.83477379e-02 -6.82127843e-03 -9.12034625e-03 -1.24221128e-02
 -9.64321552e-03]

Gradient approximate =
[-0.00449674 -0.02540308 -0.00867957 -0.00488564 -0.02326628 -0.00686273
 -0.00556986 -0.02103254 -0.00640325 -0.00439529 -0.02707701 -0.00813921
  0.01997666  0.03275179  0.0296913   0.02909913  0.03733507  0.03328946
  0.01893697  0.01859771  0.01929466  0.0196679   0.03883009  0.01303291
  0.0136614   0.01494728  0.0134699   0.02738559  0.02434654  0.02368589
  0.02382022  0.02743369  0.03834774  0.01642715  0.01584869  0.01692388
  0.01590302]

Diff = 
[2.87714973e-11 2.73598256e-02 1.02560594e-02 2.88207748e-11
 2.42060737e-02 5.49434169e-03 2.76310216e-11 2.34635755e-02
 5.08538621e-03 7.98923514e-12 3.80539685e-02 7.68284758e-03
 1.56335243e-10 3.85072689e-02 2.96410960e-02 2.90204708e-02
 4.85466419e-02 1.54850591e-10 2.62008436e-02 2.32592878e-02
 2.39590954e-02 3.42808473e-02 1.56777931e-10 2.08126414e-02
 1.96349392e-02 2.60116909e-02 2.72650030e-02 1.65307611e-10
 2.59115343e-02 3.10621394e-02 3.21004861e-02 3.66924251e-02
 1.52709637e-10 2.32484330e-02 2.49690331e-02 2.93459907e-02
 2.55462359e-02]

 