Iteration 0:
############################
Gradient = 
[-2.18255209e-04  3.74849923e-03  4.48643772e-03 -2.05529482e-04
 -5.10858360e-03 -3.37082607e-03 -6.69197352e-05 -7.20857015e-03
 -6.40919774e-04 -3.79788799e-04  4.15812174e-03 -6.32223172e-03
  8.40453979e-03  7.04584801e-03  3.28570723e-04 -1.96453293e-03
 -2.13233674e-03  1.28588068e-02  4.41088564e-04  2.65489996e-03
  6.93730342e-03  2.18739349e-03  2.95510737e-01  1.47131254e-01
  1.42311667e-01  3.12751713e-01  1.48916022e-01  1.55931872e-01
  3.34046057e-01  1.69397487e-01  1.63085690e-01  3.15028376e-01
  1.57948271e-01  1.58241697e-01  3.09085516e-01  1.46902589e-01
  1.58509380e-01]

Gradient approximate =
[ 3.25563418e-04  9.54926429e-04  2.51342509e-04  1.58072000e-04
  6.34429167e-04  1.68432346e-04 -6.09392425e-05  1.31236777e-05
  3.91734378e-05  2.65024858e-04  3.13013362e-01  1.52287750e-01
  1.50562224e-01  2.92831636e-01  1.42623864e-01  1.43367583e-01
  2.71225475e-01  1.16999906e-01  1.24694552e-01  2.79068281e-01
  1.32812859e-01  1.31298749e-01  2.95510737e-01  1.43856782e-01
  1.44599644e-01  0.00000000e+00  0.00000000e+00  0.00000000e+00
  0.00000000e+00  0.00000000e+00  0.00000000e+00  0.00000000e+00
  0.00000000e+00  0.00000000e+00  0.00000000e+00  0.00000000e+00
  0.00000000e+00]

Diff = 
[5.43818627e-04 2.79357280e-03 4.23509522e-03 3.63601482e-04
 5.74301277e-03 3.53925842e-03 5.98049261e-06 7.22169383e-03
 6.80093212e-04 6.44813656e-04 3.08855240e-01 1.58609981e-01
 1.42157684e-01 2.85785788e-01 1.42295293e-01 1.45332116e-01
 2.73357812e-01 1.04141099e-01 1.24253464e-01 2.76413381e-01
 1.25875555e-01 1.29111356e-01 1.21408439e-11 3.27447267e-03
 2.28797728e-03 3.12751713e-01 1.48916022e-01 1.55931872e-01
 3.34046057e-01 1.69397487e-01 1.63085690e-01 3.15028376e-01
 1.57948271e-01 1.58241697e-01 3.09085516e-01 1.46902589e-01
 1.58509380e-01]

 Iteration 100:
############################
Gradient = 
[ 2.92375927e-04  4.71711681e-03  4.63905597e-03  1.92267808e-04
 -3.44289730e-03 -2.66417878e-03 -2.80098300e-05 -6.24630705e-03
 -4.69358260e-04  3.63758647e-04  6.34341389e-03 -4.97615882e-03
 -6.89798602e-03 -1.72114633e-03 -5.63667381e-03 -7.36132231e-03
 -9.70632387e-03 -1.90720978e-02 -1.59199502e-02 -1.05551492e-02
 -5.98791310e-03 -1.34331674e-02  3.11370528e-01  1.47352006e-01
  1.57292460e-01  2.95378324e-01  1.42005636e-01  1.42761646e-01
  2.78491501e-01  1.41196643e-01  1.33604794e-01  2.90562860e-01
  1.44597151e-01  1.41310122e-01  1.82524258e-01  8.14117120e-02
  7.75864059e-02]

Gradient approximate =
[ 9.93466487e-05  2.51716974e-04 -2.45386000e-05  1.28695428e-04
  4.88001921e-04  1.66052225e-04  5.43615397e-05  3.05769332e-04
  2.17645315e-04  2.56892796e-04  3.12447311e-01  1.53237601e-01
  1.47436536e-01  2.90861255e-01  1.41650836e-01  1.44425954e-01
  2.74372218e-01  1.27760160e-01  1.34369299e-01  2.86707241e-01
  1.38893742e-01  1.40217551e-01  3.11370528e-01  1.52654896e-01
  1.55545675e-01  0.00000000e+00  0.00000000e+00  0.00000000e+00
  0.00000000e+00  0.00000000e+00  0.00000000e+00  0.00000000e+00
  0.00000000e+00  0.00000000e+00  0.00000000e+00  0.00000000e+00
  0.00000000e+00]

Diff = 
[1.93029279e-04 4.46539984e-03 4.66359457e-03 6.35723804e-05
 3.93089922e-03 2.83023101e-03 8.23713697e-05 6.55207638e-03
 6.87003575e-04 1.06865851e-04 3.06103897e-01 1.58213760e-01
 1.54334522e-01 2.92582401e-01 1.47287510e-01 1.51787276e-01
 2.84078542e-01 1.46832258e-01 1.50289249e-01 2.97262391e-01
 1.44881655e-01 1.53650719e-01 1.02526876e-11 5.30289003e-03
 1.74678500e-03 2.95378324e-01 1.42005636e-01 1.42761646e-01
 2.78491501e-01 1.41196643e-01 1.33604794e-01 2.90562860e-01
 1.44597151e-01 1.41310122e-01 1.82524258e-01 8.14117120e-02
 7.75864059e-02]

 Iteration 200:
############################
Gradient = 
[ 1.80581084e-04  3.94274236e-03  4.19936502e-03  1.02764621e-04
 -3.60839433e-03 -2.53754546e-03 -6.03785793e-05 -5.92788981e-03
 -4.67156088e-04  2.15333743e-04  5.10231155e-03 -4.70827452e-03
 -4.59044747e-03 -2.14453589e-04 -4.37764179e-03 -6.12540350e-03
 -7.56936923e-03 -1.48801669e-02 -1.23224691e-02 -8.19144397e-03
 -4.17259716e-03 -1.00118631e-02  3.11320400e-01  1.48948009e-01
  1.60796813e-01  2.97037925e-01  1.44442692e-01  1.46995657e-01
  2.84599644e-01  1.46714472e-01  1.40488618e-01  2.95058001e-01
  1.48421110e-01  1.47345753e-01  7.95699158e-02  1.99959552e-02
  1.48730637e-02]

Gradient approximate =
[ 4.22420721e-05  4.65324068e-05 -7.35170347e-05  6.17226759e-05
  2.48228211e-04  9.77401515e-05  1.83266646e-05  1.78857127e-04
  1.73750743e-04  1.34423703e-04  3.11948656e-01  1.54338586e-01
  1.53356354e-01  2.94164135e-01  1.44916762e-01  1.49281491e-01
  2.82037022e-01  1.35171052e-01  1.41982279e-01  2.92575452e-01
  1.43597744e-01  1.47089969e-01  3.11320400e-01  1.53912180e-01
  1.58520265e-01  0.00000000e+00  0.00000000e+00  0.00000000e+00
  0.00000000e+00  0.00000000e+00  0.00000000e+00  0.00000000e+00
  0.00000000e+00  0.00000000e+00  0.00000000e+00  0.00000000e+00
  0.00000000e+00]

Diff = 
[1.38339012e-04 3.89620995e-03 4.27288205e-03 4.10419456e-05
 3.85662255e-03 2.63528561e-03 7.87052439e-05 6.10674693e-03
 6.40906830e-04 8.09100397e-05 3.06846344e-01 1.59046861e-01
 1.57946802e-01 2.94378588e-01 1.49294404e-01 1.55406894e-01
 2.89606391e-01 1.50051219e-01 1.54304748e-01 3.00766896e-01
 1.47770341e-01 1.57101832e-01 8.72779626e-12 4.96417136e-03
 2.27654863e-03 2.97037925e-01 1.44442692e-01 1.46995657e-01
 2.84599644e-01 1.46714472e-01 1.40488618e-01 2.95058001e-01
 1.48421110e-01 1.47345753e-01 7.95699158e-02 1.99959552e-02
 1.48730637e-02]

 Iteration 300:
############################
Gradient = 
[ 9.26394166e-05  3.34397557e-03  3.81162658e-03 -3.59719303e-07
 -3.78080073e-03 -2.44943084e-03 -8.44448313e-05 -5.58612027e-03
 -4.67072594e-04  1.60326759e-06  3.75270988e-03 -4.55685987e-03
  2.60926535e-03  3.73753046e-03 -1.14424483e-03 -2.99799338e-03
 -3.17002765e-03 -5.91838749e-03 -6.53382940e-03 -3.95917586e-03
 -5.19405525e-04 -4.51212774e-03  3.10980923e-01  1.49581893e-01
  1.62614508e-01  2.97499250e-01  1.45349127e-01  1.49368216e-01
  2.88473059e-01  1.49903906e-01  1.44901008e-01  2.97819769e-01
  1.50429683e-01  1.51112411e-01 -4.97060345e-03 -3.31600698e-02
 -4.04773396e-02]

Gradient approximate =
[ 2.53731414e-05 -3.54491547e-06 -7.46392836e-05  3.09123949e-05
  1.40292784e-04  6.76124245e-05  3.79036802e-07  1.11582725e-04
  1.45361252e-04  7.31348737e-05  3.11383869e-01  1.54556794e-01
  1.57072884e-01  2.95752964e-01  1.46452591e-01  1.52100975e-01
  2.86970202e-01  1.39251170e-01  1.46617636e-01  2.96073189e-01
  1.46109509e-01  1.51213448e-01  3.10980923e-01  1.54225098e-01
  1.60198444e-01  0.00000000e+00  0.00000000e+00  0.00000000e+00
  0.00000000e+00  0.00000000e+00  0.00000000e+00  0.00000000e+00
  0.00000000e+00  0.00000000e+00  0.00000000e+00  0.00000000e+00
  0.00000000e+00]

Diff = 
[6.72662752e-05 3.34752049e-03 3.88626586e-03 3.12721142e-05
 3.92109352e-03 2.51704326e-03 8.48238681e-05 5.69770299e-03
 6.12433846e-04 7.15316061e-05 3.07631159e-01 1.59113654e-01
 1.54463618e-01 2.92015433e-01 1.47596836e-01 1.55098968e-01
 2.90140230e-01 1.45169557e-01 1.53151465e-01 3.00032365e-01
 1.46628915e-01 1.55725576e-01 1.90230609e-11 4.64320455e-03
 2.41606364e-03 2.97499250e-01 1.45349127e-01 1.49368216e-01
 2.88473059e-01 1.49903906e-01 1.44901008e-01 2.97819769e-01
 1.50429683e-01 1.51112411e-01 4.97060345e-03 3.31600698e-02
 4.04773396e-02]

 Iteration 400:
############################
Gradient = 
[ 1.95589650e-05  2.78627223e-03  3.48967123e-03 -9.74574635e-05
 -3.95940398e-03 -2.35428823e-03 -1.02948606e-04 -5.30246486e-03
 -4.55217614e-04 -2.18982239e-04  2.42876271e-03 -4.42030888e-03
  1.18091150e-02  8.38766223e-03  2.75895674e-03  7.87787337e-04
  1.86195121e-03  4.65680862e-03 -4.21135313e-04  7.38287402e-04
  3.63971751e-03  1.32180867e-03  3.09894303e-01  1.48559745e-01
  1.61836203e-01  2.96046127e-01  1.43809285e-01  1.48990415e-01
  2.89106335e-01  1.49544245e-01  1.45757729e-01  2.98211338e-01
  1.49734779e-01  1.51732593e-01 -6.81888257e-02 -7.56702489e-02
 -8.54337250e-02]

Gradient approximate =
[ 3.72842535e-05  6.36764108e-05 -3.57455754e-05  2.70607825e-05
  1.31732314e-04  6.73143385e-05 -1.16605214e-05  5.84481863e-05
  1.18372476e-04  6.50767107e-05  3.10267875e-01  1.53187922e-01
  1.57467897e-01  2.94674726e-01  1.45223346e-01  1.51876892e-01
  2.87935424e-01  1.38181152e-01  1.46848056e-01  2.96178788e-01
  1.45253176e-01  1.51379809e-01  3.09894303e-01  1.52894394e-01
  1.59925224e-01  0.00000000e+00  0.00000000e+00  0.00000000e+00
  0.00000000e+00  0.00000000e+00  0.00000000e+00  0.00000000e+00
  0.00000000e+00  0.00000000e+00  0.00000000e+00  0.00000000e+00
  0.00000000e+00]

Diff = 
[1.77252884e-05 2.72259581e-03 3.52541681e-03 1.24518246e-04
 4.09113630e-03 2.42160257e-03 9.12880848e-05 5.36091304e-03
 5.73590091e-04 2.84058950e-04 3.07839112e-01 1.57608231e-01
 1.45658783e-01 2.86287064e-01 1.42464389e-01 1.51089104e-01
 2.86073473e-01 1.33524344e-01 1.47269191e-01 2.95440501e-01
 1.41613459e-01 1.50058000e-01 6.62936372e-12 4.33464915e-03
 1.91097946e-03 2.96046127e-01 1.43809285e-01 1.48990415e-01
 2.89106335e-01 1.49544245e-01 1.45757729e-01 2.98211338e-01
 1.49734779e-01 1.51732593e-01 6.81888257e-02 7.56702489e-02
 8.54337250e-02]

 Iteration 500:
############################
Gradient = 
[-1.01040796e-04  1.95374399e-03  3.17766728e-03 -2.23687529e-04
 -4.34075085e-03 -2.27521438e-03 -1.60258293e-04 -5.29799952e-03
 -4.66897896e-04 -4.67309740e-04  9.72733706e-04 -4.29957594e-03
  2.08902318e-02  1.25775863e-02  6.41642881e-03  4.35181677e-03
  6.45013074e-03  1.46197699e-02  4.83770890e-03  4.94846085e-03
  7.38338557e-03  6.38833971e-03  3.07972940e-01  1.45771582e-01
  1.58360329e-01  2.92623077e-01  1.39733962e-01  1.45830774e-01
  2.86473289e-01  1.45529446e-01  1.43045583e-01  2.96280490e-01
  1.46289864e-01  1.49233765e-01 -1.12231003e-01 -1.07800096e-01
 -1.19870754e-01]

Gradient approximate =
[ 7.94606381e-05  2.54146548e-04  4.56166949e-05  4.94953212e-05
  2.21464209e-04  9.73997638e-05 -1.59350422e-05  2.83156987e-05
  9.62725921e-05  1.08362370e-04  3.08508241e-01  1.50121227e-01
  1.54463125e-01  2.90866196e-01  1.41118540e-01  1.48553413e-01
  2.84893711e-01  1.31790460e-01  1.42609551e-01  2.92866076e-01
  1.40905390e-01  1.47554098e-01  3.07972940e-01  1.49810576e-01
  1.57663077e-01  0.00000000e+00  0.00000000e+00  0.00000000e+00
  0.00000000e+00  0.00000000e+00  0.00000000e+00  0.00000000e+00
  0.00000000e+00  0.00000000e+00  0.00000000e+00  0.00000000e+00
  0.00000000e+00]

Diff = 
[1.80501434e-04 1.69959744e-03 3.13205059e-03 2.73182850e-04
 4.56221506e-03 2.37261414e-03 1.44323250e-04 5.32631522e-03
 5.63170488e-04 5.75672110e-04 3.07535507e-01 1.54420802e-01
 1.33572893e-01 2.78288610e-01 1.34702111e-01 1.44201596e-01
 2.78443580e-01 1.17170690e-01 1.37771843e-01 2.87917615e-01
 1.33522005e-01 1.41165758e-01 9.24116339e-12 4.03899391e-03
 6.97251313e-04 2.92623077e-01 1.39733962e-01 1.45830774e-01
 2.86473289e-01 1.45529446e-01 1.43045583e-01 2.96280490e-01
 1.46289864e-01 1.49233765e-01 1.12231003e-01 1.07800096e-01
 1.19870754e-01]

 Iteration 600:
############################
Gradient = 
[-3.13225619e-04  6.53642280e-04  2.83319956e-03 -4.12449810e-04
 -5.07649583e-03 -2.23893525e-03 -2.91258571e-04 -5.71922147e-03
 -5.29914732e-04 -7.72149780e-04 -7.57824426e-04 -4.21445383e-03
  2.87834934e-02  1.58244584e-02  9.41021178e-03  7.28551018e-03
  1.01435435e-02  2.29046753e-02  8.80071201e-03  8.26001692e-03
  1.03043667e-02  1.02643636e-02  3.05432923e-01  1.41498824e-01
  1.52605043e-01  2.87576100e-01  1.33541995e-01  1.40379418e-01
  2.81151424e-01  1.38460460e-01  1.37422445e-01  2.92483399e-01
  1.40566912e-01  1.44188763e-01 -1.41589498e-01 -1.31442367e-01
 -1.45522051e-01]

Gradient approximate =
[1.73321175e-04 6.45831895e-04 1.92556919e-04 1.13578849e-04
 4.67803305e-04 1.76300041e-04 7.05183911e-06 9.64874380e-05
 1.03394231e-04 2.17401674e-04 3.06376374e-01 1.45654284e-01
 1.48674717e-01 2.84816884e-01 1.34615951e-01 1.42674847e-01
 2.78553683e-01 1.20957416e-01 1.34688068e-01 2.86716900e-01
 1.33606292e-01 1.40412086e-01 3.05432923e-01 1.45259034e-01
 1.53778519e-01 0.00000000e+00 0.00000000e+00 0.00000000e+00
 0.00000000e+00 0.00000000e+00 0.00000000e+00 0.00000000e+00
 0.00000000e+00 0.00000000e+00 0.00000000e+00 0.00000000e+00
 0.00000000e+00]

Diff = 
[4.86546794e-04 7.81038515e-06 2.64064264e-03 5.26028658e-04
 5.54429914e-03 2.41523529e-03 2.98310410e-04 5.81570891e-03
 6.33308963e-04 9.89551455e-04 3.07134199e-01 1.49868737e-01
 1.19891224e-01 2.68992426e-01 1.25205739e-01 1.35389337e-01
 2.68410139e-01 9.80527406e-02 1.25887356e-01 2.78456883e-01
 1.23301926e-01 1.30147722e-01 5.96800387e-13 3.76021032e-03
 1.17347568e-03 2.87576100e-01 1.33541995e-01 1.40379418e-01
 2.81151424e-01 1.38460460e-01 1.37422445e-01 2.92483399e-01
 1.40566912e-01 1.44188763e-01 1.41589498e-01 1.31442367e-01
 1.45522051e-01]

 Iteration 700:
############################
Gradient = 
[-0.00062231 -0.00111335  0.00245152 -0.00067329 -0.0061922  -0.00225003
 -0.0005042  -0.00657865 -0.0006459  -0.00113963 -0.00277639 -0.00416672
  0.03519012  0.01810556  0.0116826   0.00952759  0.0129154   0.02925983
  0.01150104  0.01063679  0.01235832  0.01296424  0.30262569  0.13616414
  0.14517485  0.28138446  0.12582279  0.13329544  0.27392628  0.12919132
  0.12977191  0.28740282  0.13320824  0.13734014 -0.16075756 -0.14881475
 -0.16457792]

Gradient approximate =
[3.46175677e-04 1.33760528e-03 4.34402319e-04 2.41252771e-04
 9.53326209e-04 3.29902683e-04 8.31264102e-05 3.61866435e-04
 1.71513330e-04 4.12660737e-04 3.04300645e-01 1.40231610e-01
 1.40973210e-01 2.77200895e-01 1.26400411e-01 1.34990793e-01
 2.69883331e-01 1.06937385e-01 1.24147585e-01 2.78510567e-01
 1.24121298e-01 1.30851327e-01 3.02625695e-01 1.39671174e-01
 1.48780426e-01 0.00000000e+00 0.00000000e+00 0.00000000e+00
 0.00000000e+00 0.00000000e+00 0.00000000e+00 0.00000000e+00
 0.00000000e+00 0.00000000e+00 0.00000000e+00 0.00000000e+00
 0.00000000e+00]

Diff = 
[9.68486235e-04 2.45095712e-03 2.01711328e-03 9.14540116e-04
 7.14552261e-03 2.57993251e-03 5.87326867e-04 6.94051828e-03
 8.17412132e-04 1.55229524e-03 3.07077038e-01 1.44398328e-01
 1.05783089e-01 2.59095335e-01 1.14717811e-01 1.25463205e-01
 2.56967935e-01 7.76775545e-02 1.12646546e-01 2.67873774e-01
 1.11762978e-01 1.17887088e-01 3.62737618e-12 3.50703927e-03
 3.60557513e-03 2.81384464e-01 1.25822792e-01 1.33295436e-01
 2.73926279e-01 1.29191321e-01 1.29771915e-01 2.87402817e-01
 1.33208236e-01 1.37340143e-01 1.60757556e-01 1.48814753e-01
 1.64577920e-01]

 Iteration 800:
############################
Gradient = 
[-0.0010074  -0.00322081  0.0020519  -0.00099659 -0.00761878 -0.0022959
 -0.00078808 -0.00779698 -0.00079902 -0.00155553 -0.00499232 -0.00414145
  0.04019579  0.01960195  0.01334826  0.01118557  0.01492673  0.03382372
  0.0131661   0.01221242  0.0136681   0.01468257  0.29990152  0.13016129
  0.13664316  0.27449403  0.11712628  0.12518942  0.26554431  0.11853907
  0.12092107  0.28157705  0.12480989  0.12937116 -0.17322645 -0.16176375
 -0.17891111]

Gradient approximate =
[6.17606160e-04 2.39892607e-03 7.91797683e-04 4.50484030e-04
 1.74555630e-03 5.79616823e-04 2.33464321e-04 9.05765360e-04
 3.27037246e-04 7.08987449e-04 3.02686045e-01 1.34262680e-01
 1.32185751e-01 2.68644796e-01 1.17119041e-01 1.26204671e-01
 2.59802057e-01 9.09320718e-02 1.11970706e-01 2.68969435e-01
 1.13162603e-01 1.19692610e-01 2.99901517e-01 1.33455055e-01
 1.43145577e-01 0.00000000e+00 0.00000000e+00 0.00000000e+00
 0.00000000e+00 0.00000000e+00 0.00000000e+00 0.00000000e+00
 0.00000000e+00 0.00000000e+00 0.00000000e+00 0.00000000e+00
 0.00000000e+00]

Diff = 
[1.62500805e-03 5.61973416e-03 1.26010570e-03 1.44707002e-03
 9.36433436e-03 2.87551578e-03 1.02154641e-03 8.70274350e-03
 1.12605317e-03 2.26452066e-03 3.07678366e-01 1.38404131e-01
 9.19899614e-02 2.49042847e-01 1.03770780e-01 1.15019096e-01
 2.44875325e-01 5.71083476e-02 9.88046104e-02 2.56757015e-01
 9.94945010e-02 1.05010037e-01 1.28819178e-12 3.29376512e-03
 6.50242101e-03 2.74494031e-01 1.17126283e-01 1.25189422e-01
 2.65544312e-01 1.18539072e-01 1.20921074e-01 2.81577051e-01
 1.24809895e-01 1.29371161e-01 1.73226454e-01 1.61763754e-01
 1.78911107e-01]

 Iteration 900:
############################
Gradient = 
[-0.00143739 -0.00549381  0.00166042 -0.00136353 -0.00924212 -0.00235764
 -0.00112358 -0.00925587 -0.00096813 -0.0019952  -0.00726315 -0.00411735
  0.04400747  0.02053069  0.01456334  0.01240983  0.01637138  0.0368528
  0.01404555  0.01315567  0.01439364  0.01563646  0.29754021  0.12378633
  0.12746507  0.26725338  0.10788459  0.11654297  0.25661432  0.10716775
  0.11153046  0.27543657  0.11584142  0.12082287 -0.18139821 -0.17161117
 -0.18988473]

Gradient approximate =
[0.00099397 0.00384942 0.00127054 0.0007502  0.00287796 0.00093652
 0.00046975 0.00177374 0.00058532 0.00111016 0.30182437 0.12804762
 0.12297165 0.25963966 0.10728712 0.11687752 0.24905896 0.0739162
 0.09892474 0.25866409 0.10128454 0.10757496 0.29754021 0.12692482
 0.13724733 0.         0.         0.         0.         0.
 0.         0.         0.         0.         0.         0.
 0.        ]

Diff = 
[2.43135893e-03 9.34323420e-03 3.89879701e-04 2.11373213e-03
 1.21200797e-02 3.29415569e-03 1.59332704e-03 1.10296099e-02
 1.55344585e-03 3.10535540e-03 3.09087520e-01 1.32164969e-01
 7.89641799e-02 2.39108968e-01 9.27237799e-02 1.04467684e-01
 2.32687580e-01 3.70633961e-02 8.48791869e-02 2.45508425e-01
 8.68909033e-02 9.19384997e-02 1.05190856e-11 3.13849690e-03
 9.78225999e-03 2.67253379e-01 1.07884591e-01 1.16542968e-01
 2.56614323e-01 1.07167751e-01 1.11530459e-01 2.75436570e-01
 1.15841415e-01 1.20822874e-01 1.81398205e-01 1.71611175e-01
 1.89884733e-01]

 