Iteration 0:
############################
Gradient = 
[ 0.01558509  0.05043922  0.01884115 -0.00098014 -0.02103655 -0.01331291
 -0.00477532 -0.00576658  0.00091775 -0.00091321 -0.02457083 -0.00414569
  0.26493651  0.11838118  0.11932286  0.17643657  0.13107022  0.31337336
  0.15255816  0.1507233   0.18758068  0.16081242  0.32365316  0.1624712
  0.16902722  0.18940764  0.17226173  0.32378823  0.15107418  0.16278959
  0.19345327  0.1638693   0.28253969  0.13760999  0.14046379  0.15986775
  0.14823315]

Gradient approximate =
[ 0.01558509  0.05660325  0.01221398 -0.00098014 -0.02013629 -0.00904079
 -0.00477532 -0.01149121 -0.00482331 -0.00091321 -0.02373783 -0.00878736
  0.26493651  0.11867996  0.1265925   0.17252548  0.13830547  0.31337336
  0.14805046  0.15521877  0.18754047  0.16157009  0.32365316  0.15504452
  0.16309646  0.18676265  0.16547835  0.32378823  0.14568785  0.16034806
  0.19806983  0.16524116  0.28253969  0.14019293  0.13930682  0.16662494
  0.14779306]

Diff = 
[6.11640009e-11 6.16402956e-03 6.62717422e-03 1.70230911e-11
 9.00257754e-04 4.27211274e-03 4.93306958e-12 5.72462055e-03
 5.74106437e-03 2.66954633e-11 8.33003137e-04 4.64166977e-03
 3.20782290e-11 2.98783900e-04 7.26963829e-03 3.91108170e-03
 7.23525262e-03 1.40431000e-11 4.50769458e-03 4.49546812e-03
 4.02114113e-05 7.57662537e-04 1.45902734e-11 7.42667344e-03
 5.93075904e-03 2.64499065e-03 6.78338377e-03 2.30609420e-11
 5.38633050e-03 2.44153602e-03 4.61656126e-03 1.37186240e-03
 4.33543201e-11 2.58293438e-03 1.15696306e-03 6.75718873e-03
 4.40090917e-04]

 Iteration 100:
############################
Gradient = 
[-0.01454561 -0.05998207 -0.01519999 -0.02528121 -0.10423331 -0.03768119
 -0.028997   -0.09086596 -0.02462942 -0.02548078 -0.10785667 -0.02946449
  0.14999296  0.06409337  0.0796053   0.11390171  0.08801711  0.17922688
  0.084619    0.08990881  0.10632199  0.09643419  0.18835628  0.09199509
  0.10128711  0.10498002  0.1018618   0.18488278  0.08273513  0.10446755
  0.11316459  0.10293369  0.16334946  0.0760867   0.08269371  0.08578101
  0.08686947]

Gradient approximate =
[-0.01454561 -0.05545343 -0.02208499 -0.02528121 -0.1093905  -0.03574427
 -0.028997   -0.10181612 -0.03175405 -0.02548078 -0.11344756 -0.03581626
  0.14999296  0.07093852  0.09419556  0.12073629  0.10333821  0.17922688
  0.08875976  0.10332449  0.1171613   0.10673813  0.18835628  0.09389143
  0.10540266  0.11321597  0.10525925  0.18488278  0.08582132  0.11192246
  0.12912005  0.11418582  0.16334946  0.08649257  0.08983282  0.10163097
  0.09517592]

Diff = 
[1.52528424e-11 4.52863522e-03 6.88500254e-03 2.17172148e-11
 5.15718505e-03 1.93692091e-03 4.77151652e-12 1.09501642e-02
 7.12462757e-03 2.21756676e-11 5.59088625e-03 6.35177061e-03
 1.12336973e-10 6.84514657e-03 1.45902607e-02 6.83458130e-03
 1.53210943e-02 7.70952191e-11 4.14076292e-03 1.34156851e-02
 1.08393141e-02 1.03039364e-02 8.50143567e-11 1.89633787e-03
 4.11555719e-03 8.23594642e-03 3.39744664e-03 7.99675881e-11
 3.08618942e-03 7.45490804e-03 1.59554615e-02 1.12521257e-02
 1.13338061e-10 1.04058711e-02 7.13911406e-03 1.58499585e-02
 8.30644950e-03]

 Iteration 200:
############################
Gradient = 
[-0.01490512 -0.05326451 -0.01284459 -0.01889794 -0.0675255  -0.02523248
 -0.02088801 -0.05262885 -0.01234083 -0.01836182 -0.06775675 -0.01686825
  0.07641788  0.03700504  0.04879458  0.06797775  0.0536896   0.09850444
  0.04526205  0.04446575  0.05042563  0.04825009  0.10750719  0.04849632
  0.05097428  0.04825987  0.05041832  0.0992347   0.04531648  0.05994542
  0.05647356  0.05615287  0.09221528  0.03858952  0.03995007  0.03567829
  0.04140861]

Gradient approximate =
[-0.01490512 -0.0533057  -0.02087975 -0.01889794 -0.07937915 -0.02573534
 -0.02088801 -0.06912848 -0.0208997  -0.01836182 -0.08016342 -0.02502499
  0.07641788  0.04760193  0.06822571  0.08161055  0.07434724  0.09850444
  0.05420723  0.06287719  0.06704414  0.06392878  0.10750719  0.05559797
  0.06074161  0.06213676  0.05945924  0.0992347   0.05314361  0.07355688
  0.07871435  0.07335122  0.09221528  0.05323402  0.05163182  0.05597696
  0.05446019]

Diff = 
[1.73518318e-11 4.11946160e-05 8.03515561e-03 7.05017988e-12
 1.18536489e-02 5.02863871e-04 1.99094283e-11 1.64996251e-02
 8.55887372e-03 4.84428817e-12 1.24066711e-02 8.15674041e-03
 1.45754242e-10 1.05968807e-02 1.94311276e-02 1.36327930e-02
 2.06576442e-02 1.42337628e-10 8.94517627e-03 1.84114393e-02
 1.66185072e-02 1.56786847e-02 1.30925479e-10 7.10165054e-03
 9.76732594e-03 1.38768903e-02 9.04092462e-03 1.37104564e-10
 7.82713329e-03 1.36114535e-02 2.22407928e-02 1.71983465e-02
 1.52974577e-10 1.46445003e-02 1.16817555e-02 2.02986699e-02
 1.30515756e-02]

 Iteration 300:
############################
Gradient = 
[-0.01055116 -0.03157735 -0.00593964 -0.01131439 -0.03338846 -0.01380063
 -0.01307158 -0.02227901 -0.00283811 -0.01062528 -0.03319529 -0.00617437
  0.03803936  0.02014555  0.02609603  0.03858778  0.02906611  0.05898352
  0.02230458  0.01687078  0.01944653  0.01947644  0.06688993  0.02255712
  0.02101135  0.01680426  0.02027522  0.05616736  0.02307127  0.03062484
  0.02340971  0.02616743  0.05769799  0.01673532  0.01514592  0.00891327
  0.0154186 ]

Gradient approximate =
[-0.01055116 -0.0347971  -0.01467552 -0.01131439 -0.04894306 -0.01574222
 -0.01307158 -0.04149817 -0.01193472 -0.01062528 -0.04929666 -0.01516413
  0.03803936  0.03285057  0.04829347  0.05615033  0.0527788   0.05898352
  0.03372037  0.03749722  0.03857892  0.03760497  0.06688993  0.03225188
  0.03338641  0.03301312  0.03187234  0.05616736  0.03340634  0.0475619
  0.04854259  0.04637264  0.05769799  0.03339021  0.02881184  0.03078236
  0.03051341]

Diff = 
[5.58119870e-12 3.21974519e-03 8.73588574e-03 2.45192443e-11
 1.55545935e-02 1.94159095e-03 1.49602952e-11 1.92191670e-02
 9.09661025e-03 2.37415296e-12 1.61013666e-02 8.98975237e-03
 1.62363671e-10 1.27050199e-02 2.21974430e-02 1.75625442e-02
 2.37126898e-02 1.54407230e-10 1.14157932e-02 2.06264390e-02
 1.91323879e-02 1.81285326e-02 1.54519258e-10 9.69475273e-03
 1.23750541e-02 1.62088571e-02 1.15971234e-02 1.62583697e-10
 1.03350667e-02 1.69370649e-02 2.51328777e-02 2.02052064e-02
 1.56323433e-10 1.66548893e-02 1.36659171e-02 2.18690928e-02
 1.50948091e-02]

 Iteration 400:
############################
Gradient = 
[-0.00749535 -0.01777844 -0.00162012 -0.00698789 -0.01576704 -0.00771188
 -0.00862556 -0.0073094   0.00168458 -0.00627746 -0.01566178 -0.00086853
  0.01906342  0.01060808  0.01311837  0.02245536  0.01514081  0.04053736
  0.01038274  0.00311121  0.00459705  0.00521509  0.0474858   0.00903976
  0.00597801  0.00161189  0.00528771  0.03555933  0.01121472  0.01489816
  0.00693226  0.01052087  0.04179015  0.00560806  0.00315083 -0.00339428
  0.00292387]

Gradient approximate =
[-0.00749535 -0.02281465 -0.01062613 -0.00698789 -0.03310464 -0.01044204
 -0.00862556 -0.0275802  -0.00743432 -0.00627746 -0.03353437 -0.01010085
  0.01906342  0.02444148  0.03675132  0.04226604  0.04047402  0.04053736
  0.02298609  0.02443384  0.02457223  0.02421549  0.0474858   0.0198747
  0.01930991  0.01845019  0.01778731  0.03555933  0.0227996   0.03349476
  0.03314231  0.03204961  0.04179015  0.02306142  0.0174548   0.01862557
  0.0186562 ]

Diff = 
[4.04716104e-12 5.03621159e-03 9.00600729e-03 1.79965539e-11
 1.73376053e-02 2.73016064e-03 2.35461980e-11 2.02707976e-02
 9.11890133e-03 5.92619790e-12 1.78725920e-02 9.23232283e-03
 1.64741599e-10 1.38333983e-02 2.36329538e-02 1.98106785e-02
 2.53332059e-02 1.60836247e-10 1.26033503e-02 2.13226226e-02
 1.99751803e-02 1.90003967e-02 1.64889769e-10 1.08349400e-02
 1.33318969e-02 1.68382950e-02 1.24996097e-02 1.64525310e-10
 1.15848847e-02 1.85965954e-02 2.62100485e-02 2.15287352e-02
 1.57181511e-10 1.74533532e-02 1.43039697e-02 2.20198584e-02
 1.57323225e-02]

 Iteration 500:
############################
Gradient = 
[-0.00576832 -0.0105288   0.00057119 -0.00466615 -0.00726523 -0.0046164
 -0.00615735 -0.00046474  0.00358587 -0.00395119 -0.00725335  0.00154183
  0.0095586   0.00551189  0.00621738  0.01372615  0.00770671  0.03169986
  0.00440904 -0.00334547 -0.00226198 -0.00151177  0.03797724  0.00227875
 -0.00125255 -0.00542897 -0.00186366  0.02546076  0.0051723   0.00683534
 -0.00096831  0.00276604  0.0342807   0.00018268 -0.00233949 -0.00872165
 -0.00281092]

Gradient approximate =
[-0.00576832 -0.0166059  -0.00846533 -0.00466615 -0.02543683 -0.00780031
 -0.00615735 -0.02099721 -0.00532373 -0.00395119 -0.02595566 -0.00765376
  0.0095586   0.01993521  0.03055503  0.03487306  0.03387573  0.03169986
  0.0175472   0.01793956  0.01777045  0.01759895  0.03797724  0.01351409
  0.0122271   0.01123346  0.01073451  0.02546076  0.0173523   0.02622172
  0.02543316  0.02476489  0.0342807   0.01783221  0.0119699   0.01281402
  0.01289958]

Diff = 
[2.57076365e-11 6.07709735e-03 9.03652206e-03 4.24470962e-12
 1.81715986e-02 3.18390581e-03 2.33517459e-11 2.05324710e-02
 8.90959613e-03 2.02355147e-12 1.87023050e-02 9.19558325e-03
 1.61089826e-10 1.44233226e-02 2.43376538e-02 2.11469123e-02
 2.61690239e-02 1.58419479e-10 1.31381693e-02 2.12850264e-02
 2.00324339e-02 1.91107201e-02 1.62413805e-10 1.12353424e-02
 1.34796461e-02 1.66624240e-02 1.25981693e-02 1.60210054e-10
 1.21799944e-02 1.93863789e-02 2.64014686e-02 2.19988463e-02
 1.58280423e-10 1.76495321e-02 1.43093936e-02 2.15356667e-02
 1.57105080e-02]

 Iteration 600:
############################
Gradient = 
[-0.00480213 -0.00684989  0.00160303 -0.00336053 -0.00314974 -0.00298748
 -0.00470215  0.00248426  0.0042425  -0.00264432 -0.00320664  0.00257168
  0.00472162  0.0028782   0.00262652  0.00888053  0.0037709   0.02726307
  0.00140188 -0.00626351 -0.0053513  -0.0046113   0.03307908 -0.00109494
 -0.00468086 -0.00857164 -0.00521611  0.02031932  0.00213572  0.00268405
 -0.00467388 -0.00102125  0.03054565 -0.00246185 -0.00477455 -0.01084799
 -0.00538448]

Gradient approximate =
[-0.00480213 -0.01356887 -0.00734674 -0.00336053 -0.02169761 -0.0064528
 -0.00470215 -0.01795671 -0.00436663 -0.00264432 -0.02228701 -0.00646323
  0.00472162  0.01760812  0.02728458  0.03086545  0.03035908  0.02726307
  0.01474788  0.01464497  0.01437917  0.01425419  0.03307908  0.01017183
  0.00855997  0.00754704  0.00709999  0.02031932  0.01457965  0.0224144
  0.02149812  0.02102782  0.03054565  0.01509093  0.00925458  0.00993661
  0.01000455]

Diff = 
[1.27868228e-11 6.71897412e-03 8.94977879e-03 1.96735553e-11
 1.85478714e-02 3.46532600e-03 1.30585976e-11 2.04409651e-02
 8.60912954e-03 1.26752281e-11 1.90803717e-02 9.03490354e-03
 1.50028360e-10 1.47299172e-02 2.46580612e-02 2.19849202e-02
 2.65881796e-02 1.68043347e-10 1.33459992e-02 2.09084840e-02
 1.97304746e-02 1.88654958e-02 1.64724602e-10 1.12667724e-02
 1.32408317e-02 1.61186772e-02 1.23161011e-02 1.63831497e-10
 1.24439264e-02 1.97303450e-02 2.61720005e-02 2.20490659e-02
 1.65185997e-10 1.75527755e-02 1.40291286e-02 2.07846027e-02
 1.53890360e-02]

 Iteration 700:
############################
Gradient = 
[-0.00422646 -0.00496969  0.00205426 -0.00256024 -0.00113474 -0.00207905
 -0.00376397  0.0035804   0.00432044 -0.00184472 -0.00124601  0.00294953
  0.00224387  0.00156815  0.00078671  0.0060804   0.00168315  0.02487822
 -0.00015579 -0.00749945 -0.00667356 -0.00598901  0.0303665  -0.00280079
 -0.00627478 -0.00985948 -0.00674325  0.01757182  0.00061759  0.00049963
 -0.00633676 -0.00284314  0.02852405 -0.00378185 -0.00580411 -0.0115285
 -0.00650176]

Gradient approximate =
[-0.00422646 -0.01212783 -0.00675514 -0.00256024 -0.01983621 -0.00573287
 -0.00376397 -0.01662426 -0.00396308 -0.00184472 -0.02048638 -0.00587436
  0.00224387  0.01646048  0.02556652  0.02862199  0.02846977  0.02487822
  0.01323166  0.01288288  0.01259609  0.01246961  0.0303665   0.00831241
  0.00654528  0.00555608  0.00511422  0.01757182  0.01315944  0.02034244
  0.01941149  0.01905227  0.02852405  0.01353016  0.00782028  0.00840574
  0.00843298]

Diff = 
[1.72271745e-12 7.15813654e-03 8.80939367e-03 7.17725792e-12
 1.87014672e-02 3.65382150e-03 1.90806420e-11 2.02046581e-02
 8.28351816e-03 6.39391144e-12 1.92403623e-02 8.82388253e-03
 1.67439956e-10 1.48923347e-02 2.47798101e-02 2.25415944e-02
 2.67866169e-02 1.54811351e-10 1.33874514e-02 2.03823314e-02
 1.92696570e-02 1.84586197e-02 1.59150127e-10 1.11131984e-02
 1.28200630e-02 1.54155617e-02 1.18574735e-02 1.67140669e-10
 1.25418547e-02 1.98428108e-02 2.57482458e-02 2.18954124e-02
 1.54808201e-10 1.73120045e-02 1.36243902e-02 1.99342482e-02
 1.49347399e-02]

 Iteration 800:
############################
Gradient = 
[-0.0038454  -0.0039857   0.00222106 -0.00201492 -0.000141   -0.00153506
 -0.00309617  0.00380329  0.00413826 -0.00130143 -0.00029776  0.0030201
  0.00098087  0.00095964 -0.00013297  0.00437946  0.00057262  0.02346423
 -0.00100584 -0.00794203 -0.00716959 -0.00655227  0.02870749 -0.00368467
 -0.00698234 -0.01026629 -0.00739282  0.01600298 -0.00013842 -0.00069022
 -0.00700286 -0.00369156  0.02728687 -0.004472   -0.00619459 -0.01156697
 -0.00695173]

Gradient approximate =
[-0.0038454  -0.01147841 -0.00642578 -0.00201492 -0.01888663 -0.00532391
 -0.00309617 -0.01611909 -0.00382483 -0.00130143 -0.01959243 -0.00557716
  0.00098087  0.01594451  0.02466778  0.02731157  0.02744044  0.02346423
  0.01233505  0.01185422  0.01157422  0.0114297   0.02870749  0.00718049
  0.00533375  0.00438595  0.00392752  0.01600298  0.01241851  0.01914149
  0.01823779  0.01795328  0.02728687  0.01252601  0.00697438  0.00749284
  0.00747255]

Diff = 
[9.51673159e-12 7.49270566e-03 8.64684331e-03 1.01037768e-11
 1.87456240e-02 3.78885352e-03 1.93211350e-11 1.99223793e-02
 7.96309029e-03 1.88219911e-11 1.92946689e-02 8.59726589e-03
 1.51476170e-10 1.49848693e-02 2.48007464e-02 2.29321077e-02
 2.68678209e-02 1.58068114e-10 1.33408901e-02 1.97962493e-02
 1.87438106e-02 1.79819697e-02 1.47491311e-10 1.08651576e-02
 1.23160862e-02 1.46522414e-02 1.13203444e-02 1.62733181e-10
 1.25569283e-02 1.98317128e-02 2.52406502e-02 2.16448448e-02
 1.61144115e-10 1.69980116e-02 1.31689633e-02 1.90598061e-02
 1.44242777e-02]

 Iteration 900:
############################
Gradient = 
[-3.56079611e-03 -3.45459386e-03  2.24932339e-03 -1.60202912e-03
  3.46363621e-04 -1.18339200e-03 -2.57547562e-03  3.62727707e-03
  3.84911476e-03 -8.91254290e-04  1.51426935e-04  2.94802573e-03
  3.49483964e-04  7.17944899e-04 -5.71331774e-04  3.28559944e-03
 -1.86889196e-05  2.25158512e-02 -1.50678242e-03 -8.01410399e-03
 -7.28200924e-03 -6.73169315e-03  2.75652655e-02 -4.15967185e-03
 -7.26018627e-03 -1.02582762e-02 -7.62024372e-03  1.50236178e-02
 -5.12652751e-04 -1.37013832e-03 -7.18303011e-03 -4.05716722e-03
  2.64122631e-02 -4.85889521e-03 -6.29843961e-03 -1.13298572e-02
 -7.09705819e-03]

Gradient approximate =
[-0.0035608  -0.01122639 -0.00622818 -0.00160203 -0.01838949 -0.00507413
 -0.00257548 -0.01601292 -0.00381195 -0.00089125 -0.01914678 -0.00542332
  0.00034948  0.01576462  0.02420086  0.02650467  0.02686794  0.02251585
  0.01173793  0.01117827  0.01091469  0.01074725  0.02756527  0.00640775
  0.0045165   0.0036174   0.00313163  0.01502362  0.01201819  0.01838179
  0.01752008  0.01729321  0.02641226  0.01178571  0.00639777  0.0068644
  0.00679566]

Diff = 
[2.26641735e-11 7.77179810e-03 8.47749901e-03 1.61184911e-12
 1.87358556e-02 3.89073637e-03 1.09845340e-11 1.96402004e-02
 7.66106295e-03 4.57382428e-12 1.92982075e-02 8.37134821e-03
 1.57496968e-10 1.50466758e-02 2.47721923e-02 2.32190739e-02
 2.68866254e-02 1.57058380e-10 1.32447128e-02 1.91923738e-02
 1.81966988e-02 1.74789439e-02 1.64486279e-10 1.05674250e-02
 1.17766818e-02 1.38756800e-02 1.07518753e-02 1.55869605e-10
 1.25308379e-02 1.97519314e-02 2.47031085e-02 2.13503753e-02
 1.51699198e-10 1.66446033e-02 1.26962140e-02 1.81942580e-02
 1.38927178e-02]

 