Iteration 0:
############################
Gradient = 
[-0.01374768 -0.06873004 -0.01413934  0.00375308  0.02906442  0.00513483
 -0.00752159 -0.0382016  -0.00853402  0.0138336   0.04522344  0.0157444
  0.01157806  0.0485773   0.01398227 -0.00295888  0.00359202  0.00112513
  0.31599902  0.12339241  0.17003611  0.16079424  0.15069978  0.18385837
  0.19416344  0.30558973  0.13453553  0.16589964  0.15193135  0.15177735
  0.17524825  0.16783143  0.32011842  0.13694915  0.16409852  0.16810879
  0.16474222  0.17449644  0.17817659  0.25162142  0.09802595  0.1337177
  0.1253558   0.11193628  0.14043149  0.14455314  0.2770074   0.12516137
  0.13807424  0.14621013  0.13494492  0.14998574  0.15556763]

Gradient approximate =
[-0.01374768 -0.06398066 -0.01658634  0.00375308  0.02798937  0.00625028
 -0.00752159 -0.03738558 -0.00924362  0.0138336   0.0482357   0.01769194
  0.01157806  0.04426856  0.01614901 -0.00295888 -0.0011356   0.00377333
  0.31599902  0.13001411  0.16616696  0.16256976  0.14487107  0.18015701
  0.1871686   0.30558973  0.13250093  0.15955582  0.15815826  0.14683116
  0.16806939  0.17439573  0.32011842  0.14153562  0.16670187  0.16608363
  0.15722589  0.17345453  0.180057    0.25162142  0.10418976  0.13258625
  0.12932594  0.11841991  0.14277655  0.14848086  0.2770074   0.12437209
  0.14339613  0.14425698  0.13473508  0.14841949  0.15382494]

Diff = 
[8.16854917e-12 4.74938913e-03 2.44700137e-03 4.02848930e-11
 1.07505379e-03 1.11545058e-03 4.77825765e-12 8.16025790e-04
 7.09601315e-04 6.05524311e-12 3.01225736e-03 1.94753960e-03
 1.86951635e-11 4.30873876e-03 2.16674243e-03 6.65950324e-12
 4.72762253e-03 2.64820138e-03 2.29927188e-13 6.62169313e-03
 3.86915287e-03 1.77551921e-03 5.82870626e-03 3.70135863e-03
 6.99483897e-03 1.94087524e-11 2.03460499e-03 6.34381960e-03
 6.22691168e-03 4.94618568e-03 7.17886146e-03 6.56429169e-03
 2.77802781e-11 4.58647314e-03 2.60334617e-03 2.02516530e-03
 7.51632923e-03 1.04190383e-03 1.88041270e-03 5.12425102e-11
 6.16381001e-03 1.13145803e-03 3.97014050e-03 6.48362378e-03
 2.34505344e-03 3.92772116e-03 9.85223014e-12 7.89278574e-04
 5.32189069e-03 1.95314647e-03 2.09835809e-04 1.56624656e-03
 1.74268548e-03]

 Iteration 100:
############################
Gradient = 
[-0.02491085 -0.10210035 -0.0256744  -0.01878767 -0.05589977 -0.02113181
 -0.02367766 -0.09161673 -0.02612643 -0.01218013 -0.05105739 -0.01491931
 -0.01564185 -0.05452618 -0.01850272 -0.02285707 -0.06912084 -0.02237586
  0.15747959  0.07756047  0.08813253  0.09408806  0.07329112  0.0933349
  0.10736758  0.15511909  0.07654807  0.08326216  0.07773416  0.07480427
  0.08603669  0.07993155  0.16289811  0.06996936  0.07606975  0.08450154
  0.08242248  0.08029474  0.08294727  0.1284452   0.05784866  0.06818452
  0.06970578  0.05121546  0.06900494  0.07499054  0.14383322  0.06923225
  0.06438269  0.07634996  0.06585455  0.07056897  0.07560408]

Gradient approximate =
[-0.02491085 -0.10483149 -0.02994428 -0.01878767 -0.05938788 -0.02105764
 -0.02367766 -0.09705161 -0.02856385 -0.01218013 -0.04961273 -0.01336135
 -0.01564185 -0.06060096 -0.01698759 -0.02285707 -0.07780916 -0.02099213
  0.15747959  0.09162932  0.093581    0.10523996  0.07545657  0.09959199
  0.11137843  0.15511909  0.08236099  0.08596878  0.09241473  0.07803827
  0.0883065   0.09552212  0.16289811  0.08225582  0.0874044   0.09180222
  0.08388894  0.08848072  0.09436743  0.1284452   0.06980977  0.07437942
  0.08087652  0.06353923  0.07890733  0.08694823  0.14383322  0.07568816
  0.0770575   0.08262021  0.07292236  0.07698919  0.08231485]

Diff = 
[2.81840697e-11 2.73113347e-03 4.26988066e-03 2.86233190e-12
 3.48811268e-03 7.41714876e-05 5.51026932e-12 5.43487397e-03
 2.43742451e-03 4.00677408e-12 1.44465411e-03 1.55796077e-03
 1.47672638e-11 6.07478159e-03 1.51513172e-03 1.59313118e-11
 8.68831843e-03 1.38373058e-03 1.04460940e-10 1.40688505e-02
 5.44846342e-03 1.11518990e-02 2.16545430e-03 6.25708921e-03
 4.01084968e-03 1.05996240e-10 5.81291869e-03 2.70661911e-03
 1.46805677e-02 3.23400016e-03 2.26980611e-03 1.55905627e-02
 1.11070375e-10 1.22864685e-02 1.13346583e-02 7.30067471e-03
 1.46646038e-03 8.18597797e-03 1.14201554e-02 1.27224564e-10
 1.19611099e-02 6.19489770e-03 1.11707455e-02 1.23237662e-02
 9.90239838e-03 1.19576871e-02 1.19000282e-10 6.45591060e-03
 1.26748144e-02 6.27025405e-03 7.06781653e-03 6.42022738e-03
 6.71077719e-03]

 Iteration 200:
############################
Gradient = 
[-0.01563485 -0.05784171 -0.01312855 -0.01394782 -0.03392548 -0.01392831
 -0.01483553 -0.04963353 -0.01383998 -0.01055496 -0.03857862 -0.01149703
 -0.01214129 -0.03686983 -0.01321841 -0.01535495 -0.03647235 -0.01276471
  0.07167946  0.04243516  0.04470335  0.04927338  0.03634816  0.04770895
  0.05643482  0.07801691  0.03549348  0.03845422  0.03067854  0.03524651
  0.03947692  0.03001587  0.08427663  0.02445637  0.02821782  0.03304523
  0.0385263   0.03075279  0.02973225  0.0623259   0.02753458  0.03237011
  0.0323519   0.02098666  0.03173215  0.03381338  0.0752898   0.02950074
  0.02365576  0.03183675  0.02875792  0.02814907  0.02974896]

Gradient approximate =
[-0.01563485 -0.06665113 -0.01887737 -0.01394782 -0.04094092 -0.0152213
 -0.01483553 -0.06044089 -0.01780155 -0.01055496 -0.04071029 -0.01099757
 -0.01214129 -0.04657031 -0.01295701 -0.01535495 -0.04921952 -0.01273363
  0.07167946  0.06098182  0.05503461  0.06573837  0.04252757  0.05914364
  0.06648493  0.07801691  0.04542982  0.04559863  0.049305    0.04249465
  0.04631697  0.04957926  0.08427663  0.04016003  0.04330404  0.04459706
  0.04439752  0.04293559  0.04519517  0.0623259   0.0426561   0.04224314
  0.04727608  0.03592796  0.04530909  0.04974666  0.0752898   0.03957202
  0.03950611  0.04204514  0.03926741  0.0381391   0.04026891]

Diff = 
[1.74345052e-11 8.80941745e-03 5.74881832e-03 4.42601858e-12
 7.01544112e-03 1.29299267e-03 8.74281203e-12 1.08073598e-02
 3.96156834e-03 9.88002388e-12 2.13167446e-03 4.99459139e-04
 1.09097714e-11 9.70048249e-03 2.61407904e-04 2.07231819e-11
 1.27471714e-02 3.10815523e-05 1.49682849e-10 1.85466574e-02
 1.03312581e-02 1.64649896e-02 6.17940700e-03 1.14346882e-02
 1.00501132e-02 1.48944718e-10 9.93634088e-03 7.14440832e-03
 1.86264568e-02 7.24814279e-03 6.84005348e-03 1.95633947e-02
 1.36552464e-10 1.57036528e-02 1.50862185e-02 1.15518230e-02
 5.87122647e-03 1.21827988e-02 1.54629205e-02 1.52772392e-10
 1.51215247e-02 9.87302304e-03 1.49241806e-02 1.49412963e-02
 1.35769394e-02 1.59332765e-02 1.58084476e-10 1.00712738e-02
 1.58503575e-02 1.02083905e-02 1.05094960e-02 9.99002107e-03
 1.05199562e-02]

 Iteration 300:
############################
Gradient = 
[-0.00875679 -0.02850876 -0.0047937  -0.00887987 -0.01408798 -0.00730035
 -0.00828503 -0.02226509 -0.00567334 -0.00688623 -0.02081393 -0.00621386
 -0.00748169 -0.01779541 -0.00725844 -0.0093008  -0.01356767 -0.00575075
  0.03199039  0.02071868  0.02141013  0.02360632  0.01709619  0.02369444
  0.0288529   0.04456753  0.01354804  0.01644999  0.0071516   0.01560168
  0.01679571  0.00618636  0.05176638  0.00252602  0.00638191  0.00912253
  0.01739828  0.00818364  0.00592885  0.03305986  0.01041165  0.01419063
  0.01252559  0.00608781  0.01313154  0.01306842  0.04586527  0.00906308
  0.00443225  0.01010012  0.01051932  0.00809718  0.00827455]

Gradient approximate =
[-0.00875679 -0.04045651 -0.01118353 -0.00887987 -0.02284383 -0.00937256
 -0.00828503 -0.03566967 -0.01033684 -0.00688623 -0.02514293 -0.00637002
 -0.00748169 -0.02949683 -0.00775156 -0.0093008  -0.02810704 -0.00639011
  0.03199039  0.04157168  0.03414537  0.04272401  0.0252158   0.0377283
  0.04201362  0.04456753  0.02524083  0.02556718  0.02709682  0.02468294
  0.02565694  0.02700175  0.05176638  0.01913944  0.0226636   0.02214593
  0.02528298  0.02172294  0.02261432  0.03305986  0.0268947   0.02574219
  0.02905774  0.02198408  0.02831966  0.03067841  0.04586527  0.02049686
  0.02124851  0.02178804  0.02242847  0.01935871  0.02012387]

Diff = 
[1.79241171e-12 1.19477533e-02 6.38982983e-03 6.45248611e-12
 8.75585111e-03 2.07220703e-03 9.21387792e-12 1.34045812e-02
 4.66349446e-03 2.27931823e-11 4.32899468e-03 1.56161709e-04
 1.49592595e-11 1.17014165e-02 4.93121363e-04 1.33639367e-11
 1.45393708e-02 6.39359171e-04 1.66066660e-10 2.08530022e-02
 1.27352360e-02 1.91176857e-02 8.11960823e-03 1.40338681e-02
 1.31607255e-02 1.42283470e-10 1.16927890e-02 9.11718761e-03
 1.99452199e-02 9.08126262e-03 8.86122938e-03 2.08153881e-02
 1.48992811e-10 1.66134211e-02 1.62816964e-02 1.30233933e-02
 7.88469535e-03 1.35393016e-02 1.66854704e-02 1.54029012e-10
 1.64830487e-02 1.15515560e-02 1.65321543e-02 1.58962706e-02
 1.51881215e-02 1.76099881e-02 1.48804004e-10 1.14337803e-02
 1.68162628e-02 1.16879168e-02 1.19091492e-02 1.12615318e-02
 1.18493191e-02]

 Iteration 400:
############################
Gradient = 
[-0.00534253 -0.0150973  -0.0011271  -0.00620093 -0.00484025 -0.0039893
 -0.00507082 -0.01002528 -0.00203259 -0.00481854 -0.01114783 -0.00333361
 -0.00494037 -0.00844829 -0.00422897 -0.00622447 -0.00354255 -0.00259047
  0.01410112  0.00976819  0.00998627  0.01097084  0.00780553  0.01203553
  0.0152892   0.03049814  0.00364798  0.00669571 -0.00291089  0.0066867
  0.00673171 -0.00378006  0.03876503 -0.00630656 -0.002371   -0.00056974
  0.00811293 -0.00099806 -0.00342819  0.02062969  0.00259016  0.00590117
  0.0036131  -0.00043964  0.00477536  0.00384339  0.03375753  0.00020318
 -0.00340795  0.00092479  0.00251485 -0.00028959 -0.00053384]

Gradient approximate =
[-0.00534253 -0.02862812 -0.00772179 -0.00620093 -0.01426463 -0.00647328
 -0.00507082 -0.02458935 -0.00696905 -0.00481854 -0.01664427 -0.00383844
 -0.00494037 -0.02109692 -0.00514255 -0.00622447 -0.01867561 -0.00352896
  0.01410112  0.03172678  0.02385947  0.03134103  0.01682537  0.02736926
  0.030061    0.03049814  0.01594265  0.01664003  0.01714269  0.01656802
  0.01643319  0.01707372  0.03876503  0.01011491  0.0140138   0.0127241
  0.01691628  0.0127632   0.01329894  0.02062969  0.01952639  0.01817293
  0.02071168  0.01563713  0.02059991  0.02204756  0.03375753  0.01194222
  0.01340402  0.01298155  0.01487686  0.01122282  0.01156047]

Diff = 
[2.82705196e-12 1.35308265e-02 6.59469121e-03 1.59702954e-11
 9.42437764e-03 2.48397428e-03 7.37301106e-12 1.45640739e-02
 4.93645101e-03 1.17438611e-12 5.49644461e-03 5.04835959e-04
 3.18224709e-11 1.26486335e-02 9.13580573e-04 1.64370731e-11
 1.51330600e-02 9.38486045e-04 1.58552454e-10 2.19585907e-02
 1.38731944e-02 2.03701910e-02 9.01983868e-03 1.53337336e-02
 1.47718081e-02 1.66964189e-10 1.22946666e-02 9.94432159e-03
 2.00535801e-02 9.88131930e-03 9.70147750e-03 2.08537768e-02
 1.44210942e-10 1.64214718e-02 1.63847957e-02 1.32938339e-02
 8.80334759e-03 1.37612547e-02 1.67271335e-02 1.65321215e-10
 1.69362274e-02 1.22717562e-02 1.70985835e-02 1.60767721e-02
 1.58245519e-02 1.82041734e-02 1.50796958e-10 1.17390440e-02
 1.68119710e-02 1.20567591e-02 1.23620073e-02 1.15124118e-02
 1.20943135e-02]

 Iteration 500:
############################
Gradient = 
[-0.00364962 -0.00912016  0.00036098 -0.00486945 -0.0011121  -0.00244166
 -0.0035065  -0.00476029 -0.00049622 -0.00381492 -0.00645464 -0.00194708
 -0.00365495 -0.00440113 -0.00282517 -0.00468336  0.00035784 -0.00129226
  0.00581444  0.00453314  0.00444008  0.00490244  0.00345472  0.00644082
  0.00857828  0.02439904 -0.00063218  0.00243244 -0.0069265   0.00269585
  0.00231576 -0.00766414  0.0333747  -0.00953683 -0.0056495  -0.00431332
  0.00399992 -0.00457348 -0.00685025  0.01524092 -0.00071127  0.00218008
 -0.0002081  -0.00308613  0.0011235  -0.00015216  0.02862944 -0.00346369
 -0.00632631 -0.00278666 -0.00089339 -0.00362186 -0.00394032]

Gradient approximate =
[-0.00364962 -0.02353812 -0.00625464 -0.00486945 -0.01074035 -0.00516179
 -0.0035065  -0.01985706 -0.00552043 -0.00381492 -0.01259627 -0.00264545
 -0.00365495 -0.01751471 -0.00399889 -0.00468336 -0.01487274 -0.00237042
  0.00581444  0.02700911  0.01883513  0.02584641  0.01288043  0.02244862
  0.02422484  0.02439904  0.01175542  0.0127012   0.01273332  0.01291311
  0.01233804  0.01273523  0.0333747   0.00626634  0.01041297  0.00877498
  0.01324193  0.00895743  0.00946778  0.01524092  0.01627879  0.01473992
  0.01700002  0.01284294  0.01715323  0.01817201  0.02862944  0.0081333
  0.01010032  0.00918003  0.01151299  0.00772457  0.00796562]

Diff = 
[1.52471022e-11 1.44179591e-02 6.61562673e-03 2.03991884e-11
 9.62824917e-03 2.72012630e-03 8.16187612e-12 1.50967711e-02
 5.02420687e-03 1.15481600e-11 6.14163090e-03 6.98376511e-04
 5.81352111e-12 1.31135826e-02 1.17371884e-03 3.13424633e-13
 1.52305790e-02 1.07816101e-03 1.61159926e-10 2.24759650e-02
 1.43950495e-02 2.09439725e-02 9.42570712e-03 1.60078070e-02
 1.56465616e-02 1.49072449e-10 1.23875975e-02 1.02687554e-02
 1.96598217e-02 1.02172560e-02 1.00222721e-02 2.03993689e-02
 1.55237746e-10 1.58031709e-02 1.60624672e-02 1.30883045e-02
 9.24201140e-03 1.35309147e-02 1.63180327e-02 1.59601875e-10
 1.69900600e-02 1.25598397e-02 1.72081224e-02 1.59290760e-02
 1.60297275e-02 1.83241658e-02 1.63151589e-10 1.15969847e-02
 1.64266287e-02 1.19666979e-02 1.24063735e-02 1.13464313e-02
 1.19059414e-02]

 Iteration 600:
############################
Gradient = 
[-0.00272104 -0.00632061  0.00093379 -0.00416294  0.00022144 -0.00168306
 -0.00267715 -0.00245869  0.00014756 -0.00331969 -0.00411209 -0.0012642
 -0.0029592  -0.00271045 -0.00215488 -0.0038415   0.00167184 -0.00078851
  0.00187081  0.00208931  0.00172486  0.00198274  0.00146563  0.00374656
  0.00514389  0.02160374 -0.00245949  0.00053006 -0.0083649   0.00086486
  0.00033485 -0.00898953  0.03095009 -0.01051752 -0.00675133 -0.00568281
  0.00204913 -0.00590173 -0.0079383   0.01280969 -0.00201089  0.00047568
 -0.00180156 -0.00404001 -0.00046477 -0.00187587  0.0262987  -0.00495001
 -0.00724369 -0.00424464 -0.00234879 -0.00487408 -0.00515298]

Gradient approximate =
[-0.00272104 -0.02131002 -0.00562963 -0.00416294 -0.00943165 -0.00455604
 -0.00267715 -0.01781724 -0.00488656 -0.00331969 -0.01064389 -0.0020812
 -0.0029592  -0.01608384 -0.00351393 -0.0038415  -0.01347266 -0.00194233
  0.00187081  0.02480439  0.01634165  0.02317446  0.01106794  0.02012772
  0.02129588  0.02160374  0.00980236  0.01090206  0.01070811  0.01120861
  0.0104483   0.0107717   0.03095009  0.0045205   0.00883527  0.00701973
  0.01151184  0.00722577  0.00781319  0.01280969  0.01486895  0.01312833
  0.01532245  0.01161374  0.0155822   0.01636336  0.0262987   0.00632146
  0.00866344  0.00744853  0.0099281   0.00614415  0.00640182]

Diff = 
[1.94476761e-11 1.49894018e-02 6.56342197e-03 1.84224077e-12
 9.65309091e-03 2.87297692e-03 9.90028936e-12 1.53585458e-02
 5.03412610e-03 2.12274642e-13 6.53180346e-03 8.17000489e-04
 3.24169771e-12 1.33733963e-02 1.35904792e-03 4.13697765e-12
 1.51445005e-02 1.15382358e-03 1.62481507e-10 2.27150792e-02
 1.46167860e-02 2.11917152e-02 9.60230024e-03 1.63811603e-02
 1.61519903e-02 1.63931910e-10 1.22618447e-02 1.03719955e-02
 1.90730111e-02 1.03437544e-02 1.01134520e-02 1.97612307e-02
 1.60975993e-10 1.50380169e-02 1.55866055e-02 1.27025349e-02
 9.46270794e-03 1.31274980e-02 1.57514876e-02 1.63496262e-10
 1.68798392e-02 1.26526482e-02 1.71240119e-02 1.56537471e-02
 1.60469654e-02 1.82392275e-02 1.58700563e-10 1.12714697e-02
 1.59071366e-02 1.16931664e-02 1.22768994e-02 1.10182207e-02
 1.15547984e-02]

 Iteration 700:
############################
Gradient = 
[-2.13139575e-03 -4.88926806e-03  1.12841238e-03 -3.73753321e-03
  5.71466085e-04 -1.26999293e-03 -2.17489929e-03 -1.41704362e-03
  4.15387287e-04 -3.04993810e-03 -2.84390093e-03 -8.99186540e-04
 -2.52923317e-03 -2.02215961e-03 -1.80479929e-03 -3.31621741e-03
  1.93731008e-03 -6.12284216e-04 -4.58315546e-05  9.87691918e-04
  3.88706875e-04  5.75410932e-04  5.93740539e-04  2.44956721e-03
  3.30720707e-03  2.01990696e-02 -3.22996850e-03 -3.60772277e-04
 -8.72234952e-03 -2.40192603e-05 -5.98278320e-04 -9.25513052e-03
  2.96852514e-02 -1.06217070e-02 -7.01158406e-03 -6.12136879e-03
  1.00517800e-03 -6.34481976e-03 -8.13311609e-03  1.16374035e-02
 -2.45234373e-03 -3.37884388e-04 -2.43463374e-03 -4.27954143e-03
 -1.15447742e-03 -2.61466425e-03  2.50946606e-02 -5.53330097e-03
 -7.37622988e-03 -4.78652758e-03 -2.98286750e-03 -5.28746393e-03
 -5.49418301e-03]

Gradient approximate =
[-2.13139575e-03 -2.02969118e-02 -5.35577204e-03 -3.73753320e-03
 -9.04809988e-03 -4.25321452e-03 -2.17489927e-03 -1.69173095e-02
 -4.59611242e-03 -3.04993809e-03 -9.63432914e-03 -1.79669145e-03
 -2.52923314e-03 -1.55705628e-02 -3.31218137e-03 -3.31621743e-03
 -1.30671070e-02 -1.81780661e-03 -4.58313965e-05  2.38136876e-02
  1.50798691e-02  2.18578181e-02  1.02694579e-02  1.90591914e-02
  1.97720464e-02  2.01990698e-02  8.81319330e-03  1.00139428e-02
  9.70153351e-03  1.03480398e-02  9.50141746e-03  9.81336263e-03
  2.96852516e-02  3.61508435e-03  8.05246495e-03  6.13224130e-03
  1.05800086e-02  6.31721427e-03  7.00847831e-03  1.16374037e-02
  1.42558123e-02  1.23166657e-02  1.45258960e-02  1.10574640e-02
  1.48280324e-02  1.54513847e-02  2.50946607e-02  5.33913026e-03
  7.97614551e-03  6.56240525e-03  9.08977426e-03  5.34412548e-03
  5.65554030e-03]

Diff = 
[1.09266025e-12 1.54076437e-02 6.48418442e-03 5.54408602e-12
 9.61956597e-03 2.98322159e-03 1.34623662e-11 1.55002659e-02
 5.01149971e-03 6.94799947e-12 6.79042821e-03 8.97504906e-04
 2.77688597e-11 1.35484032e-02 1.50738208e-03 1.65714985e-11
 1.50044171e-02 1.20552240e-03 1.58148450e-10 2.28259957e-02
 1.46911622e-02 2.12824071e-02 9.67571739e-03 1.66096242e-02
 1.64648393e-02 1.56486980e-10 1.20431618e-02 1.03747151e-02
 1.84238830e-02 1.03720591e-02 1.00996958e-02 1.90684932e-02
 1.64051720e-10 1.42367913e-02 1.50640490e-02 1.22536101e-02
 9.57483056e-03 1.26620340e-02 1.51415944e-02 1.57592073e-10
 1.67081561e-02 1.26545501e-02 1.69605297e-02 1.53370054e-02
 1.59825098e-02 1.80660490e-02 1.57330673e-10 1.08724312e-02
 1.53523754e-02 1.13489328e-02 1.20726418e-02 1.06315894e-02
 1.11497233e-02]

 Iteration 800:
############################
Gradient = 
[-1.69697850e-03 -4.06893521e-03  1.16755837e-03 -3.44038950e-03
  5.34931113e-04 -1.01278898e-03 -1.82235402e-03 -9.21617317e-04
  5.23247394e-04 -2.87811754e-03 -2.08483722e-03 -6.81957336e-04
 -2.21967070e-03 -1.75473493e-03 -1.59665559e-03 -2.93859538e-03
  1.79995388e-03 -5.67063207e-04 -9.95047957e-04  5.26623998e-04
 -2.63243179e-04 -9.94233459e-05  2.42508416e-04  1.83229209e-03
  2.27242033e-03  1.93879338e-02 -3.54504194e-03 -8.14141488e-04
 -8.63490318e-03 -4.97326374e-04 -1.07591091e-03 -9.09235509e-03
  2.88751850e-02 -1.03981170e-02 -6.95903461e-03 -6.20141444e-03
  3.55331390e-04 -6.44484031e-03 -8.00162149e-03  1.10066944e-02
 -2.53635479e-03 -7.50215500e-04 -2.65652131e-03 -4.23014976e-03
 -1.45187331e-03 -2.92219190e-03  2.43473431e-02 -5.74175896e-03
 -7.21742846e-03 -4.95859538e-03 -3.26784670e-03 -5.36913473e-03
 -5.49925029e-03]

Gradient approximate =
[-0.00169698 -0.01981255 -0.00522937 -0.00344039 -0.00904144 -0.00408164
 -0.00182235 -0.01650816 -0.00445222 -0.00287812 -0.00905942 -0.00163861
 -0.00221967 -0.01544419 -0.00323195 -0.0029386  -0.0130619  -0.00181664
 -0.00099505  0.02340728  0.01442993  0.02119809  0.00994779  0.01860089
  0.01894477  0.01938793  0.00824066  0.00951464  0.00913199  0.00985354
  0.00895893  0.00928182  0.02887519  0.0030439   0.00757648  0.00558571
  0.00998016  0.00573313  0.00652968  0.01100669  0.01398214  0.01186176
  0.01411027  0.01078451  0.01443078  0.01493321  0.02434734  0.00470364
  0.00758294  0.0060211   0.00856754  0.00485895  0.00523423]

Diff = 
[5.50954248e-13 1.57436114e-02 6.39692535e-03 1.58940396e-12
 9.57637336e-03 3.06884664e-03 7.29062839e-12 1.55865422e-02
 4.97547166e-03 2.18010735e-11 6.97458704e-03 9.56648933e-04
 9.58844419e-12 1.36894514e-02 1.63528979e-03 1.57169330e-12
 1.48618491e-02 1.24957534e-03 1.66384959e-10 2.28806548e-02
 1.46931751e-02 2.12975116e-02 9.70528122e-03 1.67686027e-02
 1.66723482e-02 1.67509059e-10 1.17857037e-02 1.03287809e-02
 1.77668917e-02 1.03508700e-02 1.00348437e-02 1.83741796e-02
 1.60291096e-10 1.34420151e-02 1.45355124e-02 1.17871196e-02
 9.62482430e-03 1.21779749e-02 1.45313024e-02 1.66264138e-10
 1.65184922e-02 1.26119738e-02 1.67667957e-02 1.50146611e-02
 1.58826567e-02 1.78554018e-02 1.65917814e-10 1.04453967e-02
 1.48003695e-02 1.09796961e-02 1.18353869e-02 1.02280811e-02
 1.07334838e-02]

 Iteration 900:
############################
Gradient = 
[-0.00133798 -0.00353863  0.00114361 -0.00320434  0.00035816 -0.00083124
 -0.00154192 -0.00067083  0.00056179 -0.00274866 -0.00158688 -0.00053869
 -0.00196623 -0.00166255 -0.0014546  -0.00263396  0.0015268  -0.00057123
 -0.00147584  0.00036633 -0.00056897 -0.00041731  0.0001262   0.00154757
  0.0016542   0.01883438 -0.00366286 -0.00107439 -0.00837227 -0.00078225
 -0.00135119 -0.00876674  0.02824543 -0.0100628  -0.00679974 -0.00614737
 -0.0001095  -0.00641497 -0.00776349  0.01061101 -0.00247917 -0.00097516
 -0.00270431 -0.00407392 -0.0015769  -0.00303758  0.02378774 -0.0057924
 -0.00696414 -0.0049823  -0.00339986 -0.00532404 -0.00538258]

Gradient approximate =
[-0.00133798 -0.01956838 -0.00516581 -0.00320434 -0.00918396 -0.00396943
 -0.00154192 -0.01631657 -0.00437246 -0.00274866 -0.00869908 -0.00154114
 -0.00196623 -0.01548037 -0.00320485 -0.00263396 -0.01320896 -0.00186361
 -0.00147584  0.02327952  0.01409138  0.02085929  0.00984451  0.01844246
  0.01847315  0.01883438  0.00784999  0.0091824   0.00875184  0.00951964
  0.0085913   0.00893254  0.02824543  0.00260631  0.00721596  0.00517306
  0.00952397  0.00527705  0.00617224  0.01061101  0.01384944  0.01157097
  0.01385944  0.01062683  0.01419076  0.01459209  0.02378774  0.00421696
  0.00730048  0.00562155  0.00818324  0.00449988  0.00493964]

Diff = 
[1.36033899e-11 1.60297528e-02 6.30942721e-03 1.29533198e-11
 9.54212391e-03 3.13819444e-03 8.19020784e-12 1.56457438e-02
 4.93424562e-03 1.43496231e-11 7.11219531e-03 1.00245138e-03
 1.65813630e-11 1.38178179e-02 1.75025075e-03 2.37157390e-11
 1.47357522e-02 1.29237466e-03 1.64375825e-10 2.29131865e-02
 1.46603518e-02 2.12766006e-02 9.71830909e-03 1.68948847e-02
 1.68189471e-02 1.68984104e-10 1.15128499e-02 1.02567964e-02
 1.71241084e-02 1.03018878e-02 9.94249165e-03 1.76992782e-02
 1.49097339e-10 1.26691020e-02 1.40156952e-02 1.13204326e-02
 9.63347231e-03 1.16920140e-02 1.39357333e-02 1.63602970e-10
 1.63286163e-02 1.25461272e-02 1.65637556e-02 1.47007523e-02
 1.57676686e-02 1.76296689e-02 1.61966114e-10 1.00093571e-02
 1.42646230e-02 1.06038567e-02 1.15830938e-02 9.82392220e-03
 1.03222203e-02]

 