Iteration 0:
############################
Gradient = 
[ 4.08549284e-04  4.59920672e-03 -3.59785929e-03  8.64472665e-05
 -4.14152922e-03  1.92574487e-03  9.04284092e-05  1.85895846e-04
  1.91396203e-03  2.63110058e-04  1.35249055e-03  4.77366527e-03
 -3.49096942e-04  1.37390036e-03  3.00004523e-03 -1.82887577e-04
 -2.57860092e-03  2.07955821e-03 -1.47082711e-02 -1.26732542e-02
 -7.13806100e-03 -1.12294974e-02 -8.38350836e-03 -4.83093742e-03
 -3.30702018e-03  1.28112039e-02  7.93002594e-03  5.10981790e-03
  3.97026624e-03  1.03039247e-02  5.48743918e-03  8.13205400e-03
  3.12819835e-01  1.43951412e-01  1.64437644e-01  2.59046615e-01
  1.17923936e-01  1.28822972e-01  3.12713925e-01  1.43983144e-01
  1.62577778e-01  3.15044726e-01  1.48194678e-01  1.67315587e-01
  2.88218682e-01  1.33815448e-01  1.51342870e-01]

Gradient approximate =
[-1.15962950e-04 -9.69142457e-04 -3.30694299e-04 -1.85113924e-05
 -2.24113894e-04 -4.88155072e-05  1.00620536e-04 -8.78411766e-05
  5.21016208e-05 -2.00110326e-04 -7.64442818e-04 -2.81061050e-04
  1.38078347e-04  8.92442595e-04  3.23736980e-01  1.51788842e-01
  1.66971520e-01  2.87807609e-01  1.37707687e-01  1.49925680e-01
  2.85137461e-01  1.34876713e-01  1.48240253e-01  3.33464245e-01
  1.56704630e-01  1.59628717e-01  2.92253466e-01  1.35373818e-01
  1.47836038e-01 -5.95369324e-03 -6.22543634e-03 -5.66900229e-03
  0.00000000e+00  0.00000000e+00  0.00000000e+00  0.00000000e+00
  0.00000000e+00  0.00000000e+00  0.00000000e+00  0.00000000e+00
  0.00000000e+00  0.00000000e+00  0.00000000e+00  0.00000000e+00
  0.00000000e+00  0.00000000e+00  0.00000000e+00]

Diff = 
[5.24512234e-04 5.56834918e-03 3.26716500e-03 1.04958659e-04
 3.91741533e-03 1.97456037e-03 1.01921271e-05 2.73737022e-04
 1.86186041e-03 4.63220384e-04 2.11693336e-03 5.05472632e-03
 4.87175289e-04 4.81457766e-04 3.20736935e-01 1.51971730e-01
 1.69550120e-01 2.85728051e-01 1.52415958e-01 1.62598934e-01
 2.92275522e-01 1.46106211e-01 1.56623761e-01 3.38295182e-01
 1.60011650e-01 1.46817513e-01 2.84323440e-01 1.30264001e-01
 1.43865772e-01 1.62576179e-02 1.17128755e-02 1.38010563e-02
 3.12819835e-01 1.43951412e-01 1.64437644e-01 2.59046615e-01
 1.17923936e-01 1.28822972e-01 3.12713925e-01 1.43983144e-01
 1.62577778e-01 3.15044726e-01 1.48194678e-01 1.67315587e-01
 2.88218682e-01 1.33815448e-01 1.51342870e-01]

 Iteration 100:
############################
Gradient = 
[-1.12437655e-04  1.99045216e-03 -4.20297109e-03 -2.60705982e-05
 -4.45259743e-03  1.65902224e-03  6.36859468e-05 -2.10241374e-04
  1.71309354e-03 -1.75264647e-04 -4.46952897e-04  3.94496050e-03
  1.01784012e-04  3.29312338e-03  3.50365197e-03 -4.30303067e-05
 -1.59038036e-03  2.23516220e-03  2.56127686e-03 -3.08953757e-03
 -4.86855002e-04 -2.09600401e-03  8.75337066e-04  4.89460938e-03
  4.96413013e-03 -9.49367222e-03 -3.79457727e-03 -3.68091446e-03
 -7.24226525e-03 -1.47247125e-03 -6.63583623e-03 -2.87700415e-03
  3.22644546e-01  1.55947098e-01  1.66362215e-01  2.87180672e-01
  1.29353999e-01  1.45125020e-01  2.84783431e-01  1.29744848e-01
  1.47903725e-01  3.31030054e-01  1.58624874e-01  1.75334099e-01
  3.00593373e-01  1.41069665e-01  1.54527685e-01]

Gradient approximate =
[-1.12437664e-04 -9.15498803e-04 -3.25017180e-04 -2.60705812e-05
 -2.40615103e-04 -6.07886741e-05  6.36859565e-05 -1.98777119e-04
  3.24055227e-06 -1.75264661e-04 -6.66121811e-04 -2.54711892e-04
  1.01784003e-04  7.19719893e-04  3.22903370e-01  1.50982192e-01
  1.68550682e-01  2.87240504e-01  1.36912311e-01  1.51310272e-01
  2.85411555e-01  1.34566694e-01  1.50049036e-01  3.32855973e-01
  1.55985568e-01  1.63140693e-01  2.95630411e-01  1.36780292e-01
  1.51853432e-01 -5.03935143e-03 -5.23021934e-03 -4.81924010e-03
  0.00000000e+00  0.00000000e+00  0.00000000e+00  0.00000000e+00
  0.00000000e+00  0.00000000e+00  0.00000000e+00  0.00000000e+00
  0.00000000e+00  0.00000000e+00  0.00000000e+00  0.00000000e+00
  0.00000000e+00  0.00000000e+00  0.00000000e+00]

Diff = 
[8.23202081e-12 2.90595096e-03 3.87795391e-03 1.69918144e-11
 4.21198233e-03 1.71981092e-03 9.71189122e-12 1.14642547e-05
 1.70985299e-03 1.32512908e-11 2.19168914e-04 4.19967239e-03
 8.53849767e-12 2.57340348e-03 3.19399718e-01 1.51025222e-01
 1.70141062e-01 2.85005342e-01 1.34351034e-01 1.54399810e-01
 2.85898410e-01 1.36662698e-01 1.49173699e-01 3.27961364e-01
 1.51021438e-01 1.72634365e-01 2.99424989e-01 1.40461207e-01
 1.59095697e-01 3.56688018e-03 1.40561689e-03 1.94223595e-03
 3.22644546e-01 1.55947098e-01 1.66362215e-01 2.87180672e-01
 1.29353999e-01 1.45125020e-01 2.84783431e-01 1.29744848e-01
 1.47903725e-01 3.31030054e-01 1.58624874e-01 1.75334099e-01
 3.00593373e-01 1.41069665e-01 1.54527685e-01]

 Iteration 200:
############################
Gradient = 
[-1.04346236e-04  1.95810570e-03 -3.98479338e-03 -2.92904228e-05
 -4.23519052e-03  1.57151968e-03  3.77867406e-05 -2.69470726e-04
  1.59534750e-03 -1.50668798e-04 -3.30590877e-04  3.77742389e-03
  7.45413543e-05  3.00028318e-03  3.28868536e-03 -3.97522718e-05
 -1.53276469e-03  2.12124270e-03  2.37281826e-03 -3.05150112e-03
 -4.96912701e-04 -2.08909707e-03  7.30318742e-04  4.51391284e-03
  4.64051328e-03 -7.98638734e-03 -2.81815659e-03 -2.92500421e-03
 -6.11907709e-03 -6.14833007e-04 -5.46512688e-03 -2.00316191e-03
  3.21928570e-01  1.55191240e-01  1.67728177e-01  2.86666602e-01
  1.28624399e-01  1.46475736e-01  2.85049948e-01  1.29622642e-01
  1.49448347e-01  3.30489573e-01  1.57714800e-01  1.77184809e-01
  3.02621187e-01  1.41792364e-01  1.57467439e-01]

Gradient approximate =
[-1.04346278e-04 -8.48506065e-04 -3.12938879e-04 -2.92904101e-05
 -2.41924676e-04 -6.70035272e-05  3.77867626e-05 -2.70223399e-04
 -3.12887205e-05 -1.50668817e-04 -5.69319405e-04 -2.27885883e-04
  7.45413709e-05  5.85131164e-04  3.22143339e-01  1.50227519e-01
  1.69816951e-01  2.86722147e-01  1.36118541e-01  1.52389953e-01
  2.85643303e-01  1.34240792e-01  1.51529543e-01  3.32171612e-01
  1.55235435e-01  1.66059229e-01  2.98468646e-01  1.37926926e-01
  1.55244636e-01 -4.23381951e-03 -4.36357546e-03 -4.06783752e-03
  0.00000000e+00  0.00000000e+00  0.00000000e+00  0.00000000e+00
  0.00000000e+00  0.00000000e+00  0.00000000e+00  0.00000000e+00
  0.00000000e+00  0.00000000e+00  0.00000000e+00  0.00000000e+00
  0.00000000e+00  0.00000000e+00  0.00000000e+00]

Diff = 
[4.19760639e-11 2.80661177e-03 3.67185450e-03 1.26560754e-11
 3.99326585e-03 1.63852320e-03 2.20079015e-11 7.52673075e-07
 1.62663622e-03 1.97327719e-11 2.38728528e-04 4.00530978e-03
 1.65142175e-11 2.41515201e-03 3.18854654e-01 1.50267271e-01
 1.71349715e-01 2.84600904e-01 1.33745723e-01 1.55441454e-01
 2.86140215e-01 1.36329889e-01 1.50799225e-01 3.27657699e-01
 1.50594922e-01 1.74045617e-01 3.01286803e-01 1.40851930e-01
 1.61363713e-01 3.61898650e-03 1.10155141e-03 2.06467561e-03
 3.21928570e-01 1.55191240e-01 1.67728177e-01 2.86666602e-01
 1.28624399e-01 1.46475736e-01 2.85049948e-01 1.29622642e-01
 1.49448347e-01 3.30489573e-01 1.57714800e-01 1.77184809e-01
 3.02621187e-01 1.41792364e-01 1.57467439e-01]

 Iteration 300:
############################
Gradient = 
[-9.37551001e-05  1.93330261e-03 -3.77332624e-03 -2.94935688e-05
 -4.01820782e-03  1.49251032e-03  2.01600623e-05 -2.96924692e-04
  1.49431818e-03 -1.27279668e-04 -2.24902106e-04  3.61754157e-03
  5.46112302e-05  2.75253123e-03  3.09370983e-03 -3.49436845e-05
 -1.46894721e-03  2.01529080e-03  2.17339901e-03 -3.01910634e-03
 -5.16004372e-04 -2.08767866e-03  5.86088315e-04  4.15119663e-03
  4.32566106e-03 -6.67124441e-03 -1.99184982e-03 -2.27226948e-03
 -5.14970994e-03  9.98456934e-05 -4.46817871e-03 -1.26386270e-03
  3.21272029e-01  1.54520307e-01  1.68775241e-01  2.86225537e-01
  1.27987110e-01  1.47559341e-01  2.85336589e-01  1.29554452e-01
  1.50718312e-01  3.29901775e-01  1.56854492e-01  1.78588638e-01
  3.04227104e-01  1.42328750e-01  1.59832380e-01]

Gradient approximate =
[-9.37551126e-05 -7.75383613e-04 -2.96748421e-04 -2.94935365e-05
 -2.32705575e-04 -6.89093715e-05  2.01600492e-05 -3.12035351e-04
 -5.45939360e-05 -1.27279689e-04 -4.77588156e-04 -2.01641668e-04
  5.46112178e-05  4.82061397e-04  3.21452426e-01  1.49559509e-01
  1.70776675e-01  2.86279234e-01  1.35396334e-01  1.53200403e-01
  2.85885395e-01  1.33963811e-01  1.52721592e-01  3.31439193e-01
  1.54511667e-01  1.68409725e-01  3.00780191e-01  1.38854923e-01
  1.58012437e-01 -3.53172407e-03 -3.61620326e-03 -3.41042243e-03
  0.00000000e+00  0.00000000e+00  0.00000000e+00  0.00000000e+00
  0.00000000e+00  0.00000000e+00  0.00000000e+00  0.00000000e+00
  0.00000000e+00  0.00000000e+00  0.00000000e+00  0.00000000e+00
  0.00000000e+00  0.00000000e+00  0.00000000e+00]

Diff = 
[1.24677705e-11 2.70868622e-03 3.47657781e-03 3.23241763e-11
 3.78550224e-03 1.56141969e-03 1.31183990e-11 1.51106593e-05
 1.54891212e-03 2.07208077e-11 2.52686050e-04 3.81918324e-03
 1.24419215e-11 2.27046983e-03 3.18358717e-01 1.49594453e-01
 1.72245622e-01 2.84263943e-01 1.33222935e-01 1.56219509e-01
 2.86401399e-01 1.36051489e-01 1.52135503e-01 3.27287996e-01
 1.50186006e-01 1.75080970e-01 3.02772041e-01 1.41127193e-01
 1.63162147e-01 3.63156976e-03 8.51975447e-04 2.14655972e-03
 3.21272029e-01 1.54520307e-01 1.68775241e-01 2.86225537e-01
 1.27987110e-01 1.47559341e-01 2.85336589e-01 1.29554452e-01
 1.50718312e-01 3.29901775e-01 1.56854492e-01 1.78588638e-01
 3.04227104e-01 1.42328750e-01 1.59832380e-01]

 Iteration 400:
############################
Gradient = 
[-8.20467055e-05  1.91086113e-03 -3.57005720e-03 -2.77849706e-05
 -3.80564576e-03  1.42020871e-03  8.49757843e-06 -3.02615766e-04
  1.40630811e-03 -1.05706593e-04 -1.31666199e-04  3.46410215e-03
  4.00557455e-05  2.53994398e-03  2.91546100e-03 -2.94760801e-05
 -1.40300776e-03  1.91586930e-03  1.96882947e-03 -2.98933138e-03
 -5.40923049e-04 -2.08877021e-03  4.45854991e-04  3.80804143e-03
  4.02215660e-03 -5.52474709e-03 -1.29575074e-03 -1.71062004e-03
 -4.31414746e-03  6.90795604e-04 -3.62051662e-03 -6.41491245e-04
  3.20667046e-01  1.53929022e-01  1.69551574e-01  2.85851106e-01
  1.27438504e-01  1.48418427e-01  2.85646041e-01  1.29541371e-01
  1.51757205e-01  3.29276789e-01  1.56047284e-01  1.79611533e-01
  3.05468831e-01  1.42712060e-01  1.61697054e-01]

Gradient approximate =
[-8.20466939e-05 -7.01071852e-04 -2.78311130e-04 -2.77849566e-05
 -2.17081713e-04 -6.79110013e-05  8.49759374e-06 -3.32888215e-04
 -6.96274438e-05 -1.05706592e-04 -3.93295638e-04 -1.76837831e-04
  4.00557942e-05  4.02597709e-04  3.20820413e-01  1.48972068e-01
  1.71474347e-01  2.85904320e-01  1.34747472e-01  1.53786820e-01
  2.86143352e-01  1.33739425e-01  1.53672220e-01  3.30671370e-01
  1.53821196e-01  1.70272542e-01  3.02635607e-01  1.39599834e-01
  1.60236927e-01 -2.92054282e-03 -2.97175049e-03 -2.83570534e-03
  0.00000000e+00  0.00000000e+00  0.00000000e+00  0.00000000e+00
  0.00000000e+00  0.00000000e+00  0.00000000e+00  0.00000000e+00
  0.00000000e+00  0.00000000e+00  0.00000000e+00  0.00000000e+00
  0.00000000e+00  0.00000000e+00  0.00000000e+00]

Diff = 
[1.16341840e-11 2.61193298e-03 3.29174607e-03 1.40666929e-11
 3.58856405e-03 1.48811971e-03 1.53062965e-11 3.02724488e-05
 1.47593555e-03 9.95404795e-13 2.61629440e-04 3.64093998e-03
 4.87277961e-11 2.13734628e-03 3.17904952e-01 1.49001544e-01
 1.72877355e-01 2.83988451e-01 1.32778643e-01 1.56776152e-01
 2.86684275e-01 1.35828195e-01 1.53226365e-01 3.26863328e-01
 1.49799040e-01 1.75797289e-01 3.03931357e-01 1.41310454e-01
 1.64551075e-01 3.61133842e-03 6.48766128e-04 2.19421410e-03
 3.20667046e-01 1.53929022e-01 1.69551574e-01 2.85851106e-01
 1.27438504e-01 1.48418427e-01 2.85646041e-01 1.29541371e-01
 1.51757205e-01 3.29276789e-01 1.56047284e-01 1.79611533e-01
 3.05468831e-01 1.42712060e-01 1.61697054e-01]

 Iteration 500:
############################
Gradient = 
[-7.01522493e-05  1.88750695e-03 -3.37584973e-03 -2.49539397e-05
 -3.60014625e-03  1.35328645e-03  1.07724013e-06 -2.93892064e-04
  1.32849910e-03 -8.62515814e-05 -5.13947378e-05  3.31632931e-03
  2.94362386e-05  2.35501038e-03  2.75139870e-03 -2.39088451e-05
 -1.33755732e-03  1.82197757e-03  1.76392788e-03 -2.95975472e-03
 -5.68983612e-04 -2.08994912e-03  3.12121050e-04  3.48548749e-03
  3.73198604e-03 -4.52555721e-03 -7.12112666e-04 -1.22901524e-03
 -3.59470264e-03  1.17522824e-03 -2.90082465e-03 -1.20299881e-04
  3.20107371e-01  1.53412068e-01  1.70098813e-01  2.85537315e-01
  1.26974109e-01  1.49089075e-01  2.85979382e-01  1.29582761e-01
  1.52601932e-01  3.28624116e-01  1.55295059e-01  1.80311174e-01
  3.06397896e-01  1.42970559e-01  1.63129080e-01]

Gradient approximate =
[-7.01522884e-05 -6.28814645e-04 -2.58926987e-04 -2.49539300e-05
 -1.97988104e-04 -6.50337539e-05  1.07727827e-06 -3.39227484e-04
 -7.86254462e-05 -8.62515903e-05 -3.17597397e-04 -1.53947086e-04
  2.94362335e-05  3.40803381e-04  3.20239285e-01  1.48459336e-01
  1.71949067e-01  2.85590714e-01  1.34172165e-01  1.54187572e-01
  2.86420713e-01  1.33569289e-01  1.54421370e-01  3.29879699e-01
  1.53169139e-01  1.71718754e-01  3.04098066e-01  1.40192355e-01
  1.61990845e-01 -2.38885494e-03 -2.41587189e-03 -2.33342399e-03
  0.00000000e+00  0.00000000e+00  0.00000000e+00  0.00000000e+00
  0.00000000e+00  0.00000000e+00  0.00000000e+00  0.00000000e+00
  0.00000000e+00  0.00000000e+00  0.00000000e+00  0.00000000e+00
  0.00000000e+00  0.00000000e+00  0.00000000e+00]

Diff = 
[3.91726291e-11 2.51632160e-03 3.11692274e-03 9.67293753e-12
 3.40215814e-03 1.41832021e-03 3.81321290e-11 4.53354197e-05
 1.40712454e-03 8.93291323e-12 2.66202659e-04 3.47027639e-03
 5.14669349e-12 2.01420700e-03 3.17487886e-01 1.48483245e-01
 1.73286624e-01 2.83768737e-01 1.32408237e-01 1.57147326e-01
 2.86989697e-01 1.35659238e-01 1.54109249e-01 3.26394211e-01
 1.49437153e-01 1.76244311e-01 3.04810179e-01 1.41421370e-01
 1.65585547e-01 3.56408318e-03 4.84952764e-04 2.21312411e-03
 3.20107371e-01 1.53412068e-01 1.70098813e-01 2.85537315e-01
 1.26974109e-01 1.49089075e-01 2.85979382e-01 1.29582761e-01
 1.52601932e-01 3.28624116e-01 1.55295059e-01 1.80311174e-01
 3.06397896e-01 1.42970559e-01 1.63129080e-01]

 Iteration 600:
############################
Gradient = 
[-5.86757883e-05  1.86131834e-03 -3.19111992e-03 -2.15536392e-05
 -3.40335191e-03  1.29076034e-03 -3.37406006e-06 -2.76076562e-04
  1.25875133e-03 -6.90134522e-05  1.62071071e-05  3.17373664e-03
  2.16893854e-05  2.19205025e-03  2.59953585e-03 -1.85863013e-05
 -1.27419279e-03  1.73291635e-03  1.56255502e-03 -2.92853005e-03
 -5.98009583e-04 -2.08933355e-03  1.86730539e-04  3.18407266e-03
  3.45656978e-03 -3.65468368e-03 -2.25311356e-04 -8.17528476e-04
 -2.97589115e-03  1.56832814e-03 -2.29069796e-03  3.13605561e-04
  3.19587984e-01  1.52964088e-01  1.70452816e-01  2.85278499e-01
  1.26588809e-01  1.49601727e-01  2.86336403e-01  1.29676613e-01
  1.53283556e-01  3.27952254e-01  1.54598353e-01  1.80737625e-01
  3.07059905e-01  1.43128032e-01  1.64189041e-01]

Gradient approximate =
[-5.86758220e-05 -5.60632263e-04 -2.39480087e-04 -2.15536433e-05
 -1.77467439e-04 -6.10158479e-05 -3.37402994e-06 -3.35790520e-04
 -8.32701952e-05 -6.90134461e-05 -2.50846393e-04 -1.33183806e-04
  2.16893614e-05  2.92241842e-04  3.19702697e-01  1.48015610e-01
  1.72234961e-01  2.85332309e-01  1.33669241e-01  1.54435021e-01
  2.86719346e-01  1.33453368e-01  1.55002702e-01  3.29074267e-01
  1.52558868e-01  1.72810481e-01  3.05223538e-01  1.40658643e-01
  1.63339354e-01 -1.92645070e-03 -1.93613368e-03 -1.89442329e-03
  0.00000000e+00  0.00000000e+00  0.00000000e+00  0.00000000e+00
  0.00000000e+00  0.00000000e+00  0.00000000e+00  0.00000000e+00
  0.00000000e+00  0.00000000e+00  0.00000000e+00  0.00000000e+00
  0.00000000e+00  0.00000000e+00  0.00000000e+00]

Diff = 
[3.36667043e-11 2.42195060e-03 2.95163983e-03 4.15302868e-12
 3.22588447e-03 1.35177619e-03 3.01144518e-11 5.97139578e-05
 1.34202152e-03 6.16248660e-12 2.67053500e-04 3.30692045e-03
 2.39802295e-11 1.89980841e-03 3.17103161e-01 1.48034196e-01
 1.73509153e-01 2.83599392e-01 1.32106686e-01 1.57363551e-01
 2.87317355e-01 1.35542702e-01 1.54815971e-01 3.25890194e-01
 1.49102298e-01 1.76465165e-01 3.05448849e-01 1.41476172e-01
 1.66315245e-01 3.49477884e-03 3.54564285e-04 2.20802885e-03
 3.19587984e-01 1.52964088e-01 1.70452816e-01 2.85278499e-01
 1.26588809e-01 1.49601727e-01 2.86336403e-01 1.29676613e-01
 1.53283556e-01 3.27952254e-01 1.54598353e-01 1.80737625e-01
 3.07059905e-01 1.43128032e-01 1.64189041e-01]

 Iteration 700:
############################
Gradient = 
[-4.79879228e-05  1.83131171e-03 -3.01596976e-03 -1.79628996e-05
 -3.21618159e-03  1.23190480e-03 -5.78940306e-06 -2.52971220e-04
  1.19544346e-03 -5.39612817e-05  7.19184531e-05  3.03602548e-03
  1.60316477e-05  2.04676234e-03  2.45830505e-03 -1.37070227e-05
 -1.21382245e-03  1.64819140e-03  1.36769770e-03 -2.89432915e-03
 -6.26294212e-04 -2.08553547e-03  7.09459140e-05  2.90389651e-03
  3.19682182e-03 -2.89544773e-03  1.78290104e-04 -4.67329294e-04
 -2.44424029e-03  1.88335814e-03 -1.77433414e-03  6.72373634e-04
  3.19104790e-01  1.52579727e-01  1.70644388e-01  2.85069294e-01
  1.26277053e-01  1.49982002e-01  2.86715905e-01  1.29819899e-01
  1.53828120e-01  3.27268540e-01  1.53956534e-01  1.80934084e-01
  3.07494958e-01  1.43204330e-01  1.64930712e-01]

Gradient approximate =
[-4.79879647e-05 -4.97678632e-04 -2.20553047e-04 -1.79629223e-05
 -1.56902169e-04 -5.63806513e-05 -5.78944448e-06 -3.26021861e-04
 -8.48194759e-05 -5.39612710e-05 -1.92883338e-04 -1.14593908e-04
  1.60316227e-05  2.53605725e-04  3.19205561e-01  1.47635316e-01
  1.72361664e-01  2.85123478e-01  1.33236393e-01  1.54556353e-01
  2.87039751e-01  1.33390274e-01  1.55444425e-01  3.28263580e-01
  1.51992201e-01  1.73601568e-01  3.06061230e-01  1.41020770e-01
  1.64340262e-01 -1.52432638e-03 -1.52184471e-03 -1.51063863e-03
  0.00000000e+00  0.00000000e+00  0.00000000e+00  0.00000000e+00
  0.00000000e+00  0.00000000e+00  0.00000000e+00  0.00000000e+00
  0.00000000e+00  0.00000000e+00  0.00000000e+00  0.00000000e+00
  0.00000000e+00  0.00000000e+00  0.00000000e+00]

Diff = 
[4.19414071e-11 2.32899034e-03 2.79541671e-03 2.26784693e-11
 3.05927942e-03 1.28828545e-03 4.14145217e-11 7.30506405e-05
 1.28026294e-03 1.07178829e-11 2.64801791e-04 3.15061938e-03
 2.49702270e-11 1.79315661e-03 3.16747256e-01 1.47649023e-01
 1.73575486e-01 2.83475287e-01 1.31868695e-01 1.57450682e-01
 2.87666045e-01 1.35475809e-01 1.55373479e-01 3.25359683e-01
 1.48795379e-01 1.76497016e-01 3.05882940e-01 1.41488099e-01
 1.66784503e-01 3.40768451e-03 2.52489432e-04 2.18301226e-03
 3.19104790e-01 1.52579727e-01 1.70644388e-01 2.85069294e-01
 1.26277053e-01 1.49982002e-01 2.86715905e-01 1.29819899e-01
 1.53828120e-01 3.27268540e-01 1.53956534e-01 1.80934084e-01
 3.07494958e-01 1.43204330e-01 1.64930712e-01]

 Iteration 800:
############################
Gradient = 
[-3.82952347e-05  1.79713805e-03 -2.85028582e-03 -1.44333216e-05
 -3.03903943e-03  1.17618480e-03 -6.84641712e-06 -2.27246596e-04
  1.13734798e-03 -4.09851500e-05  1.16783152e-04  2.90301440e-03
  1.18870209e-05  1.91587961e-03  2.32645676e-03 -9.37245491e-06
 -1.15689530e-03  1.56744619e-03  1.18157537e-03 -2.85627001e-03
 -6.52548077e-04 -2.07759786e-03 -3.44642671e-05  2.64469470e-03
  2.95322141e-03 -2.23332863e-03  5.10523652e-04 -1.70619386e-04
 -1.98807372e-03  2.13182202e-03 -1.33821203e-03  9.66561501e-04
  3.18654395e-01  1.52253685e-01  1.70699945e-01  2.84904643e-01
  1.26033038e-01  1.50251437e-01  2.87115961e-01  1.30008860e-01
  1.54257405e-01  3.26579147e-01  1.53368029e-01  1.80937682e-01
  3.07738142e-01  1.43215915e-01  1.65401504e-01]

Gradient approximate =
[-3.82951915e-05 -4.40505752e-04 -2.02512616e-04 -1.44333301e-05
 -1.37192764e-04 -5.14924103e-05 -6.84640566e-06 -3.12396313e-04
 -8.42087222e-05 -4.09851575e-05 -1.43237620e-04 -9.81180515e-05
  1.18870291e-05  2.22432430e-04  3.18743736e-01  1.47313029e-01
  1.72354817e-01  2.84959017e-01  1.32870422e-01  1.54574333e-01
  2.87381363e-01  1.33377577e-01  1.55770100e-01  3.27454609e-01
  1.51469649e-01  1.74138418e-01  3.06654176e-01  1.41297222e-01
  1.65044476e-01 -1.17461436e-03 -1.16385757e-03 -1.17502572e-03
  0.00000000e+00  0.00000000e+00  0.00000000e+00  0.00000000e+00
  0.00000000e+00  0.00000000e+00  0.00000000e+00  0.00000000e+00
  0.00000000e+00  0.00000000e+00  0.00000000e+00  0.00000000e+00
  0.00000000e+00  0.00000000e+00  0.00000000e+00]

Diff = 
[4.32621691e-11 2.23764380e-03 2.64777321e-03 8.52792721e-12
 2.90184666e-03 1.22767721e-03 1.14597047e-11 8.51497176e-05
 1.22155670e-03 7.45681593e-12 2.60020771e-04 3.00113245e-03
 8.28090696e-12 1.69344718e-03 3.16417279e-01 1.47322401e-01
 1.73511713e-01 2.83391570e-01 1.31688846e-01 1.57430603e-01
 2.88033911e-01 1.35455175e-01 1.55804565e-01 3.24809914e-01
 1.48516427e-01 1.76371746e-01 3.06143652e-01 1.41467841e-01
 1.67032549e-01 3.30643637e-03 1.74354461e-04 2.14158722e-03
 3.18654395e-01 1.52253685e-01 1.70699945e-01 2.84904643e-01
 1.26033038e-01 1.50251437e-01 2.87115961e-01 1.30008860e-01
 1.54257405e-01 3.26579147e-01 1.53368029e-01 1.80937682e-01
 3.07738142e-01 1.43215915e-01 1.65401504e-01]

 Iteration 900:
############################
Gradient = 
[-2.96910863e-05  1.75886389e-03 -2.69381131e-03 -1.11246606e-05
 -2.87197123e-03  1.12320515e-03 -7.03205246e-06 -2.00738862e-04
  1.08353519e-03 -2.99305728e-05  1.51963619e-04  2.77459165e-03
  8.83304548e-06  1.79690960e-03  2.20298243e-03 -5.62056150e-06
 -1.10356033e-03  1.49041551e-03  1.00575348e-03 -2.81384127e-03
 -6.75841527e-04 -2.06492701e-03 -1.29137234e-04  2.40591349e-03
  2.72588733e-03 -1.65575427e-03  7.81614410e-04  7.94544814e-05
 -1.59729541e-03  2.32365005e-03 -9.70784330e-04  1.20530619e-03
  3.18233939e-01  1.51980778e-01  1.70642119e-01  2.84779794e-01
  1.25850868e-01  1.50428138e-01  2.87534141e-01  1.30239266e-01
  1.54589614e-01  3.25889148e-01  1.52830539e-01  1.80780240e-01
  3.07820048e-01  1.43176368e-01  1.65642994e-01]

Gradient approximate =
[-2.96910785e-05 -3.89256656e-04 -1.85572575e-04 -1.11246612e-05
 -1.18892061e-04 -4.65988403e-05 -7.03201719e-06 -2.96667060e-04
 -8.21294210e-05 -2.99305869e-05 -1.01264108e-04 -8.36343639e-05
  8.83306095e-06  1.96889789e-04  3.18313799e-01  1.47043498e-01
  1.72236548e-01  2.84834101e-01  1.32567478e-01  1.54507994e-01
  2.87742808e-01  1.33412089e-01  1.55999358e-01  3.26652918e-01
  1.50990665e-01  1.74460856e-01  3.07039862e-01  1.41503400e-01
  1.65496586e-01 -8.70481276e-04 -8.54368580e-04 -8.81464732e-04
  0.00000000e+00  0.00000000e+00  0.00000000e+00  0.00000000e+00
  0.00000000e+00  0.00000000e+00  0.00000000e+00  0.00000000e+00
  0.00000000e+00  0.00000000e+00  0.00000000e+00  0.00000000e+00
  0.00000000e+00  0.00000000e+00  0.00000000e+00]

Diff = 
[7.80733445e-12 2.14812055e-03 2.50823874e-03 5.95484054e-13
 2.75307917e-03 1.16980399e-03 3.52652569e-11 9.59281979e-05
 1.16566461e-03 1.41002141e-11 2.53227727e-04 2.85822602e-03
 1.54670201e-11 1.60001981e-03 3.16110817e-01 1.47049119e-01
 1.73340108e-01 2.83343685e-01 1.31561725e-01 1.57321835e-01
 2.88418650e-01 1.35477016e-01 1.56128495e-01 3.24247005e-01
 1.48264778e-01 1.76116610e-01 3.06258248e-01 1.41423945e-01
 1.67093881e-01 3.19413132e-03 1.16415749e-04 2.08677093e-03
 3.18233939e-01 1.51980778e-01 1.70642119e-01 2.84779794e-01
 1.25850868e-01 1.50428138e-01 2.87534141e-01 1.30239266e-01
 1.54589614e-01 3.25889148e-01 1.52830539e-01 1.80780240e-01
 3.07820048e-01 1.43176368e-01 1.65642994e-01]

 