Iteration 0:
############################
Gradient = 
[-3.18672553e-05 -2.98928935e-03  3.49287221e-03  1.07468257e-04
 -4.28950869e-03  3.08539415e-03 -3.14483690e-03  1.47029467e-04
 -4.51787634e-03  3.17992278e-03  1.38241457e-03  5.48248889e-03
  2.69011200e-01  1.28477853e-01  1.36877403e-01  2.97128329e-01
  1.46254876e-01  1.53738486e-01  3.22205199e-01  1.53564973e-01
  1.71722243e-01  2.93023241e-01  1.41233353e-01  1.49486166e-01
  3.16335406e-01  1.51560577e-01  1.68217655e-01]

Gradient approximate =
[-2.56366040e-07  1.04602877e-04  2.63176747e-05  4.67175010e-05
 -2.27860999e-04  7.13181758e-05  2.82465413e-01  1.36322861e-01
  1.46412503e-01  3.24324684e-01  1.56734494e-01  1.68720957e-01
  2.69011200e-01  1.29825297e-01  1.39940365e-01  2.97128329e-01
  1.43532716e-01  1.54396708e-01  3.22205199e-01  1.55494311e-01
  1.67682368e-01  0.00000000e+00  0.00000000e+00  0.00000000e+00
  0.00000000e+00  0.00000000e+00  0.00000000e+00]

Diff = 
[3.16108892e-05 3.09389223e-03 3.46655454e-03 6.07507562e-05
 4.06164769e-03 3.01407598e-03 2.85610250e-01 1.36175831e-01
 1.50930379e-01 3.21144761e-01 1.55352079e-01 1.63238468e-01
 4.94598806e-12 1.34744399e-03 3.06296225e-03 1.21798127e-11
 2.72215973e-03 6.58221725e-04 3.18119420e-11 1.92933821e-03
 4.03987560e-03 2.93023241e-01 1.41233353e-01 1.49486166e-01
 3.16335406e-01 1.51560577e-01 1.68217655e-01]

 Iteration 100:
############################
Gradient = 
[-1.45069397e-04 -3.10732895e-03  3.24803937e-03 -5.46627656e-05
 -4.59711262e-03  2.84116004e-03 -1.75056295e-02 -6.75918607e-03
 -1.09402558e-02 -1.61375167e-02 -7.78690146e-03 -3.49215119e-03
  2.85779610e-01  1.40981969e-01  1.46557713e-01  3.24043347e-01
  1.57531863e-01  1.73076383e-01  1.65751543e-01  7.21062504e-02
  7.65388376e-02  1.77936606e-01  8.15654801e-02  8.34706340e-02
  2.41745116e-01  1.10567041e-01  1.25170234e-01]

Gradient approximate =
[-1.80045934e-05  2.57048005e-05 -2.29097807e-05 -4.64453054e-05
 -1.07995943e-04 -1.11246852e-04  2.83445155e-01  1.37814952e-01
  1.47870744e-01  3.19804309e-01  1.55349157e-01  1.67150773e-01
  2.85779610e-01  1.39055319e-01  1.49449752e-01  3.24043347e-01
  1.57743013e-01  1.69314851e-01  1.65751543e-01  8.05758255e-02
  8.67082938e-02  0.00000000e+00  0.00000000e+00  0.00000000e+00
  0.00000000e+00  0.00000000e+00  0.00000000e+00]

Diff = 
[1.27064803e-04 3.13303375e-03 3.27094915e-03 8.21746021e-06
 4.48911668e-03 2.95240689e-03 3.00950784e-01 1.44574138e-01
 1.58811000e-01 3.35941826e-01 1.63136058e-01 1.70642924e-01
 9.40886258e-12 1.92665008e-03 2.89203902e-03 2.00143790e-11
 2.11150723e-04 3.76153240e-03 9.89052451e-11 8.46957515e-03
 1.01694562e-02 1.77936606e-01 8.15654801e-02 8.34706340e-02
 2.41745116e-01 1.10567041e-01 1.25170234e-01]

 Iteration 200:
############################
Gradient = 
[-1.83554277e-04 -2.97429457e-03  3.17146541e-03 -7.55676726e-05
 -4.32188321e-03  2.78679154e-03 -1.57966989e-02 -5.57121768e-03
 -9.67387029e-03 -1.30066283e-02 -5.88357648e-03 -1.97782567e-03
  2.92539038e-01  1.46498409e-01  1.52208077e-01  3.29518327e-01
  1.62733374e-01  1.77879153e-01  7.05853975e-02  1.89887547e-02
  1.96082467e-02  6.92301698e-02  2.09785029e-02  1.81228878e-02
  2.01187162e-01  8.98679118e-02  1.02628647e-01]

Gradient approximate =
[ 1.50295332e-05  3.38734807e-04 -3.38590400e-05 -1.69317471e-05
  1.55468840e-04 -1.11249767e-04  2.94024759e-01  1.44653262e-01
  1.54467724e-01  3.29597141e-01  1.62071314e-01  1.73492386e-01
  2.92539038e-01  1.44271728e-01  1.54557210e-01  3.29518327e-01
  1.62536480e-01  1.73937954e-01  7.05853977e-02  3.47070041e-02
  3.73048831e-02  0.00000000e+00  0.00000000e+00  0.00000000e+00
  0.00000000e+00  0.00000000e+00  0.00000000e+00]

Diff = 
[1.98583810e-04 3.31302938e-03 3.20532445e-03 5.86359255e-05
 4.47735205e-03 2.89804130e-03 3.09821457e-01 1.50224480e-01
 1.64141595e-01 3.42603770e-01 1.67954891e-01 1.75470212e-01
 6.04843953e-12 2.22668186e-03 2.34913326e-03 1.68072778e-11
 1.96894293e-04 3.94119854e-03 1.50051332e-10 1.57182494e-02
 1.76966364e-02 6.92301698e-02 2.09785029e-02 1.81228878e-02
 2.01187162e-01 8.98679118e-02 1.02628647e-01]

 Iteration 300:
############################
Gradient = 
[-1.52244242e-05 -2.13052396e-03  3.35423183e-03  8.83318801e-05
 -3.41472049e-03  2.96482576e-03 -1.86857018e-03  1.38289665e-03
 -2.93992836e-03  3.79927370e-03  2.44519999e-03  5.65287450e-03
  2.96153645e-01  1.49413670e-01  1.54910844e-01  3.30993936e-01
  1.64713487e-01  1.79086858e-01 -8.95382729e-03 -2.77715864e-02
 -3.02086098e-02 -1.86262971e-02 -3.07393878e-02 -3.73574012e-02
  1.95221261e-01  8.78593283e-02  1.00063536e-01]

Gradient approximate =
[ 1.11567715e-04  8.86595284e-04  3.66105146e-05  6.68203093e-05
  6.23764136e-04 -4.34804481e-05  3.04974265e-01  1.50840655e-01
  1.59982394e-01  3.39086356e-01  1.67666094e-01  1.78220837e-01
  2.96153645e-01  1.47085854e-01  1.56913461e-01  3.30993936e-01
  1.64395787e-01  1.75224656e-01 -8.95382714e-03 -4.58261783e-03
 -4.76444442e-03  0.00000000e+00  0.00000000e+00  0.00000000e+00
  0.00000000e+00  0.00000000e+00  0.00000000e+00]

Diff = 
[1.26792139e-04 3.01711924e-03 3.31762132e-03 2.15115708e-05
 4.03848463e-03 3.00830621e-03 3.06842835e-01 1.49457759e-01
 1.62922323e-01 3.35287083e-01 1.65220894e-01 1.72567963e-01
 2.26535457e-11 2.32781549e-03 2.00261661e-03 1.73980830e-11
 3.17699614e-04 3.86220169e-03 1.55805218e-10 2.31889686e-02
 2.54441654e-02 1.86262971e-02 3.07393878e-02 3.73574012e-02
 1.95221261e-01 8.78593283e-02 1.00063536e-01]

 Iteration 400:
############################
Gradient = 
[ 1.67195415e-04 -1.41925276e-03  3.40214922e-03  2.65967463e-04
 -2.62781251e-03  3.01974232e-03  1.79512005e-02  1.08287245e-02
  6.20530174e-03  2.72771521e-02  1.35724309e-02  1.60132045e-02
  2.93329459e-01  1.46888189e-01  1.51636801e-01  3.24762335e-01
  1.60305756e-01  1.73328399e-01 -6.85646430e-02 -6.47147192e-02
 -6.91798354e-02 -8.12712804e-02 -6.98754354e-02 -7.89874367e-02
  2.17091505e-01  1.00478384e-01  1.12893315e-01]

Gradient approximate =
[ 1.50697059e-04  1.00864366e-03  9.30758826e-05  1.02897213e-04
  7.25040541e-04  1.56365632e-05  3.09327159e-01  1.51958957e-01
  1.59909894e-01  3.40870958e-01  1.67400594e-01  1.76502468e-01
  2.93329459e-01  1.44852350e-01  1.53673600e-01  3.24762335e-01
  1.60390762e-01  1.70031663e-01 -6.85646429e-02 -3.40479064e-02
 -3.60060969e-02  0.00000000e+00  0.00000000e+00  0.00000000e+00
  0.00000000e+00  0.00000000e+00  0.00000000e+00]

Diff = 
[1.64983553e-05 2.42789642e-03 3.30907334e-03 1.63070250e-04
 3.35285305e-03 3.00410575e-03 2.91375959e-01 1.41130232e-01
 1.53704592e-01 3.13593806e-01 1.53828164e-01 1.60489264e-01
 2.12134199e-11 2.03583861e-03 2.03679886e-03 2.55335753e-11
 8.50062257e-05 3.29673580e-03 1.41642267e-10 3.06668127e-02
 3.31737386e-02 8.12712804e-02 6.98754354e-02 7.89874367e-02
 2.17091505e-01 1.00478384e-01 1.12893315e-01]

 Iteration 500:
############################
Gradient = 
[-4.05047387e-05 -2.31682821e-03  2.66674753e-03  8.11133249e-05
 -3.33589759e-03  2.34652795e-03  3.96646424e-02  2.07435371e-02
  1.58507682e-02  5.30511095e-02  2.52809308e-02  2.70077029e-02
  2.82912360e-01  1.38048126e-01  1.41497160e-01  3.09491479e-01
  1.48579759e-01  1.59667800e-01 -1.09306355e-01 -9.09612875e-02
 -9.63839130e-02 -1.21717797e-01 -9.64175854e-02 -1.06794050e-01
  2.59486965e-01  1.22677870e-01  1.35442665e-01]

Gradient approximate =
[ 9.85388438e-06  4.73340078e-05  3.39131989e-05 -2.05512363e-05
 -1.46201857e-04 -2.50937027e-05  3.03584560e-01  1.46077941e-01
  1.52360341e-01  3.31190642e-01  1.59256909e-01  1.66372469e-01
  2.82912360e-01  1.36763528e-01  1.44009641e-01  3.09491479e-01
  1.49670456e-01  1.57503994e-01 -1.09306355e-01 -5.31119513e-02
 -5.58285279e-02  0.00000000e+00  0.00000000e+00  0.00000000e+00
  0.00000000e+00  0.00000000e+00  0.00000000e+00]

Diff = 
[5.03586230e-05 2.36416222e-03 2.63283433e-03 1.01664561e-04
 3.18969573e-03 2.37162165e-03 2.63919918e-01 1.25334404e-01
 1.36509573e-01 2.78139533e-01 1.33975979e-01 1.39364766e-01
 5.39751577e-12 1.28459841e-03 2.51248143e-03 1.18289267e-11
 1.09069725e-03 2.16380665e-03 1.32209008e-10 3.78493362e-02
 4.05553851e-02 1.21717797e-01 9.64175854e-02 1.06794050e-01
 2.59486965e-01 1.22677870e-01 1.35442665e-01]

 Iteration 600:
############################
Gradient = 
[-0.00105357 -0.00616351  0.00055297 -0.00086373 -0.0068277   0.00037387
  0.06164887  0.03051762  0.02540401  0.0791637   0.03683104  0.03791813
  0.2650344   0.12334098  0.12505525  0.28529996  0.13013153  0.13884945
 -0.13540447 -0.10778999 -0.1132293  -0.14620311 -0.11264927 -0.12327095
  0.31448003  0.1485759   0.16114222]

Gradient approximate =
[-3.19448445e-04 -2.14512634e-03 -1.24036235e-04 -3.15423470e-04
 -2.14936873e-03 -1.53097033e-04  2.87199685e-01  1.33411114e-01
  1.37665286e-01  3.09340124e-01  1.43537373e-01  1.48288190e-01
  2.65034401e-01  1.23282363e-01  1.28498935e-01  2.85299963e-01
  1.32831296e-01  1.38391046e-01 -1.35404467e-01 -6.33635127e-02
 -6.59750764e-02  0.00000000e+00  0.00000000e+00  0.00000000e+00
  0.00000000e+00  0.00000000e+00  0.00000000e+00]

Diff = 
[7.34120217e-04 4.01838592e-03 6.77006103e-04 5.48309995e-04
 4.67833438e-03 5.26971386e-04 2.25550818e-01 1.02893489e-01
 1.12261278e-01 2.30176419e-01 1.06706332e-01 1.10370061e-01
 2.81042967e-11 5.86181128e-05 3.44368055e-03 2.60563238e-11
 2.69976417e-03 4.58402114e-04 8.20955526e-11 4.44264745e-02
 4.72542223e-02 1.46203113e-01 1.12649268e-01 1.23270952e-01
 3.14480031e-01 1.48575896e-01 1.61142219e-01]

 Iteration 700:
############################
Gradient = 
[-0.00323672 -0.01398768 -0.00337238 -0.00293185 -0.01414973 -0.00333912
  0.08328489  0.0403838   0.03507027  0.10444843  0.04829053  0.04878896
  0.24045328  0.10386801  0.10363223  0.25318056  0.10643572  0.11262861
 -0.15137766 -0.1170616  -0.12176049 -0.16041484 -0.12105558 -0.1311384
  0.37394256  0.17217796  0.18340547]

Gradient approximate =
[-7.48693374e-04 -5.24555997e-03 -2.72213105e-04 -7.06495953e-04
 -5.02266281e-03 -2.72567495e-04  2.61486657e-01  1.15463512e-01
  1.17521768e-01  2.76708884e-01  1.22059092e-01  1.24323650e-01
  2.40453285e-01  1.05565204e-01  1.08527563e-01  2.53180556e-01
  1.11321609e-01  1.14422374e-01 -1.51377661e-01 -6.69391329e-02
 -6.87835554e-02  0.00000000e+00  0.00000000e+00  0.00000000e+00
  0.00000000e+00  0.00000000e+00  0.00000000e+00]

Diff = 
[2.48802575e-03 8.74212185e-03 3.10017121e-03 2.22535012e-03
 9.12706297e-03 3.06655476e-03 1.78201767e-01 7.50797167e-02
 8.24515003e-02 1.72260450e-01 7.37685596e-02 7.55346857e-02
 4.17492707e-11 1.69719057e-03 4.89533580e-03 3.08189585e-11
 4.88588566e-03 1.79376922e-03 7.05449588e-11 5.01224641e-02
 5.29769325e-02 1.60414839e-01 1.21055585e-01 1.31138403e-01
 3.73942560e-01 1.72177960e-01 1.83405466e-01]

 Iteration 800:
############################
Gradient = 
[-0.0068246  -0.02624098 -0.00923509 -0.00638525 -0.02589305 -0.00898202
  0.10354056  0.0507238   0.04521812  0.12701408  0.05976784  0.0597265
  0.21044555  0.08110624  0.0790102   0.21503724  0.07961373  0.08351321
 -0.16068119 -0.12028744 -0.12368934 -0.16826188 -0.12346748 -0.13246684
  0.43071719  0.18843451  0.19691608]

Gradient approximate =
[-0.00117206 -0.00872181 -0.00031891 -0.0011054  -0.00832782 -0.00030355
  0.22893421  0.09441679  0.09438642  0.23629383  0.09759618  0.0976137
  0.21044555  0.08525412  0.08607305  0.21503724  0.08721801  0.08805382
 -0.16068119 -0.06557348 -0.06619542  0.          0.          0.
  0.          0.          0.        ]

Diff = 
[5.65254055e-03 1.75191738e-02 8.91617791e-03 5.27985219e-03
 1.75652360e-02 8.67847774e-03 1.25393643e-01 4.36929867e-02
 4.91682996e-02 1.09279751e-01 3.78283418e-02 3.78871994e-02
 6.99048319e-11 4.14788108e-03 7.06285197e-03 8.18417834e-11
 7.60427782e-03 4.54061010e-03 7.17002568e-11 5.47139596e-02
 5.74939187e-02 1.68261881e-01 1.23467484e-01 1.32466844e-01
 4.30717187e-01 1.88434507e-01 1.96916075e-01]

 Iteration 900:
############################
Gradient = 
[-0.01161719 -0.04162131 -0.01635405 -0.0111057  -0.04111702 -0.01603592
  0.12032059  0.06140184  0.05578804  0.14375203  0.07068051  0.07025073
  0.17703438  0.05689216  0.05336608  0.17394546  0.05235105  0.05458864
 -0.16558431 -0.11851339 -0.12031443 -0.17209932 -0.12115349 -0.12881473
  0.47986734  0.1942245   0.19883204]

Gradient approximate =
[-0.00151622 -0.0119215  -0.00028551 -0.0014575  -0.0115327  -0.00027233
  0.19289551  0.07278326  0.07110357  0.19244275  0.07343834  0.07184654
  0.17703438  0.06446657  0.06363573  0.17394546  0.06312086  0.06227598
 -0.16558431 -0.0604623  -0.05964811  0.          0.          0.
  0.          0.          0.        ]

Diff = 
[1.01009636e-02 2.96998176e-02 1.60685456e-02 9.64820306e-03
 2.95843189e-02 1.57635937e-02 7.25749167e-02 1.13814193e-02
 1.53155351e-02 4.86907199e-02 2.75783044e-03 1.59581297e-03
 8.22222290e-11 7.57441137e-03 1.02696469e-02 9.97722460e-11
 1.07698066e-02 7.68733418e-03 5.32458799e-11 5.80510863e-02
 6.06663187e-02 1.72099316e-01 1.21153489e-01 1.28814730e-01
 4.79867341e-01 1.94224499e-01 1.98832036e-01]

 