Iteration 0:
############################
Gradient = 
[2.67939837e-04 4.75001463e-03 5.21024521e-04 5.81216675e-03
 7.33577513e-03 2.67027870e-03 3.10885129e-01 1.88876038e-01
 1.11024596e-01 3.04569005e-01 1.80741758e-01 1.23800375e-01
 3.03475963e-01 1.74305156e-01 1.33607639e-01 2.93049467e-01
 1.66035581e-01 1.03390618e-01 2.67397129e-01 1.44187868e-01
 1.07680856e-01]

Gradient approximate =
[ 2.67939868e-04  7.33212042e-04 -1.19535544e-03  5.81216679e-03
  1.38932113e-02  5.67266760e-03  3.10885129e-01  1.87022361e-01
  1.08773386e-01  3.04569005e-01  1.74938928e-01  1.20045103e-01
  3.03475963e-01  1.70224849e-01  1.26095049e-01  2.93049467e-01
  1.71735562e-01  1.09949992e-01  2.67397129e-01  1.51044368e-01
  1.09204085e-01]

Diff = 
[3.15223541e-11 4.01680259e-03 1.71637996e-03 3.77814325e-11
 6.55743622e-03 3.00238890e-03 1.08885123e-12 1.85367696e-03
 2.25121025e-03 4.44194681e-12 5.80283015e-03 3.75527213e-03
 3.40122375e-12 4.08030761e-03 7.51258943e-03 1.15594756e-11
 5.69998120e-03 6.55937399e-03 1.98897010e-11 6.85650015e-03
 1.52322861e-03]

 Iteration 100:
############################
Gradient = 
[-0.03210194 -0.11420027 -0.03582474 -0.02001301 -0.08640094 -0.02658663
  0.21108003  0.14351966  0.08215528  0.20800081  0.12767874  0.08812859
  0.2076538   0.11798927  0.09438718  0.19860121  0.11864999  0.07258482
  0.18259323  0.09569121  0.07426608]

Gradient approximate =
[-0.03210194 -0.12369871 -0.03929432 -0.02001301 -0.08349478 -0.02469566
  0.21108003  0.15393184  0.08694632  0.20800081  0.13331885  0.09220268
  0.2076538   0.12477202  0.09534745  0.19860121  0.13489396  0.08560305
  0.18259323  0.11146705  0.08254443]

Diff = 
[3.78879428e-11 9.49844610e-03 3.46957714e-03 4.16574067e-12
 2.90615572e-03 1.89096990e-03 7.85712606e-11 1.04121892e-02
 4.79104747e-03 6.53585241e-11 5.64011762e-03 4.07409398e-03
 6.96436242e-11 6.78275136e-03 9.60264089e-04 8.20305490e-11
 1.62439688e-02 1.30182276e-02 7.70973285e-11 1.57758411e-02
 8.27835931e-03]

 Iteration 200:
############################
Gradient = 
[-0.02864952 -0.0887683  -0.02750722 -0.02472703 -0.0960679  -0.02954017
  0.13487909  0.10592949  0.0701357   0.13702659  0.08369023  0.06382214
  0.13862648  0.0733084   0.06377314  0.12742722  0.07832007  0.05463675
  0.12080158  0.05625609  0.04871095]

Gradient approximate =
[-0.02864952 -0.10633113 -0.03349103 -0.02472703 -0.10044718 -0.0298918
  0.13487909  0.12583218  0.08068289  0.13702659  0.09732611  0.07363894
  0.13862648  0.0872945   0.07070976  0.12742722  0.10203279  0.07245879
  0.12080158  0.07775077  0.06163151]

Diff = 
[2.08233777e-11 1.75628312e-02 5.98381329e-03 1.17095569e-12
 4.37928239e-03 3.51634470e-04 1.24513205e-10 1.99026907e-02
 1.05471892e-02 1.21165605e-10 1.36358874e-02 9.81679896e-03
 1.31824190e-10 1.39860963e-02 6.93662131e-03 1.30913114e-10
 2.37127203e-02 1.78220426e-02 1.29273259e-10 2.14946732e-02
 1.29205563e-02]

 Iteration 300:
############################
Gradient = 
[-0.01928104 -0.04811725 -0.01461815 -0.01961334 -0.06834616 -0.02086646
  0.08353633  0.06820859  0.05462672  0.09051708  0.04686837  0.0404438
  0.09392906  0.0387462   0.03679538  0.08191472  0.04337616  0.03655054
  0.0820448   0.02648229  0.02663018]

Gradient approximate =
[-0.01928104 -0.07077895 -0.02217037 -0.01961334 -0.07901485 -0.02314665
  0.08353633  0.09464672  0.06991007  0.09051708  0.06536707  0.05418601
  0.09392906  0.05689215  0.04749551  0.08191472  0.07162186  0.05781595
  0.0820448   0.0510329   0.04236634]

Diff = 
[1.16571960e-11 2.26616986e-02 7.55222211e-03 9.82124451e-12
 1.06686891e-02 2.28019499e-03 1.43441856e-10 2.64381300e-02
 1.52833480e-02 1.33569864e-10 1.84987013e-02 1.37422130e-02
 1.44682766e-10 1.81459505e-02 1.07001293e-02 1.48674462e-10
 2.82457007e-02 2.12654095e-02 1.52886329e-10 2.45506016e-02
 1.57361538e-02]

 Iteration 400:
############################
Gradient = 
[-0.01255318 -0.02272331 -0.00657141 -0.01379289 -0.04207469 -0.01265017
  0.05211138  0.04117861  0.03914575  0.06270866  0.02286121  0.02233594
  0.06724707  0.01669879  0.0178901   0.05538792  0.02067095  0.02161367
  0.05959305  0.00820333  0.01133839]

Gradient approximate =
[-0.01255318 -0.04797945 -0.01489817 -0.01379289 -0.05686393 -0.01618069
  0.05211138  0.07168558  0.05795765  0.06270866  0.04392729  0.03841369
  0.06724707  0.03687693  0.03060967  0.05538792  0.05127156  0.04505079
  0.05959305  0.03400844  0.02847012]

Diff = 
[3.36328552e-11 2.52561465e-02 8.32676126e-03 1.97736966e-12
 1.47892409e-02 3.53051497e-03 1.48756708e-10 3.05069700e-02
 1.88118991e-02 1.51704441e-10 2.10660710e-02 1.60777529e-02
 1.44817242e-10 2.01781455e-02 1.27195677e-02 1.55651034e-10
 3.06006104e-02 2.34371211e-02 1.56533800e-10 2.58051107e-02
 1.71317365e-02]

 Iteration 500:
############################
Gradient = 
[-0.00828884 -0.00851094 -0.00208412 -0.00959518 -0.02510388 -0.0073449
  0.03328204  0.02390115  0.02730144  0.04632968  0.00852437  0.01040484
  0.05146557  0.00359056  0.00614109  0.04007415  0.00728303  0.01142515
  0.04660591 -0.00224531  0.00200023]

Gradient approximate =
[-0.00828884 -0.03489902 -0.01072258 -0.00959518 -0.04238264 -0.01161564
  0.03328204  0.05682068  0.04860108  0.04632968  0.03073281  0.02768858
  0.05146557  0.02449574  0.01973516  0.04007415  0.03889803  0.03608544
  0.04660591  0.02375106  0.0196083 ]

Diff = 
[5.33058146e-12 2.63880829e-02 8.63845781e-03 3.62762390e-11
 1.72787582e-02 4.27074046e-03 1.70094640e-10 3.29195305e-02
 2.12996348e-02 1.56601537e-10 2.22084412e-02 1.72837410e-02
 1.52936254e-10 2.09051770e-02 1.35940750e-02 1.60422758e-10
 3.16150030e-02 2.46602908e-02 1.51986805e-10 2.59963672e-02
 1.76080772e-02]

 Iteration 600:
############################
Gradient = 
[-0.00556991 -0.00067674  0.00037146 -0.00677972 -0.01494913 -0.00418034
  0.0219051   0.01316013  0.01911654  0.03650674  0.00017778  0.0030316
  0.04192203 -0.00404165 -0.00086573  0.03105214 -0.00038234  0.00500528
  0.03887427 -0.00806641 -0.00343866]

Gradient approximate =
[-0.00556991 -0.02738516 -0.00832321 -0.00677972 -0.03371053 -0.00887691
  0.0219051   0.04745059  0.04215141  0.03650674  0.02268926  0.02080237
  0.04192203  0.01682324  0.01290698  0.03105214  0.03146889  0.03026886
  0.03887427  0.01752116  0.01409829]

Diff = 
[1.73844186e-11 2.67084136e-02 8.69466619e-03 1.82948040e-11
 1.87613938e-02 4.69657450e-03 1.65531040e-10 3.42904604e-02
 2.30348672e-02 1.62150605e-10 2.25114812e-02 1.77707645e-02
 1.46477226e-10 2.08648847e-02 1.37727152e-02 1.56869403e-10
 3.18512272e-02 2.52635785e-02 1.51212362e-10 2.55875750e-02
 1.75369512e-02]

 Iteration 700:
############################
Gradient = 
[-0.0037767   0.00355989  0.00168591 -0.0048655  -0.0089303  -0.0023156
  0.01493823  0.00650769  0.01364293  0.03044317 -0.00461715 -0.00141091
  0.03595639 -0.00842764 -0.0049694   0.025583   -0.00469502  0.00107963
  0.03408213 -0.01122832 -0.0065313 ]

Gradient approximate =
[-0.0037767  -0.02302449 -0.00692628 -0.0048655  -0.02857579 -0.00725193
  0.01493823  0.04152321  0.03790256  0.03044317  0.01771167  0.01640839
  0.0359564   0.01195271  0.00857063  0.025583    0.02695035  0.02656211
  0.03408213  0.0136196   0.01061929]

Diff = 
[1.32673555e-11 2.65843736e-02 8.61218654e-03 8.68226498e-13
 1.96454946e-02 4.93633647e-03 1.55897030e-10 3.50155178e-02
 2.42596339e-02 1.73909959e-10 2.23288248e-02 1.78192987e-02
 1.67300680e-10 2.03803521e-02 1.35400251e-02 1.44437590e-10
 3.16453709e-02 2.54824797e-02 1.65146237e-10 2.48479175e-02
 1.71505860e-02]

 Iteration 800:
############################
Gradient = 
[-0.00254205  0.00573035  0.00235017 -0.00351091 -0.00534918 -0.00121545
  0.01062282  0.00238097  0.01000492  0.0265659  -0.00731967 -0.00404888
  0.0320739  -0.0108924  -0.00733162  0.02215345 -0.00706116 -0.00129194
  0.03096068 -0.0128648  -0.00824635]

Gradient approximate =
[-0.00254205 -0.02049439 -0.00610685 -0.00351091 -0.02552351 -0.00628188
  0.01062282  0.03772128  0.03514938  0.0265659   0.01454959  0.01355657
  0.0320739   0.00875035  0.00573657  0.02215345  0.02413212  0.02417587
  0.03096068  0.01106703  0.0083405 ]

Diff = 
[2.62592400e-11 2.62247355e-02 8.45702196e-03 8.72487412e-13
 2.01743322e-02 5.06642696e-03 1.59609027e-10 3.53403130e-02
 2.51444660e-02 1.64835423e-10 2.18692632e-02 1.76054479e-02
 1.59516456e-10 1.96427493e-02 1.30681933e-02 1.73500488e-10
 3.11932817e-02 2.54678176e-02 1.60513883e-10 2.39318310e-02
 1.65868421e-02]

 Iteration 900:
############################
Gradient = 
[-0.00165018  0.0066989   0.00264024 -0.00250367 -0.00321042 -0.00056597
  0.00792662 -0.00018193  0.00757266  0.0239791  -0.00878753 -0.00559112
  0.02942297 -0.01221434 -0.00865403  0.01991236 -0.00829889 -0.00271596
  0.02880316 -0.01362422 -0.00915882]

Gradient approximate =
[-0.00165018 -0.0190513  -0.00562673 -0.00250367 -0.0237018  -0.00569774
  0.00792662  0.03523471  0.03337557  0.0239791   0.01246833  0.0116457
  0.02942297  0.00655111  0.0038062   0.01991236  0.02230967  0.02259652
  0.02880316  0.00930378  0.00676751]

Diff = 
[5.24866370e-12 2.57501964e-02 8.26697887e-03 3.22359457e-12
 2.04913846e-02 5.13177538e-03 1.58136976e-10 3.54166427e-02
 2.58029110e-02 1.56231608e-10 2.12558660e-02 1.72368190e-02
 1.57110953e-10 1.87654573e-02 1.24602302e-02 1.63856782e-10
 3.06085696e-02 2.53124765e-02 1.50385975e-10 2.29279979e-02
 1.59263271e-02]

 