Iteration 0:
############################
Gradient = 
[-0.00060964 -0.01637941 -0.00327123  0.00112082  0.0018386   0.00919783
  0.00428459  0.02387461  0.01324953 -0.00568451 -0.02710561 -0.00919644
  0.27127362  0.11335817  0.11076479  0.14888887  0.15242459  0.28780394
  0.12757194  0.12427573  0.15926837  0.15739476  0.28876093  0.13847009
  0.11903372  0.143351    0.15765551  0.30693206  0.13582288  0.1128319
  0.17417717  0.1738869   0.3312322   0.15427007  0.14539485  0.18044413
  0.18354159]

Gradient approximate =
[-0.00060964 -0.0119713  -0.00405738  0.00112082  0.01161902  0.00919626
  0.00428459  0.02196712  0.00537854 -0.00568451 -0.03582534 -0.01052733
  0.27127362  0.11817678  0.10127383  0.15140052  0.16206448  0.28780394
  0.13063007  0.1197255   0.15431162  0.16020873  0.28876093  0.13332493
  0.12529982  0.15128193  0.15559013  0.30693206  0.13632183  0.12127581
  0.16488944  0.17642568  0.3312322   0.15257794  0.14211242  0.17845808
  0.18075025]

Diff = 
[1.02333828e-11 4.40811270e-03 7.86149239e-04 1.57689983e-11
 9.78042261e-03 1.57619531e-06 3.13096797e-11 1.90748348e-03
 7.87099816e-03 1.66309085e-11 8.71972764e-03 1.33089128e-03
 3.85210752e-11 4.81861216e-03 9.49095510e-03 2.51164668e-03
 9.63988852e-03 7.03731518e-12 3.05812941e-03 4.55022744e-03
 4.95675058e-03 2.81396981e-03 3.55964147e-11 5.14516150e-03
 6.26610169e-03 7.93092893e-03 2.06538079e-03 1.65855107e-11
 4.98953278e-04 8.44390779e-03 9.28772918e-03 2.53878183e-03
 1.66459624e-11 1.69213377e-03 3.28243263e-03 1.98604931e-03
 2.79134109e-03]

 Iteration 100:
############################
Gradient = 
[-0.02372992 -0.09416358 -0.02808234 -0.02018551 -0.07167957 -0.01558228
 -0.02399176 -0.0789751  -0.01975196 -0.02837533 -0.09974821 -0.03240558
  0.16076137  0.07465934  0.06928944  0.08979749  0.09985486  0.17213589
  0.07580647  0.07347753  0.09063914  0.09142419  0.17428681  0.08130624
  0.06646295  0.0742995   0.08801768  0.18224438  0.0846743   0.0633602
  0.10285875  0.10680372  0.19728778  0.09048513  0.08429204  0.09926314
  0.10431472]

Gradient approximate =
[-0.02372992 -0.09765021 -0.03115697 -0.02018551 -0.06725316 -0.01638854
 -0.02399176 -0.08608468 -0.02864253 -0.02837533 -0.11784817 -0.03677696
  0.16076137  0.08981069  0.06965876  0.10534729  0.1235168   0.17213589
  0.09013121  0.07985097  0.09943862  0.10808755  0.17428681  0.08840969
  0.08301014  0.09422508  0.09964434  0.18224438  0.09736101  0.08145881
  0.10879404  0.12497444  0.19728778  0.10239962  0.09373147  0.11270406
  0.11756037]

Diff = 
[2.22904473e-11 3.48662875e-03 3.07462673e-03 2.68124654e-11
 4.42640909e-03 8.06259169e-04 1.01576733e-12 7.10958662e-03
 8.89057343e-03 6.69928696e-12 1.80999650e-02 4.37137922e-03
 1.16019055e-10 1.51513499e-02 3.69321267e-04 1.55498045e-02
 2.36619369e-02 9.37097344e-11 1.43247351e-02 6.37344657e-03
 8.79947662e-03 1.66633627e-02 1.01006398e-10 7.10344919e-03
 1.65471912e-02 1.99255742e-02 1.16266609e-02 9.15046372e-11
 1.26867138e-02 1.80986069e-02 5.93529029e-03 1.81707149e-02
 8.85319318e-11 1.19144924e-02 9.43943107e-03 1.34409204e-02
 1.32456526e-02]

 Iteration 200:
############################
Gradient = 
[-0.0200483  -0.06675288 -0.01983061 -0.01866045 -0.05619163 -0.0122429
 -0.02061698 -0.05690271 -0.01352921 -0.02045909 -0.05588114 -0.01888471
  0.08855569  0.04775116  0.0447341   0.05338902  0.05735542  0.10052996
  0.03856185  0.04013632  0.04638756  0.04260756  0.1043766   0.03958062
  0.0303914   0.02966695  0.03879527  0.10315767  0.04802052  0.03247596
  0.05727178  0.05490651  0.11503032  0.04415664  0.04302913  0.04645028
  0.04721736]

Gradient approximate =
[-0.0200483  -0.07972658 -0.02573787 -0.01866045 -0.05935567 -0.01473489
 -0.02061698 -0.07209893 -0.02442966 -0.02045909 -0.08298345 -0.02622564
  0.08855569  0.06982822  0.05151058  0.07697801  0.08987178  0.10052996
  0.05928258  0.05285016  0.06281079  0.06671897  0.10437661  0.0534065
  0.05231103  0.05530993  0.05742009  0.10315767  0.06816597  0.05591786
  0.07215466  0.08211756  0.11503032  0.06357221  0.05955483  0.06795885
  0.06884932]

Diff = 
[8.04938061e-12 1.29737048e-02 5.90725065e-03 3.34968789e-11
 3.16404269e-03 2.49198981e-03 3.99014814e-11 1.51962208e-02
 1.09004524e-02 2.94199873e-11 2.71023129e-02 7.34092992e-03
 1.45636905e-10 2.20770542e-02 6.77647912e-03 2.35889945e-02
 3.25163577e-02 1.40765316e-10 2.07207285e-02 1.27138401e-02
 1.64232308e-02 2.41114084e-02 1.31277170e-10 1.38258826e-02
 2.19196251e-02 2.56429821e-02 1.86248230e-02 1.37313882e-10
 2.01454483e-02 2.34418977e-02 1.48828803e-02 2.72110415e-02
 1.41574946e-10 1.94155653e-02 1.65256993e-02 2.15085685e-02
 2.16319579e-02]

 Iteration 300:
############################
Gradient = 
[-0.01340829 -0.03464212 -0.00985335 -0.01360014 -0.03152346 -0.00572113
 -0.01412416 -0.02853124 -0.00503078 -0.01259045 -0.02198189 -0.00807863
  0.04928726  0.02674847  0.0272681   0.02836657  0.02802074  0.06362883
  0.01462447  0.01911403  0.01974752  0.01385215  0.06943071  0.01490244
  0.00897711  0.00510598  0.01171166  0.06190535  0.02289244  0.01276535
  0.02853536  0.02263407  0.07365379  0.01597907  0.01792914  0.01621611
  0.01504547]

Gradient approximate =
[-0.01340829 -0.05323785 -0.01740579 -0.01360014 -0.03959207 -0.00921378
 -0.01412416 -0.04846089 -0.01695146 -0.01259045 -0.05330954 -0.01689051
  0.04928726  0.05297426  0.03806121  0.05648312  0.06524207  0.06362883
  0.03823833  0.03508289  0.03977505  0.040997    0.06943071  0.03167453
  0.03300798  0.03256613  0.03302956  0.06190535  0.04694255  0.03867647
  0.04813721  0.05406535  0.07365379  0.038647    0.03777665  0.04109884
  0.04000952]

Diff = 
[9.22167030e-12 1.85957252e-02 7.55244048e-03 4.30106298e-12
 8.06860834e-03 3.49265036e-03 1.50433034e-11 1.99296490e-02
 1.19206776e-02 1.85538564e-11 3.13276535e-02 8.81188132e-03
 1.56197867e-10 2.62257868e-02 1.07931165e-02 2.81165493e-02
 3.72213341e-02 1.43992665e-10 2.36138635e-02 1.59688589e-02
 2.00275346e-02 2.71448451e-02 1.36973433e-10 1.67720941e-02
 2.40308681e-02 2.74601552e-02 2.13179022e-02 1.49490600e-10
 2.40501030e-02 2.59111117e-02 1.96018506e-02 3.14312849e-02
 1.48030907e-10 2.26679273e-02 1.98475088e-02 2.48827329e-02
 2.49640500e-02]

 Iteration 400:
############################
Gradient = 
[-0.00925332 -0.01680862 -0.00424991 -0.01013649 -0.01665567 -0.00193169
 -0.01001019 -0.01278031 -0.00035242 -0.00814145 -0.00544023 -0.00266158
  0.02934846  0.0139943   0.01655731  0.01396396  0.0117378   0.04575944
  0.00222279  0.0078291   0.00617215 -0.00010742  0.05296402  0.00283541
 -0.00152952 -0.00614614 -0.00090367  0.04180181  0.00912375  0.00225292
  0.01322723  0.00625231  0.05407805  0.00198879  0.00505048  0.00158913
 -0.00012573]

Gradient approximate =
[-0.00925332 -0.0382145  -0.01256887 -0.01013649 -0.0273724  -0.00583469
 -0.01001019 -0.0349572  -0.01254949 -0.00814145 -0.0382101  -0.0120469
  0.02934846  0.0424666   0.02978399  0.04440483  0.05112316  0.04575944
  0.02671444  0.02525952  0.02758423  0.02772314  0.05296402  0.0205331
  0.02285344  0.02117348  0.0209389   0.04180181  0.03490952  0.02895243
  0.0351068   0.0392181   0.05407805  0.02558375  0.02612062  0.02738333
  0.02557936]

Diff = 
[3.00330941e-13 2.14058779e-02 8.31895333e-03 4.28380768e-12
 1.07167258e-02 3.90299820e-03 4.23445654e-12 2.21768864e-02
 1.21970691e-02 3.06009905e-11 3.27698759e-02 9.38531524e-03
 1.54212042e-10 2.84722945e-02 1.32266798e-02 3.04408755e-02
 3.93853554e-02 1.59087861e-10 2.44916536e-02 1.74304219e-02
 2.14120836e-02 2.78305593e-02 1.53786081e-10 1.76976912e-02
 2.43829617e-02 2.73196151e-02 2.18425659e-02 1.58821005e-10
 2.57857680e-02 2.66995114e-02 2.18795716e-02 3.29657963e-02
 1.53857455e-10 2.35949639e-02 2.10701408e-02 2.57941999e-02
 2.57050962e-02]

 Iteration 500:
############################
Gradient = 
[-0.00690852 -0.0079131  -0.00144402 -0.00811042 -0.00904604 -0.00019763
 -0.00764132 -0.00501611  0.00185711 -0.00572355  0.00199205 -0.00013448
  0.01918262  0.00693209  0.01042023  0.00616475  0.00320541  0.03688907
 -0.00365765  0.00212357 -0.00036564 -0.00638965  0.04490315 -0.00272092
 -0.00623814 -0.01079262 -0.00644661  0.03182126  0.00215349 -0.002828
  0.00544901 -0.00158095  0.04451743 -0.00445022 -0.00115512 -0.0050517
 -0.00682861]

Gradient approximate =
[-0.00690852 -0.03066541 -0.01006854 -0.00811042 -0.02117309 -0.00420832
 -0.00764132 -0.02815266 -0.0102397  -0.00572355 -0.03091989 -0.0096612
  0.01918262  0.03655299  0.02514525  0.03770424  0.04338929  0.03688907
  0.02071343  0.02008383  0.02133346  0.02102778  0.04490315  0.01494541
  0.01767074  0.01552951  0.01493913  0.03182126  0.02853625  0.02380541
  0.02834097  0.03159857  0.04451743  0.01896082  0.0200959   0.02049979
  0.01843362]

Diff = 
[1.12232437e-11 2.27523144e-02 8.62452183e-03 1.34336292e-12
 1.21270524e-02 4.01068903e-03 1.42772131e-11 2.31365443e-02
 1.20968162e-02 1.65377287e-11 3.29119380e-02 9.52672393e-03
 1.73789896e-10 2.96208966e-02 1.47250200e-02 3.15394922e-02
 4.01838836e-02 1.63003444e-10 2.43710775e-02 1.79602651e-02
 2.16991087e-02 2.74174317e-02 1.54611587e-10 1.76663246e-02
 2.39088803e-02 2.63221297e-02 2.13857355e-02 1.58769956e-10
 2.63827604e-02 2.66334127e-02 2.28919528e-02 3.31795138e-02
 1.56311623e-10 2.34110405e-02 2.12510200e-02 2.55514933e-02
 2.52622250e-02]

 Iteration 600:
############################
Gradient = 
[-5.52437244e-03 -3.47665769e-03 -4.91441660e-05 -6.88932869e-03
 -5.23906931e-03  4.86003531e-04 -6.20997003e-03 -1.25554651e-03
  2.82484194e-03 -4.33792762e-03  5.12269749e-03  1.01039938e-03
  1.39066314e-02  3.11545579e-03  6.94633974e-03  1.99432488e-03
 -1.19760983e-03  3.22045450e-02 -6.28896752e-03 -7.35235061e-04
 -3.44806952e-03 -9.00803000e-03  4.05935928e-02 -5.22075636e-03
 -8.19137646e-03 -1.24271259e-02 -8.75565828e-03  2.66281452e-02
 -1.28810319e-03 -5.09506794e-03  1.49373805e-03 -5.20821102e-03
  3.94949151e-02 -7.26905729e-03 -4.08164841e-03 -7.92367918e-03
 -9.59987169e-03]

Gradient approximate =
[-0.00552437 -0.02684802 -0.00874997 -0.00688933 -0.01815275 -0.00350217
 -0.00620997 -0.02472384 -0.00899949 -0.00433793 -0.02736131 -0.00845869
  0.01390663  0.03328534  0.02263832  0.03397371  0.03907494  0.03220455
  0.01749969  0.01728689  0.01801489  0.01751606  0.04059359  0.01197838
  0.01488447  0.01256281  0.01175075  0.02662815  0.02512264  0.02107274
  0.02475631  0.0275621   0.03949492  0.01545734  0.01685372  0.01687127
  0.01470938]

Diff = 
[3.11506810e-12 2.33713651e-02 8.70082554e-03 1.06929327e-11
 1.29136850e-02 3.98817806e-03 2.13377024e-11 2.34682904e-02
 1.18243362e-02 3.93781535e-12 3.24840042e-02 9.46909063e-03
 1.63829146e-10 3.01698817e-02 1.56919849e-02 3.19793818e-02
 4.02725535e-02 1.54032585e-10 2.37886542e-02 1.80221242e-02
 2.14629591e-02 2.65240945e-02 1.56246231e-10 1.71991328e-02
 2.30758421e-02 2.49899376e-02 2.05064079e-02 1.64271131e-10
 2.64107449e-02 2.61678096e-02 2.32625769e-02 3.27703106e-02
 1.52608273e-10 2.27263998e-02 2.09353713e-02 2.47949514e-02
 2.43092563e-02]

 Iteration 700:
############################
Gradient = 
[-0.00462903 -0.00120854  0.00065437 -0.00608233 -0.00329276  0.00068657
 -0.00526288  0.00056363  0.003195   -0.00347121  0.00625002  0.0015021
  0.01111924  0.00105727  0.00495238 -0.00023717 -0.00343903  0.02949024
 -0.00736108 -0.00218822 -0.00487065 -0.00991814  0.03797238 -0.00631827
 -0.0088862  -0.0127356  -0.00960751  0.02373743 -0.00296359 -0.00597373
 -0.00055598 -0.00679952  0.03655513 -0.0084013  -0.00544145 -0.00905377
 -0.01057675]

Gradient approximate =
[-0.00462903 -0.02483259 -0.00800813 -0.00608233 -0.01667882 -0.00323241
 -0.00526288 -0.02293249 -0.00828488 -0.00347121 -0.02557818 -0.00782089
  0.01111924  0.03145274  0.02130915  0.03182993  0.03655781  0.02949024
  0.0156454   0.01566015  0.01611154  0.01552415  0.03797238  0.01021942
  0.0132153   0.01082173  0.00985064  0.02373743  0.02319592  0.01955894
  0.02274851  0.02527877  0.03655513  0.01342792  0.01494555  0.01476968
  0.01257952]

Diff = 
[1.19884094e-11 2.36240490e-02 8.66249774e-03 2.13018353e-11
 1.33860572e-02 3.91898467e-03 3.04672407e-11 2.34961160e-02
 1.14798788e-02 6.38305728e-12 3.18282048e-02 9.32299085e-03
 1.61430097e-10 3.03954695e-02 1.63567692e-02 3.20670998e-02
 3.99968475e-02 1.63979795e-10 2.30064823e-02 1.78483662e-02
 2.09821913e-02 2.54422873e-02 1.59318031e-10 1.65376916e-02
 2.21015036e-02 2.35573306e-02 1.94581486e-02 1.62595180e-10
 2.61595102e-02 2.55326730e-02 2.33044855e-02 3.20782897e-02
 1.62696835e-10 2.18292192e-02 2.03869950e-02 2.38234453e-02
 2.31562636e-02]

 Iteration 800:
############################
Gradient = 
[-3.98709563e-03 -1.26177554e-05  1.01358716e-03 -5.48855431e-03
 -2.25345666e-03  6.79178667e-04 -4.57162150e-03  1.43568313e-03
  3.27965949e-03 -2.87094714e-03  6.45550055e-03  1.68531120e-03
  9.61952838e-03 -6.10436745e-05  3.77132080e-03 -1.43476859e-03
 -4.54522527e-03  2.77196082e-02 -7.69717659e-03 -2.94874004e-03
 -5.49785883e-03 -1.00447635e-02  3.61236037e-02 -6.77434991e-03
 -9.01989499e-03 -1.24823524e-02 -9.80605049e-03  2.19757115e-02
 -3.76171747e-03 -6.18744552e-03 -1.65080774e-03 -7.40718458e-03
  3.45878889e-02 -8.75754558e-03 -6.05524458e-03 -9.38663075e-03
 -1.07445538e-02]

Gradient approximate =
[-0.0039871  -0.0236995  -0.00755241 -0.00548855 -0.01594833 -0.00316127
 -0.00457162 -0.02194161 -0.00783182 -0.00287095 -0.02464769 -0.00745535
  0.00961953  0.03038514  0.02061719  0.03053136  0.03499252  0.02771961
  0.01445219  0.01460469  0.0148925   0.01426236  0.0361236   0.00901824
  0.01206434  0.00964358  0.0085489   0.02197571  0.02201173  0.01865254
  0.02152309  0.0238607   0.03458789  0.01209544  0.01367635  0.01338788
  0.01119953]

Diff = 
[8.44517338e-12 2.36868799e-02 8.56599221e-03 1.40734386e-12
 1.36948707e-02 3.84044633e-03 9.47369353e-12 2.33772927e-02
 1.11114785e-02 4.06593348e-11 3.11031942e-02 9.14066427e-03
 1.50571352e-10 3.04461882e-02 1.68458735e-02 3.19661245e-02
 3.95377426e-02 1.46176252e-10 2.21493674e-02 1.75534304e-02
 2.03903602e-02 2.43071192e-02 1.54769711e-10 1.57925867e-02
 2.10842303e-02 2.21259319e-02 1.83549480e-02 1.56766617e-10
 2.57734505e-02 2.48399827e-02 2.31739017e-02 3.12678872e-02
 1.50060457e-10 2.08529823e-02 1.97315959e-02 2.27745065e-02
 2.19440795e-02]

 Iteration 900:
############################
Gradient = 
[-0.00348295  0.00063514  0.00119543 -0.00500929 -0.00166719  0.00059053
 -0.00402287  0.00183671  0.00322822 -0.00241302  0.0062498   0.00172342
  0.00879371 -0.00067828  0.00303752 -0.00207799 -0.0050507   0.02641161
 -0.00769149 -0.00336364 -0.00574236 -0.00982246  0.03463857 -0.00693511
 -0.00891077 -0.01200888 -0.00971372  0.02077888 -0.00412339 -0.00609459
 -0.00225948 -0.00754075  0.03308586 -0.00876159 -0.00631119 -0.0093594
 -0.01055615]

Gradient approximate =
[-0.00348295 -0.02301319 -0.00724438 -0.00500929 -0.01558142 -0.00317754
 -0.00402287 -0.02135242 -0.00751384 -0.00241302 -0.02413137 -0.00722334
  0.00879371  0.02972301  0.0202663   0.02968582  0.03393989  0.02641161
  0.01358434  0.01383031  0.0140092   0.01335742  0.03463857  0.0080794
  0.0111566   0.00872875  0.00753406  0.02077888  0.02120092  0.01804799
  0.02069012  0.02287774  0.03308586  0.01109718  0.01271799  0.01235136
  0.01017951]

Diff = 
[8.54140760e-12 2.36483300e-02 8.43981222e-03 8.08841622e-12
 1.39142335e-02 3.76807398e-03 1.22427199e-11 2.31891330e-02
 1.07420665e-02 1.49168343e-11 3.03811708e-02 8.94675258e-03
 1.52848479e-10 3.04012959e-02 1.72287824e-02 3.17638120e-02
 3.89905940e-02 1.65782176e-10 2.12758361e-02 1.71939481e-02
 1.97515557e-02 2.31798881e-02 1.60125482e-10 1.50145062e-02
 2.00673770e-02 2.07376237e-02 1.72477826e-02 1.62722627e-10
 2.53243111e-02 2.41425753e-02 2.29495988e-02 3.04184927e-02
 1.58981266e-10 1.98587750e-02 1.90291790e-02 2.17107647e-02
 2.07356568e-02]

 