Iteration 0:
############################
Gradient = 
[-4.34632860e-04 -2.52185359e-03 -7.13614215e-04  3.57360632e-04
 -8.64267407e-05  1.71629399e-04 -1.69704922e-02 -6.92330782e-03
 -8.17865575e-03  1.03316584e-02  3.33331741e-03  4.70133768e-03
  3.30025543e-01  1.63732047e-01  1.57462572e-01  2.84857065e-01
  1.39196391e-01  1.35411386e-01  3.02414077e-01  1.47775853e-01
  1.42928478e-01  2.69169871e-01  1.31469963e-01  1.28335369e-01
  3.10132431e-01  1.51838199e-01  1.48561039e-01]

Gradient approximate =
[-9.61104685e-05 -1.52650192e-04  4.50623094e-06  1.05937978e-04
  2.42581724e-04  5.56892710e-05  2.85273662e-01  1.40950259e-01
  1.35931600e-01  2.74098286e-01  1.35267856e-01  1.30372893e-01
  3.30025543e-01  1.62650955e-01  1.56675272e-01  2.84857065e-01
  1.40408944e-01  1.35291800e-01  3.02414077e-01  1.49029383e-01
  1.43568550e-01  0.00000000e+00  0.00000000e+00  0.00000000e+00
  0.00000000e+00  0.00000000e+00  0.00000000e+00]

Diff = 
[3.38522392e-04 2.36920340e-03 7.18120446e-04 2.51422653e-04
 3.29008464e-04 1.15940128e-04 3.02244154e-01 1.47873566e-01
 1.44110256e-01 2.63766628e-01 1.31934538e-01 1.25671555e-01
 3.54747343e-11 1.08109141e-03 7.87300262e-04 1.32685529e-11
 1.21255341e-03 1.19585548e-04 1.12836962e-11 1.25352996e-03
 6.40071693e-04 2.69169871e-01 1.31469963e-01 1.28335369e-01
 3.10132431e-01 1.51838199e-01 1.48561039e-01]

 Iteration 100:
############################
Gradient = 
[-6.13297037e-05 -1.03182877e-03 -1.73347672e-04  1.09562120e-04
 -9.90679254e-04 -1.44543089e-04 -2.53767930e-02 -1.05836097e-02
 -1.15294678e-02 -2.04780825e-02 -1.01889542e-02 -7.77258561e-03
  2.99120182e-01  1.50282826e-01  1.42523799e-01  2.78871950e-01
  1.38165821e-01  1.34260345e-01  2.21781333e-01  1.09535468e-01
  1.04799445e-01  1.85010627e-01  8.91120075e-02  8.68127467e-02
  2.01716023e-01  9.73792183e-02  9.40153671e-02]

Gradient approximate =
[ 5.28349409e-05  1.81719892e-04  1.34274449e-04 -2.21893437e-05
 -1.01726194e-04 -7.78792542e-05  2.94929916e-01  1.47362587e-01
  1.41501524e-01  2.71849215e-01  1.35991801e-01  1.30626791e-01
  2.99120182e-01  1.49320085e-01  1.43261743e-01  2.78871950e-01
  1.39194575e-01  1.33610228e-01  2.21781334e-01  1.10698958e-01
  1.06217754e-01  0.00000000e+00  0.00000000e+00  0.00000000e+00
  0.00000000e+00  0.00000000e+00  0.00000000e+00]

Diff = 
[1.14164645e-04 1.21354866e-03 3.07622122e-04 1.31751464e-04
 8.88953060e-04 6.66638351e-05 3.20306709e-01 1.57946197e-01
 1.53030991e-01 2.92327297e-01 1.46180756e-01 1.38399377e-01
 1.09434684e-12 9.62741546e-04 7.37943872e-04 1.10286225e-11
 1.02875365e-03 6.50116893e-04 7.39316386e-11 1.16349034e-03
 1.41830851e-03 1.85010627e-01 8.91120075e-02 8.68127467e-02
 2.01716023e-01 9.73792183e-02 9.40153671e-02]

 Iteration 200:
############################
Gradient = 
[-1.47579083e-04 -1.21175378e-03 -2.13970946e-04 -3.02855005e-05
 -1.40871479e-03 -2.68666387e-04 -2.39587690e-02 -1.00421969e-02
 -1.10558619e-02 -2.12702525e-02 -1.06134178e-02 -8.23585683e-03
  3.08475507e-01  1.57810173e-01  1.49483252e-01  2.86762833e-01
  1.44830327e-01  1.40356042e-01  1.16488566e-01  5.57403245e-02
  5.30866882e-02  9.05772677e-02  4.06388219e-02  4.01867709e-02
  1.42732690e-01  6.79950579e-02  6.56841230e-02]

Gradient approximate =
[ 2.10436735e-05  1.57132674e-04  7.26202698e-05 -4.25060653e-05
 -1.23345572e-04 -1.11501706e-04  3.05148123e-01  1.54917511e-01
  1.48407076e-01  2.80940917e-01  1.42838723e-01  1.36863341e-01
  3.08475507e-01  1.56773119e-01  1.50121462e-01  2.86762833e-01
  1.45666728e-01  1.39553808e-01  1.16488566e-01  5.91935724e-02
  5.66754453e-02  0.00000000e+00  0.00000000e+00  0.00000000e+00
  0.00000000e+00  0.00000000e+00  0.00000000e+00]

Diff = 
[1.68622757e-04 1.36888646e-03 2.86591216e-04 1.22205648e-05
 1.28536921e-03 1.57164681e-04 3.29106891e-01 1.64959708e-01
 1.59462938e-01 3.02211170e-01 1.53452141e-01 1.45099198e-01
 1.62527214e-11 1.03705365e-03 6.38209926e-04 8.90126861e-12
 8.36400923e-04 8.02233637e-04 1.09376078e-10 3.45324793e-03
 3.58875702e-03 9.05772677e-02 4.06388219e-02 4.01867709e-02
 1.42732690e-01 6.79950579e-02 6.56841230e-02]

 Iteration 300:
############################
Gradient = 
[-9.84668594e-05 -8.37237838e-04 -2.67694604e-05 -5.95363265e-05
 -1.35636601e-03 -2.01151302e-04 -1.05101593e-02 -4.14112723e-03
 -5.63246841e-03 -9.92861472e-03 -5.62640268e-03 -3.70316610e-03
  3.15062167e-01  1.63192608e-01  1.54577494e-01  2.92713010e-01
  1.49807393e-01  1.45015771e-01  2.39863536e-02  6.50557404e-03
  5.94478335e-03  8.73296354e-03 -3.11663778e-03 -1.75012976e-03
  1.19981130e-01  5.67408084e-02  5.48749811e-02]

Gradient approximate =
[ 5.88451110e-05  4.86340315e-04  7.19294624e-05 -1.55029101e-05
  1.16178684e-04 -1.09027458e-04  3.18632111e-01  1.63061055e-01
  1.55964838e-01  2.93843435e-01  1.50592515e-01  1.44051606e-01
  3.15062167e-01  1.62105296e-01  1.55141864e-01  2.92713010e-01
  1.50497555e-01  1.44101494e-01  2.39863537e-02  1.23518448e-02
  1.18002591e-02  0.00000000e+00  0.00000000e+00  0.00000000e+00
  0.00000000e+00  0.00000000e+00  0.00000000e+00]

Diff = 
[1.57311970e-04 1.32357815e-03 9.86989228e-05 4.40334164e-05
 1.47254470e-03 9.21238437e-05 3.29142271e-01 1.67202182e-01
 1.61597306e-01 3.03772050e-01 1.56218918e-01 1.47754773e-01
 5.43487477e-12 1.08731280e-03 5.64370560e-04 1.12787557e-11
 6.90161959e-04 9.14276747e-04 1.66481447e-10 5.84627074e-03
 5.85547575e-03 8.73296354e-03 3.11663778e-03 1.75012976e-03
 1.19981130e-01 5.67408084e-02 5.48749811e-02]

 Iteration 400:
############################
Gradient = 
[ 8.76844275e-05 -6.37709481e-05  2.95668776e-04  4.21190005e-05
 -9.03936492e-04 -2.09521069e-06  8.77080316e-03  4.32379550e-03
  2.18956162e-03  7.64169307e-03  2.10934930e-03  3.39526869e-03
  3.15612860e-01  1.63631354e-01  1.55075647e-01  2.93386926e-01
  1.50331733e-01  1.45540925e-01 -4.81118508e-02 -3.30527363e-02
 -3.19096101e-02 -5.51979774e-02 -3.82825105e-02 -3.54479918e-02
  1.25923749e-01  6.00734222e-02  5.80889381e-02]

Gradient approximate =
[ 1.42299168e-04  9.37722793e-04  1.37636400e-04  4.86320473e-05
  4.53233355e-04 -5.30298072e-05  3.28531114e-01  1.67471445e-01
  1.60057851e-01  3.03814714e-01  1.55046452e-01  1.48181647e-01
  3.15612860e-01  1.62551094e-01  1.55617937e-01  2.93386926e-01
  1.50990656e-01  1.44620076e-01 -4.81118507e-02 -2.47629749e-02
 -2.37388031e-02  0.00000000e+00  0.00000000e+00  0.00000000e+00
  0.00000000e+00  0.00000000e+00  0.00000000e+00]

Diff = 
[5.46147405e-05 1.00149374e-03 1.58032376e-04 6.51304682e-06
 1.35716985e-03 5.09345965e-05 3.19760311e-01 1.63147649e-01
 1.57868290e-01 2.96173021e-01 1.52937102e-01 1.44786379e-01
 5.69588821e-12 1.08026008e-03 5.42289529e-04 4.24765778e-12
 6.58923190e-04 9.20849590e-04 1.55112950e-10 8.28976138e-03
 8.17080696e-03 5.51979774e-02 3.82825105e-02 3.54479918e-02
 1.25923749e-01 6.00734222e-02 5.80889381e-02]

 Iteration 500:
############################
Gradient = 
[ 1.80741305e-04  1.52510445e-04  3.43776753e-04  7.58174769e-05
 -8.81505785e-04 -2.98368420e-05  2.93763356e-02  1.32864712e-02
  1.05254959e-02  2.70246749e-02  1.05698346e-02  1.12134362e-02
  3.08895699e-01  1.58103739e-01  1.49931480e-01  2.87391841e-01
  1.45313254e-01  1.40824737e-01 -9.86835552e-02 -6.09001253e-02
 -5.85923078e-02 -1.00700912e-01 -6.32765880e-02 -5.94451664e-02
  1.53989559e-01  7.42385892e-02  7.17154310e-02]

Gradient approximate =
[ 1.43855676e-04  8.53873035e-04  1.58394204e-04  4.28671432e-05
  3.26788467e-04 -3.44571127e-05  3.30444231e-01  1.65727933e-01
  1.58364104e-01  3.06419007e-01  1.53771691e-01  1.46925585e-01
  3.08895699e-01  1.57100257e-01  1.50513655e-01  2.87391841e-01
  1.46083817e-01  1.40029780e-01 -9.86835551e-02 -5.01988505e-02
 -4.81348438e-02  0.00000000e+00  0.00000000e+00  0.00000000e+00
  0.00000000e+00  0.00000000e+00  0.00000000e+00]

Diff = 
[3.68856286e-05 7.01362590e-04 1.85382549e-04 3.29503338e-05
 1.20829425e-03 4.62027071e-06 3.01067895e-01 1.52441461e-01
 1.47838608e-01 2.79394332e-01 1.43201856e-01 1.35712149e-01
 2.38016828e-11 1.00348270e-03 5.82175161e-04 5.38491474e-12
 7.70562811e-04 7.94956487e-04 1.16580232e-10 1.07012749e-02
 1.04574640e-02 1.00700912e-01 6.32765880e-02 5.94451664e-02
 1.53989559e-01 7.42385892e-02 7.17154310e-02]

 Iteration 600:
############################
Gradient = 
[-8.18428964e-05 -1.15297987e-03 -3.15357755e-04 -1.97868637e-04
 -2.16997193e-03 -6.78486999e-04  4.90906433e-02  2.17912884e-02
  1.84962573e-02  4.59307790e-02  1.87571981e-02  1.88346180e-02
  2.95056544e-01  1.46961299e-01  1.39421040e-01  2.74713652e-01
  1.34993753e-01  1.31044052e-01 -1.31622330e-01 -7.82445286e-02
 -7.52519534e-02 -1.30987413e-01 -7.90192230e-02 -7.46158597e-02
  1.98410254e-01  9.52072015e-02  9.19043356e-02]

Gradient approximate =
[-3.28443472e-05 -2.66863072e-04  5.15564746e-05 -1.17475565e-04
 -7.08183863e-04 -1.24465258e-04  3.22780145e-01  1.57445936e-01
  1.50479958e-01  2.99963776e-01  1.46299341e-01  1.39804436e-01
  2.95056544e-01  1.46101726e-01  1.40105838e-01  2.74713652e-01
  1.36021230e-01  1.30509886e-01 -1.31622330e-01 -6.52509843e-02
 -6.26198819e-02  0.00000000e+00  0.00000000e+00  0.00000000e+00
  0.00000000e+00  0.00000000e+00  0.00000000e+00]

Diff = 
[4.89985491e-05 8.86116802e-04 3.66914230e-04 8.03930719e-05
 1.46178806e-03 5.54021741e-04 2.73689501e-01 1.35654648e-01
 1.31983701e-01 2.54032997e-01 1.27542143e-01 1.20969818e-01
 1.16561760e-11 8.59572774e-04 6.84797990e-04 2.94793079e-11
 1.02747642e-03 5.34165874e-04 9.62250557e-11 1.29935443e-02
 1.26320715e-02 1.30987413e-01 7.90192230e-02 7.46158597e-02
 1.98410254e-01 9.52072015e-02 9.19043356e-02]

 Iteration 700:
############################
Gradient = 
[-0.00090472 -0.00464832 -0.00200262 -0.00097395 -0.00541272 -0.00225217
  0.06741131  0.02982385  0.02607659  0.06371023  0.02657142  0.02615617
  0.27486044  0.13124463  0.12450157  0.25600721  0.12031909  0.11707121
 -0.15217982 -0.08757931 -0.08425057 -0.15033833 -0.08751212 -0.08285595
  0.25355171  0.11869848  0.11455835]

Gradient approximate =
[-3.97376596e-04 -2.53553015e-03 -1.75378976e-04 -4.43096533e-04
 -2.76381433e-03 -3.17372457e-04  3.05918759e-01  1.43601220e-01
  1.37291841e-01  2.84729414e-01  1.33509892e-01  1.27619783e-01
  2.74860444e-01  1.30600773e-01  1.25362322e-01  2.56007211e-01
  1.21739388e-01  1.16923326e-01 -1.52179819e-01 -7.24907301e-02
 -6.96315259e-02  0.00000000e+00  0.00000000e+00  0.00000000e+00
  0.00000000e+00  0.00000000e+00  0.00000000e+00]

Diff = 
[5.07342436e-04 2.11279047e-03 1.82724154e-03 5.30852662e-04
 2.64890151e-03 1.93480005e-03 2.38507447e-01 1.13777370e-01
 1.11215254e-01 2.21019182e-01 1.06938470e-01 1.01463612e-01
 1.88403182e-11 6.43858955e-04 8.60753724e-04 1.58683622e-11
 1.42030177e-03 1.47883976e-04 8.14921186e-11 1.50885798e-02
 1.46190446e-02 1.50338334e-01 8.75121236e-02 8.28559493e-02
 2.53551710e-01 1.18698479e-01 1.14558347e-01]

 Iteration 800:
############################
Gradient = 
[-0.00245781 -0.010838   -0.00495143 -0.00242147 -0.01112643 -0.0049852
  0.08439735  0.03782011  0.03365282  0.08027611  0.03435655  0.03348056
  0.24926858  0.11220976  0.10635944  0.23217645  0.10249598  0.10005021
 -0.16472226 -0.09117167 -0.08774155 -0.16239518 -0.09066402 -0.08598019
  0.31377707  0.14047797  0.13561525]

Gradient approximate =
[-0.00090443 -0.00579729 -0.00046183 -0.00089777 -0.00572544 -0.00056171
  0.2812223   0.12577891  0.12027853  0.26200446  0.11692417  0.11179451
  0.24926858  0.11189473  0.10751585  0.23217645  0.10442906  0.10039778
 -0.16472226 -0.07425063 -0.07138719  0.          0.          0.
  0.          0.          0.        ]

Diff = 
[1.55337841e-03 5.04070754e-03 4.48959400e-03 1.52370104e-03
 5.40098659e-03 4.42348843e-03 1.96824950e-01 8.79587996e-02
 8.66257080e-02 1.81728345e-01 8.25676133e-02 7.83139499e-02
 2.19447793e-11 3.15026899e-04 1.15641060e-03 6.68862743e-11
 1.93307585e-03 3.47569772e-04 5.41675038e-11 1.69210351e-02
 1.63543617e-02 1.62395177e-01 9.06640212e-02 8.59801938e-02
 3.13777066e-01 1.40477970e-01 1.35615250e-01]

 Iteration 900:
############################
Gradient = 
[-0.00488943 -0.02012889 -0.00931559 -0.00469741 -0.0197713  -0.00905448
  0.09978076  0.04626059  0.04165953  0.09526536  0.04251812  0.04117297
  0.21941643  0.09118227  0.086265    0.20432722  0.08285452  0.0812587
 -0.17221876 -0.09058534 -0.08721743 -0.16970829 -0.08988286 -0.08533533
  0.37389279  0.15685864  0.15153791]

Gradient approximate =
[-0.00149969 -0.0097975  -0.00075118 -0.00144002 -0.00940444 -0.00081124
  0.2505603   0.10578124  0.10114744  0.2335957   0.09832657  0.09402268
  0.21941643  0.0914185   0.08794677  0.20432723  0.08539364  0.08218418
 -0.17221876 -0.07214956 -0.06943361  0.          0.          0.
  0.          0.          0.        ]

Diff = 
[3.38973310e-03 1.03313903e-02 8.56440958e-03 3.25738730e-03
 1.03668606e-02 8.24323398e-03 1.50779539e-01 5.95206582e-02
 5.94879098e-02 1.38330341e-01 5.58084521e-02 5.28497106e-02
 6.03279371e-11 2.36223277e-04 1.68176677e-03 7.63909214e-11
 2.53912374e-03 9.25477241e-04 4.12359036e-11 1.84357833e-02
 1.77838213e-02 1.69708289e-01 8.98828552e-02 8.53353346e-02
 3.73892789e-01 1.56858638e-01 1.51537910e-01]

 