Iteration 0:
############################
Gradient = 
[ 2.11270898e-04  2.68206573e-03  2.06368598e-03 -1.78793178e-04
 -8.63471516e-04  4.71228647e-04 -6.54630900e-05  1.23999242e-03
  8.96406729e-04  3.01713551e-04 -1.25097616e-03  1.70329500e-04
  1.86720729e-03 -1.35216292e-04  1.95580477e-03  6.84238354e-04
  2.31045110e-03  2.04148819e-02  1.36913951e-02  8.84515375e-03
  1.09746275e-02  1.12991695e-02  3.17124426e-03  3.82743374e-04
  4.85131817e-03 -4.25399889e-04  9.82673940e-04  1.69454929e-03
 -2.17150567e-03 -2.06870699e-03  6.73982390e-04 -9.58939936e-04
  3.25286789e-01  1.56505052e-01  1.63136004e-01  1.59568871e-01
  1.57533934e-01  2.92844602e-01  1.41767764e-01  1.44106079e-01
  1.44070291e-01  1.40355141e-01  2.91301564e-01  1.39847691e-01
  1.48077744e-01  1.42488680e-01  1.37700603e-01  2.93494856e-01
  1.41501176e-01  1.48583061e-01  1.46370463e-01  1.40563091e-01
  3.17493464e-01  1.56812365e-01  1.60663992e-01  1.59008914e-01
  1.54805507e-01]

Gradient approximate =
[ 2.39641951e-05 -1.48832928e-04 -1.88910272e-04 -6.16734432e-04
 -2.14907119e-03 -8.22129194e-04  1.90718252e-04  6.95415934e-04
  2.33102668e-04  8.63232974e-05  3.42771127e-04  7.79493803e-06
  2.54429821e-03  1.72923042e-03  1.32173566e-03  1.56862703e-03
  9.02110562e-04  8.06835278e-03  4.48305073e-03  4.07062593e-03
  3.16389998e-01  1.54640341e-01  1.40901011e-01  1.45646149e-01
  1.42587884e-01  2.58423530e-01  1.22430396e-01  1.41544548e-01
  1.36730903e-01  1.32623296e-01  3.09283431e-01  1.51458697e-01
  1.51177557e-01  1.50197598e-01  1.46313542e-01  2.94915815e-01
  1.42663886e-01  1.46533608e-01  1.45461392e-01  1.41693508e-01
  3.01205805e-01  1.45839614e-01  1.49699724e-01  1.48675276e-01
  1.44760775e-01  0.00000000e+00  0.00000000e+00  0.00000000e+00
  0.00000000e+00  0.00000000e+00  0.00000000e+00  0.00000000e+00
  0.00000000e+00  0.00000000e+00  0.00000000e+00  0.00000000e+00
  0.00000000e+00]

Diff = 
[1.87306703e-04 2.83089866e-03 2.25259625e-03 4.37941255e-04
 1.28559968e-03 1.29335784e-03 2.56181342e-04 5.44576482e-04
 6.63304060e-04 2.15390254e-04 1.59374729e-03 1.62534562e-04
 6.77090914e-04 1.86444671e-03 6.34069112e-04 8.84388678e-04
 1.40834054e-03 1.23465292e-02 9.20834439e-03 4.77452782e-03
 3.05415370e-01 1.43341171e-01 1.37729767e-01 1.45263406e-01
 1.37736566e-01 2.58848930e-01 1.21447722e-01 1.39849999e-01
 1.38902409e-01 1.34692003e-01 3.08609449e-01 1.52417637e-01
 1.74109231e-01 6.30745381e-03 1.68224612e-02 1.35346944e-01
 1.48700484e-02 1.46310994e-01 3.69362836e-03 2.41257098e-03
 1.57135514e-01 5.48447246e-03 1.41601840e-01 8.82758501e-03
 3.31696910e-03 1.42488680e-01 1.37700603e-01 2.93494856e-01
 1.41501176e-01 1.48583061e-01 1.46370463e-01 1.40563091e-01
 3.17493464e-01 1.56812365e-01 1.60663992e-01 1.59008914e-01
 1.54805507e-01]

 Iteration 100:
############################
Gradient = 
[ 3.06090130e-05  1.84637414e-03  1.78093230e-03 -3.42560418e-04
 -1.24736613e-03  1.83314221e-04  3.60810425e-04  2.54184772e-03
  1.31141003e-03 -4.83499591e-04 -3.57502750e-03 -6.07824903e-04
 -8.65774772e-03 -5.70148211e-03 -3.34921353e-03 -4.66418758e-03
 -2.75991502e-03 -3.31067950e-02 -1.62217435e-02 -1.80244553e-02
 -1.72946668e-02 -1.30517326e-02 -3.19264528e-02 -1.88879138e-02
 -1.27022545e-02 -1.86321306e-02 -1.47414153e-02 -1.28740631e-02
 -1.01142815e-02 -9.29199921e-03 -6.96912550e-03 -7.56597775e-03
  3.21065495e-01  1.58235321e-01  1.62672593e-01  1.61568886e-01
  1.58612912e-01  2.72771140e-01  1.32576899e-01  1.39593327e-01
  1.35004029e-01  1.29109773e-01  2.27312358e-01  1.09122153e-01
  1.06859567e-01  1.09216960e-01  1.06205472e-01  1.73015442e-01
  8.02624915e-02  7.84067224e-02  8.32143529e-02  7.76486840e-02
  1.89395287e-01  8.75166907e-02  8.62829516e-02  9.04311952e-02
  9.05280270e-02]

Gradient approximate =
[ 1.56153879e-04 -3.38078543e-04  2.40742732e-04 -1.80212245e-05
 -6.65905142e-04 -1.15377989e-04  8.00195199e-05  2.58554682e-04
  1.53690665e-04  1.38235188e-04  3.62863899e-04  2.02686758e-04
  5.09875173e-03  3.26697611e-03  2.62240173e-03  3.00226076e-03
  1.93324514e-03  1.26011803e-03  7.22364402e-04  6.40497677e-04
  3.21734419e-01  1.56580984e-01  1.56024515e-01  1.58829009e-01
  1.51940261e-01  2.69366275e-01  1.29936830e-01  1.32195059e-01
  1.35372635e-01  1.29045562e-01  3.01057654e-01  1.44736646e-01
  1.53376687e-01  1.53895359e-01  1.46994938e-01  3.06201840e-01
  1.48846924e-01  1.54617969e-01  1.55019989e-01  1.48063132e-01
  2.31993813e-01  1.12859949e-01  1.17184719e-01  1.17530623e-01
  1.12146538e-01  0.00000000e+00  0.00000000e+00  0.00000000e+00
  0.00000000e+00  0.00000000e+00  0.00000000e+00  0.00000000e+00
  0.00000000e+00  0.00000000e+00  0.00000000e+00  0.00000000e+00
  0.00000000e+00]

Diff = 
[1.25544866e-04 2.18445269e-03 1.54018956e-03 3.24539193e-04
 5.81460984e-04 2.98692210e-04 2.80790905e-04 2.28329303e-03
 1.15771937e-03 6.21734779e-04 3.93789140e-03 8.10511662e-04
 1.37564995e-02 8.96845822e-03 5.97161526e-03 7.66644835e-03
 4.69316016e-03 3.43669130e-02 1.69441079e-02 1.86649530e-02
 3.39029086e-01 1.69632716e-01 1.87950968e-01 1.77716923e-01
 1.64642515e-01 2.87998406e-01 1.44678246e-01 1.45069122e-01
 1.45486917e-01 1.38337561e-01 3.08026779e-01 1.52302624e-01
 1.67688807e-01 4.33996175e-03 1.56776549e-02 1.44632954e-01
 9.76598821e-03 1.18153171e-01 2.24430898e-02 8.46980500e-03
 9.69897846e-02 1.62498234e-02 1.10127639e-01 8.40846950e-03
 5.28697188e-03 1.09216960e-01 1.06205472e-01 1.73015442e-01
 8.02624915e-02 7.84067224e-02 8.32143529e-02 7.76486840e-02
 1.89395287e-01 8.75166907e-02 8.62829516e-02 9.04311952e-02
 9.05280270e-02]

 Iteration 200:
############################
Gradient = 
[-2.86593453e-04  1.11735283e-03  1.59623776e-03 -5.18004574e-04
 -1.57290318e-03  9.49189820e-05  2.51143188e-05  1.49768248e-03
  1.01149304e-03 -6.52149504e-04 -3.36946974e-03 -4.04132665e-04
 -4.24454811e-03 -2.96567262e-03 -9.99682831e-04 -2.12446416e-03
 -7.22039461e-04 -3.11947949e-02 -1.38885989e-02 -1.63387354e-02
 -1.52066581e-02 -1.22508714e-02 -2.91100680e-02 -1.62939032e-02
 -1.08223242e-02 -1.62422703e-02 -1.32917141e-02 -1.31901417e-02
 -9.61532037e-03 -9.07170790e-03 -6.67229167e-03 -7.66568590e-03
  3.35568115e-01  1.67054719e-01  1.77028093e-01  1.75097023e-01
  1.68885380e-01  2.83318511e-01  1.39271275e-01  1.50389154e-01
  1.45347812e-01  1.36920743e-01  1.47631955e-01  7.12041438e-02
  5.80964413e-02  6.57549458e-02  6.31685977e-02  5.64925235e-02
  1.82998301e-02  1.11709819e-02  2.05512278e-02  1.68872231e-02
  9.94093268e-02  3.96447552e-02  3.62267927e-02  4.34238154e-02
  4.50466803e-02]

Gradient approximate =
[3.95081912e-04 2.31238901e-04 6.63825872e-04 2.81573109e-04
 1.57816717e-04 3.71057982e-04 5.64815550e-05 2.33223363e-04
 1.13332348e-04 4.05955172e-04 1.30208726e-03 5.88873317e-04
 1.06029367e-02 6.40910090e-03 5.45671032e-03 5.94621867e-03
 4.46559479e-03 8.33392866e-03 4.80888361e-03 4.26887536e-03
 3.40068750e-01 1.68111821e-01 1.74521216e-01 1.74753075e-01
 1.64454136e-01 2.82748340e-01 1.38467060e-01 1.34065491e-01
 1.40759324e-01 1.32187095e-01 3.08028209e-01 1.47253246e-01
 1.64606443e-01 1.64760206e-01 1.55104503e-01 3.18416507e-01
 1.55999885e-01 1.66395645e-01 1.66438662e-01 1.56641940e-01
 1.97852768e-01 9.70040896e-02 1.03415002e-01 1.03476251e-01
 9.72360601e-02 0.00000000e+00 0.00000000e+00 0.00000000e+00
 0.00000000e+00 0.00000000e+00 0.00000000e+00 0.00000000e+00
 0.00000000e+00 0.00000000e+00 0.00000000e+00 0.00000000e+00
 0.00000000e+00]

Diff = 
[6.81675365e-04 8.86113931e-04 9.32411887e-04 7.99577683e-04
 1.73071990e-03 2.76139000e-04 3.13672362e-05 1.26445911e-03
 8.98160687e-04 1.05810468e-03 4.67155700e-03 9.93005982e-04
 1.48474848e-02 9.37477352e-03 6.45639315e-03 8.07068282e-03
 5.18763425e-03 3.95287235e-02 1.86974825e-02 2.06076108e-02
 3.55275408e-01 1.80362692e-01 2.03631284e-01 1.91046978e-01
 1.75276461e-01 2.98990610e-01 1.51758774e-01 1.47255633e-01
 1.50374644e-01 1.41258802e-01 3.14700501e-01 1.54918932e-01
 1.70961672e-01 2.29451349e-03 2.19235902e-02 1.43319484e-01
 1.28854948e-02 1.16922866e-01 2.71673866e-02 6.25278617e-03
 5.25049555e-02 3.99166538e-02 4.42169525e-02 3.22721073e-02
 3.91396188e-02 6.57549458e-02 6.31685977e-02 5.64925235e-02
 1.82998301e-02 1.11709819e-02 2.05512278e-02 1.68872231e-02
 9.94093268e-02 3.96447552e-02 3.62267927e-02 4.34238154e-02
 4.50466803e-02]

 Iteration 300:
############################
Gradient = 
[-1.31661497e-04  2.19328937e-03  2.04908115e-03 -3.45309040e-04
 -4.93993162e-04  4.98848401e-04  3.65043695e-05  1.85373992e-03
  1.21685602e-03 -3.10297597e-05 -2.27437085e-04  8.24229490e-04
  9.18531441e-03  4.69265396e-03  5.81899498e-03  5.04459080e-03
  5.32007245e-03 -1.72018183e-03  3.68162663e-03 -8.04512874e-04
  1.20845787e-03  1.04471155e-03 -1.30361742e-02 -6.42835172e-03
 -2.30764997e-03 -7.02308011e-03 -5.82929485e-03  8.66128886e-04
 -1.13993155e-03 -1.61068535e-03  1.13036972e-03 -1.24348470e-03
  3.43766834e-01  1.70872579e-01  1.84926981e-01  1.83532696e-01
  1.74652362e-01  2.89808272e-01  1.42432430e-01  1.56429148e-01
  1.52065743e-01  1.41559805e-01  6.99288548e-02  3.32044541e-02
  6.56452987e-03  2.01358098e-02  1.90994913e-02 -3.77167267e-02
 -3.36333172e-02 -4.80698641e-02 -3.38745430e-02 -3.48207761e-02
  3.57767105e-02  3.70168109e-03 -3.96912734e-04  8.77431689e-03
  1.28031910e-02]

Gradient approximate =
[5.47187100e-04 4.72255588e-04 9.68110272e-04 4.74197313e-04
 5.80051984e-04 7.11946035e-04 7.04212000e-05 3.48653975e-04
 1.12053100e-04 5.79301800e-04 1.88451198e-03 8.46660830e-04
 1.40892622e-02 8.36794114e-03 7.26320303e-03 7.78605420e-03
 6.08675353e-03 1.26289188e-02 7.27744075e-03 6.48762019e-03
 3.50578593e-01 1.73661859e-01 1.84964005e-01 1.84682924e-01
 1.71670089e-01 2.91010779e-01 1.42776030e-01 1.35135397e-01
 1.44824002e-01 1.34191119e-01 3.12004675e-01 1.47455364e-01
 1.70577584e-01 1.71515543e-01 1.59600104e-01 3.26006674e-01
 1.59326489e-01 1.73079092e-01 1.73937317e-01 1.61785148e-01
 1.60509165e-01 7.85070667e-02 8.52320043e-02 8.56796624e-02
 7.94953356e-02 0.00000000e+00 0.00000000e+00 0.00000000e+00
 0.00000000e+00 0.00000000e+00 0.00000000e+00 0.00000000e+00
 0.00000000e+00 0.00000000e+00 0.00000000e+00 0.00000000e+00
 0.00000000e+00]

Diff = 
[6.78848597e-04 1.72103378e-03 1.08097088e-03 8.19506353e-04
 1.07404515e-03 2.13097635e-04 3.39168305e-05 1.50508595e-03
 1.10480292e-03 6.10331560e-04 2.11194906e-03 2.24313404e-05
 4.90394783e-03 3.67528717e-03 1.44420805e-03 2.74146340e-03
 7.66681074e-04 1.43491006e-02 3.59581412e-03 7.29213306e-03
 3.49370136e-01 1.72617147e-01 1.98000179e-01 1.91111276e-01
 1.73977739e-01 2.98033859e-01 1.48605324e-01 1.34269268e-01
 1.45963934e-01 1.35801804e-01 3.10874306e-01 1.48698848e-01
 1.73189251e-01 6.42964725e-04 2.53268766e-02 1.42473977e-01
 1.53258726e-02 1.16729180e-01 3.15048869e-02 5.35600076e-03
 8.44342286e-03 6.30527380e-02 1.53031495e-02 5.24752083e-02
 7.29308058e-02 2.01358098e-02 1.90994913e-02 3.77167267e-02
 3.36333172e-02 4.80698641e-02 3.38745430e-02 3.48207761e-02
 3.57767105e-02 3.70168109e-03 3.96912734e-04 8.77431689e-03
 1.28031910e-02]

 Iteration 400:
############################
Gradient = 
[ 7.80024768e-05  2.74855207e-03  2.16327250e-03 -1.53556851e-04
  3.78703453e-05  5.66104409e-04  8.02347133e-05  1.69736858e-03
  1.09648306e-03  7.81556992e-04  2.91115242e-03  1.95565748e-03
  2.42379133e-02  1.28847166e-02  1.32133258e-02  1.27426872e-02
  1.18401781e-02  3.73358499e-02  2.56956091e-02  1.90271892e-02
  2.18671470e-02  1.81782741e-02  7.39139653e-03  5.38026493e-03
  8.12383043e-03  4.05077570e-03  3.37669456e-03  2.01757449e-02
  9.81235966e-03  8.23670369e-03  1.13029607e-02  7.31722536e-03
  3.39384544e-01  1.65393266e-01  1.79154485e-01  1.81476928e-01
  1.70784264e-01  2.87837922e-01  1.38972462e-01  1.52076198e-01
  1.51095035e-01  1.39121207e-01  5.86113547e-03  1.75059880e-03
 -3.90437947e-02 -1.97489150e-02 -1.89042975e-02 -9.99138005e-02
 -6.90110166e-02 -8.98450864e-02 -7.19105234e-02 -7.04540595e-02
 -3.09168014e-03 -2.00270679e-02 -2.22285105e-02 -1.25377135e-02
 -5.90059113e-03]

Gradient approximate =
[ 5.26750881e-04 -1.97360246e-04  1.08853643e-03  4.55030735e-04
 -2.97821345e-05  8.17515335e-04  3.24516813e-05  5.26090282e-08
  8.65646221e-05  5.17632803e-04  1.35866440e-03  8.37800880e-04
  1.33291212e-02  7.85865253e-03  6.86704965e-03  7.32400549e-03
  5.71522808e-03  1.10260947e-02  6.35555930e-03  5.66719862e-03
  3.45329074e-01  1.67715217e-01  1.78327660e-01  1.82191028e-01
  1.67509240e-01  2.88642461e-01  1.38906192e-01  1.28288141e-01
  1.42623501e-01  1.30397917e-01  3.06297965e-01  1.40906542e-01
  1.65026229e-01  1.69430728e-01  1.55946244e-01  3.24582813e-01
  1.55764360e-01  1.68973830e-01  1.73432083e-01  1.59553127e-01
  1.21367991e-01  5.83038947e-02  6.32103401e-02  6.48873035e-02
  5.94359179e-02  0.00000000e+00  0.00000000e+00  0.00000000e+00
  0.00000000e+00  0.00000000e+00  0.00000000e+00  0.00000000e+00
  0.00000000e+00  0.00000000e+00  0.00000000e+00  0.00000000e+00
  0.00000000e+00]

Diff = 
[4.48748404e-04 2.94591232e-03 1.07473606e-03 6.08587587e-04
 6.76524799e-05 2.51410926e-04 4.77830320e-05 1.69731597e-03
 1.00991844e-03 2.63924189e-04 1.55248802e-03 1.11785660e-03
 1.09087921e-02 5.02606409e-03 6.34627612e-03 5.41868171e-03
 6.12494998e-03 2.63097553e-02 1.93400498e-02 1.33599905e-02
 3.23461927e-01 1.49536943e-01 1.70936264e-01 1.76810763e-01
 1.59385410e-01 2.84591686e-01 1.35529498e-01 1.08112396e-01
 1.32811142e-01 1.22161214e-01 2.94995005e-01 1.33589317e-01
 1.74358315e-01 4.03746189e-03 2.32082409e-02 1.43105885e-01
 1.50199041e-02 1.18864093e-01 3.44596215e-02 7.47692842e-03
 2.97270444e-02 8.08173123e-02 5.73492046e-02 6.31367047e-02
 9.84797125e-02 1.97489150e-02 1.89042975e-02 9.99138005e-02
 6.90110166e-02 8.98450864e-02 7.19105234e-02 7.04540595e-02
 3.09168014e-03 2.00270679e-02 2.22285105e-02 1.25377135e-02
 5.90059113e-03]

 Iteration 500:
############################
Gradient = 
[-6.67755239e-04 -1.25957854e-03  3.08566940e-04 -8.43315646e-04
 -3.61613959e-03 -1.16815887e-03 -7.66078581e-04 -2.69341758e-03
 -8.60791376e-04  7.85621931e-04  2.06593742e-03  1.44128766e-03
  3.63472856e-02  1.91217407e-02  1.89298042e-02  1.86561303e-02
  1.67271096e-02  7.30493767e-02  4.49126555e-02  3.66386299e-02
  4.00552493e-02  3.30106442e-02  2.57233742e-02  1.55041388e-02
  1.71980489e-02  1.36151612e-02  1.12363201e-02  3.75087636e-02
  1.91850564e-02  1.68197955e-02  2.00779124e-02  1.46110511e-02
  3.22383063e-01  1.51263008e-01  1.60063629e-01  1.69004220e-01
  1.57356657e-01  2.77589578e-01  1.29447383e-01  1.37521669e-01
  1.42537739e-01  1.29692296e-01 -3.83179121e-02 -1.92005102e-02
 -7.20402041e-02 -4.83495495e-02 -4.58083131e-02 -1.35289898e-01
 -8.94283284e-02 -1.13814040e-01 -9.40988442e-02 -9.08245244e-02
 -2.39594188e-02 -3.42174493e-02 -3.17673867e-02 -2.31427635e-02
 -1.39027683e-02]

Gradient approximate =
[ 4.94898382e-04 -1.34207856e-03  1.24906015e-03  3.77733029e-04
 -1.24944128e-03  9.05281703e-04  6.36534003e-05 -5.40641902e-04
  2.19175573e-04  3.47152640e-04  5.94843130e-05  7.42822062e-04
  8.65781679e-03  5.15545760e-03  4.48291583e-03  4.80790443e-03
  3.57216357e-03  3.79225368e-03  2.27006228e-03  1.96566522e-03
  3.24481439e-01  1.51114840e-01  1.55321897e-01  1.67566294e-01
  1.52213332e-01  2.76020621e-01  1.27582879e-01  1.12864697e-01
  1.33734466e-01  1.20447395e-01  2.90543021e-01  1.27853195e-01
  1.48335171e-01  1.58644166e-01  1.44306123e-01  3.14262965e-01
  1.45872807e-01  1.54252927e-01  1.64985515e-01  1.49980927e-01
  8.48114957e-02  3.94272566e-02  4.16704525e-02  4.45604548e-02
  4.01955762e-02  0.00000000e+00  0.00000000e+00  0.00000000e+00
  0.00000000e+00  0.00000000e+00  0.00000000e+00  0.00000000e+00
  0.00000000e+00  0.00000000e+00  0.00000000e+00  0.00000000e+00
  0.00000000e+00]

Diff = 
[1.16265362e-03 8.25000165e-05 9.40493209e-04 1.22104868e-03
 2.36669831e-03 2.07344057e-03 8.29731981e-04 2.15277568e-03
 1.07996695e-03 4.38469291e-04 2.00645311e-03 6.98465603e-04
 2.76894688e-02 1.39662831e-02 1.44468884e-02 1.38482259e-02
 1.31549461e-02 6.92571230e-02 4.26425932e-02 3.46729647e-02
 2.84426189e-01 1.18104195e-01 1.29598523e-01 1.52062155e-01
 1.35015283e-01 2.62405460e-01 1.16346559e-01 7.53559335e-02
 1.14549410e-01 1.03627599e-01 2.70465109e-01 1.13242144e-01
 1.74047892e-01 7.38115846e-03 1.57575063e-02 1.45258745e-01
 1.14838499e-02 1.23336651e-01 3.55381315e-02 1.24592580e-02
 5.77262436e-02 9.02650391e-02 7.99883646e-02 6.37609650e-02
 1.12235780e-01 4.83495495e-02 4.58083131e-02 1.35289898e-01
 8.94283284e-02 1.13814040e-01 9.40988442e-02 9.08245244e-02
 2.39594188e-02 3.42174493e-02 3.17673867e-02 2.31427635e-02
 1.39027683e-02]

 Iteration 600:
############################
Gradient = 
[-0.002747   -0.01083617 -0.00407979 -0.0027533  -0.01236642 -0.0052094
 -0.00285458 -0.01225811 -0.00518716 -0.00040657 -0.00387929 -0.00128438
  0.04437117  0.02320348  0.02275796  0.02260198  0.01977233  0.0989959
  0.05882694  0.04972625  0.05347051  0.0433853   0.03934545  0.022995
  0.02402822  0.0208027   0.01688394  0.04951534  0.02565377  0.0229091
  0.02622866  0.01949932  0.29639125  0.13166972  0.13257631  0.14948635
  0.13755876  0.26206396  0.11632982  0.11653447  0.12904941  0.11580384
 -0.06393    -0.03029198 -0.09206127 -0.06544077 -0.06148967 -0.15381946
 -0.09984003 -0.1250617  -0.10529683 -0.10057842 -0.03366199 -0.04215795
 -0.03319829 -0.02678859 -0.0149491 ]

Gradient approximate =
[ 7.89950949e-04 -1.67673590e-03  1.84875688e-03  5.71575178e-04
 -1.83853027e-03  1.37491632e-03  4.37714966e-04 -2.61094406e-04
  8.42349150e-04  3.70940982e-04 -8.72108503e-04  9.32565856e-04
  1.88826058e-03  1.31651269e-03  1.04186120e-03  1.21019714e-03
  5.63438620e-04 -6.55237747e-03 -3.58995736e-03 -3.39444877e-03
  2.92941898e-01  1.28120297e-01  1.22425093e-01  1.44991568e-01
  1.29688110e-01  2.56964698e-01  1.11972999e-01  9.19060438e-02
  1.20414442e-01  1.06531763e-01  2.68155854e-01  1.11018714e-01
  1.25006995e-01  1.42322795e-01  1.27753330e-01  2.97821125e-01
  1.32042527e-01  1.32631481e-01  1.51147986e-01  1.35489278e-01
  5.46353986e-02  2.42982285e-02  2.44050749e-02  2.77609636e-02
  2.45589489e-02  0.00000000e+00  0.00000000e+00  0.00000000e+00
  0.00000000e+00  0.00000000e+00  0.00000000e+00  0.00000000e+00
  0.00000000e+00  0.00000000e+00  0.00000000e+00  0.00000000e+00
  0.00000000e+00]

Diff = 
[0.00353695 0.00915943 0.00592854 0.00332488 0.01052789 0.00658432
 0.0032923  0.01199701 0.00602951 0.00077751 0.00300718 0.00221695
 0.04248291 0.02188697 0.0217161  0.02139179 0.01920889 0.10554827
 0.0624169  0.0531207  0.23947139 0.084735   0.08307964 0.12199657
 0.10565989 0.236162   0.09508906 0.0423907  0.09476067 0.08362266
 0.24192719 0.09151939 0.17138426 0.01065307 0.00482298 0.14833478
 0.00551624 0.12943248 0.03481816 0.01895481 0.07441401 0.09150561
 0.08833507 0.05805294 0.11662022 0.06544077 0.06148967 0.15381946
 0.09984003 0.1250617  0.10529683 0.10057842 0.03366199 0.04215795
 0.03319829 0.02678859 0.0149491 ]

 Iteration 700:
############################
Gradient = 
[-0.00565318 -0.02322701 -0.01007753 -0.00545197 -0.02385859 -0.01077056
 -0.00572448 -0.02447351 -0.01104387 -0.00250805 -0.01325971 -0.00570754
  0.04877255  0.02582316  0.02530499  0.02522393  0.02158503  0.11237467
  0.06707996  0.05792181  0.06176845  0.04924372  0.04778987  0.02821475
  0.02892092  0.02595535  0.02067022  0.05543587  0.02937199  0.02660924
  0.02988794  0.02219731  0.26596903  0.1098798   0.10225931  0.12674167
  0.11502772  0.24471461  0.10201832  0.09335615  0.1135111   0.10022743
 -0.07499641 -0.03393098 -0.10202365 -0.07327624 -0.06816936 -0.16282772
 -0.10415311 -0.12858766 -0.10970944 -0.10372433 -0.03709748 -0.04634733
 -0.0301389  -0.02651554 -0.01204676]

Gradient approximate =
[ 1.62673246e-03 -2.27372834e-04  3.09658490e-03  1.25010963e-03
 -8.62007556e-04  2.45499101e-03  1.31497046e-03  1.56032934e-03
  2.11691166e-03  7.97135458e-04 -5.53108714e-04  1.65031140e-03
 -5.19750631e-03 -2.83515506e-03 -2.72466645e-03 -2.71630161e-03
 -2.60245251e-03 -1.68625568e-02 -9.74856490e-03 -9.08835788e-03
  2.56636087e-01  1.03086003e-01  8.66833582e-02  1.18908686e-01
  1.04128874e-01  2.35577261e-01  9.50074889e-02  6.88514696e-02
  1.05147049e-01  9.10801317e-02  2.43331119e-01  9.32045959e-02
  1.00130045e-01  1.24033609e-01  1.09745653e-01  2.78483685e-01
  1.16576739e-01  1.08317783e-01  1.34692387e-01  1.18760413e-01
  3.25496720e-02  1.37717273e-02  1.28672993e-02  1.58074736e-02
  1.36628034e-02  0.00000000e+00  0.00000000e+00  0.00000000e+00
  0.00000000e+00  0.00000000e+00  0.00000000e+00  0.00000000e+00
  0.00000000e+00  0.00000000e+00  0.00000000e+00  0.00000000e+00
  0.00000000e+00]

Diff = 
[0.00727991 0.02299964 0.01317412 0.00670208 0.02299658 0.01322555
 0.00703945 0.02603384 0.01316078 0.00330519 0.0127066  0.00735785
 0.05397005 0.02865831 0.02802966 0.02794023 0.02418748 0.12923722
 0.07682853 0.06701016 0.19486764 0.05384228 0.03889348 0.09069393
 0.07520795 0.20962191 0.07433727 0.0134156  0.07577506 0.0644709
 0.21344318 0.07100729 0.16583898 0.01415381 0.00748634 0.15174202
 0.00154902 0.13639683 0.03267407 0.02540427 0.08096143 0.0864557
 0.08786371 0.04973845 0.11568645 0.07327624 0.06816936 0.16282772
 0.10415311 0.12858766 0.10970944 0.10372433 0.03709748 0.04634733
 0.0301389  0.02651554 0.01204676]

 Iteration 800:
############################
Gradient = 
[-0.00828949 -0.03335765 -0.01563404 -0.00797761 -0.0336288  -0.01605778
 -0.00834898 -0.0345656  -0.01651354 -0.00484891 -0.02296424 -0.01062511
  0.05033425  0.02744555  0.02699157  0.02694574  0.02269518  0.11264646
  0.06915215  0.0607046   0.06437793  0.05079247  0.05129314  0.03135907
  0.03205105  0.02923823  0.02301003  0.05568517  0.03047854  0.02802127
  0.03114877  0.02308138  0.23537382  0.08844105  0.07361076  0.10385297
  0.09277606  0.2282674   0.08813476  0.07131853  0.09802439  0.08504255
 -0.07513503 -0.03240082 -0.10545832 -0.0743166  -0.06837131 -0.1663814
 -0.10465418 -0.12804893 -0.10993392 -0.10284376 -0.03747862 -0.04842568
 -0.02514166 -0.02436987 -0.00723492]

Gradient approximate =
[ 0.00293297  0.00299107  0.00481936  0.00237182  0.00174791  0.00403023
  0.00260431  0.00479156  0.00386443  0.00162731  0.00119064  0.00288282
 -0.0114819  -0.00692214 -0.00648696 -0.0066315  -0.00564185 -0.02462332
 -0.0150293  -0.01404744  0.22092694  0.07928817  0.05348958  0.09271999
  0.0788308   0.21494178  0.07852839  0.04629481  0.08955665  0.07574927
  0.21950993  0.07634756  0.07760628  0.10651969  0.09293728  0.25896065
  0.10111581  0.08478461  0.11772253  0.1019319   0.01851312  0.00754117
  0.00657693  0.00859986  0.00728164  0.          0.          0.
  0.          0.          0.          0.          0.          0.
  0.          0.          0.        ]

Diff = 
[0.01122246 0.03634871 0.0204534  0.01034943 0.0353767  0.02008801
 0.0109533  0.03935716 0.02037797 0.00647623 0.02415488 0.01350793
 0.06181615 0.03436769 0.03347853 0.03357724 0.02833702 0.13726978
 0.08418145 0.07475204 0.15654901 0.0284957  0.00219644 0.06136091
 0.04677975 0.18570355 0.05551836 0.00939036 0.05907811 0.047728
 0.18836116 0.05326618 0.15776754 0.01807864 0.01932652 0.15510768
 0.00833974 0.14348279 0.02958777 0.03061337 0.07951127 0.07750138
 0.08171196 0.04100068 0.11273995 0.0743166  0.06837131 0.1663814
 0.10465418 0.12804893 0.10993392 0.10284376 0.03747862 0.04842568
 0.02514166 0.02436987 0.00723492]

 Iteration 900:
############################
Gradient = 
[-0.00965371 -0.03703368 -0.01875141 -0.00937725 -0.03760328 -0.01917896
 -0.00974116 -0.03835378 -0.01963085 -0.00667361 -0.02969714 -0.01459646
  0.0498012   0.02806118  0.02779615  0.02772739  0.023281    0.10240452
  0.06476596  0.05765099  0.0608492   0.04832713  0.0505483   0.03214114
  0.03311312  0.03031545  0.02398248  0.05151199  0.02888999  0.02699906
  0.02985255  0.02232235  0.2080515   0.06921835  0.04972814  0.08308356
  0.0730756   0.21437824  0.0756099   0.05262504  0.08390437  0.07160775
 -0.06754828 -0.0277746  -0.10583073 -0.07097182 -0.06463609 -0.16670083
 -0.10276527 -0.12618437 -0.10763844 -0.09972034 -0.03685149 -0.04945064
 -0.01991903 -0.02164136 -0.0018184 ]

Gradient approximate =
[ 0.00439312  0.00704152  0.00655961  0.00367913  0.00526401  0.00570668
  0.00400832  0.00855793  0.00564323  0.00269755  0.00394219  0.0043974
 -0.01647337 -0.01071051 -0.01004725 -0.01031876 -0.00848428 -0.02878143
 -0.01862902 -0.01752419  0.19004456  0.05891347  0.02630782  0.06895187
  0.05630086  0.19703542  0.06356068  0.0261134   0.07452459  0.06148439
  0.19887708  0.06145661  0.05960846  0.09145079  0.07890701  0.24121736
  0.08679911  0.06462609  0.10174882  0.08663106  0.01124931  0.0046198
  0.00396038  0.00516061  0.00435452  0.          0.          0.
  0.          0.          0.          0.          0.          0.
  0.          0.          0.        ]

Diff = 
[0.01404683 0.0440752  0.02531101 0.01305638 0.04286729 0.02488563
 0.01374948 0.04691171 0.02527408 0.00937116 0.03363933 0.01899386
 0.06627457 0.03877169 0.0378434  0.03804615 0.03176528 0.13118595
 0.08339498 0.07517519 0.12919536 0.01058634 0.02424048 0.03681074
 0.02318775 0.16671997 0.03957819 0.0253986  0.0456346  0.03448533
 0.16902454 0.03913426 0.14844304 0.02223244 0.02917887 0.1581338
 0.01372351 0.14975214 0.02613892 0.03400602 0.07265506 0.06698796
 0.07150867 0.03293521 0.11018524 0.07097182 0.06463609 0.16670083
 0.10276527 0.12618437 0.10763844 0.09972034 0.03685149 0.04945064
 0.01991903 0.02164136 0.0018184 ]

 