Iteration 0:
############################
Gradient = 
[-4.14245367e-04 -2.63300100e-03 -5.78717960e-04  1.19836584e-04
 -3.91020883e-04  2.27261992e-03  1.50602844e-04 -5.46303544e-04
 -1.30115168e-03  8.37301493e-05  1.99439160e-04  2.05620771e-03
  2.55618075e-05  3.29545993e-03  1.03820421e-03 -2.89619773e-04
  1.76156515e-03  6.09127723e-04 -1.56366901e-02 -4.32553511e-03
 -8.07914169e-03 -8.79636441e-03 -8.83060539e-03 -9.82882662e-03
 -7.01813108e-03  2.91509111e-03 -1.81308443e-03  4.39097740e-03
 -3.14028691e-04  1.59198330e-03  3.29679474e-03  1.19095141e-03
  2.68816941e-01  1.31829555e-01  1.30969778e-01  2.81874995e-01
  1.39538089e-01  1.42855421e-01  2.73868130e-01  1.33193646e-01
  1.33247414e-01  3.08811762e-01  1.51400835e-01  1.53953950e-01
  3.11115091e-01  1.57356086e-01  1.57562424e-01]

Gradient approximate =
[-2.38681319e-05 -2.69937610e-04 -2.93713431e-05  1.42310361e-04
  8.20379407e-04  2.51484038e-04 -1.95037451e-04 -1.03753252e-03
 -3.45690030e-04 -3.71157949e-05 -1.79350688e-04 -5.46554912e-05
  9.84716619e-05  5.72228531e-04  3.23862964e-01  1.61901098e-01
  1.61796998e-01  3.11199362e-01  1.62816066e-01  1.58046093e-01
  2.91428175e-01  1.46803935e-01  1.46713470e-01  3.13876850e-01
  1.59086104e-01  1.61472121e-01  2.83444752e-01  1.43489053e-01
  1.42401251e-01  4.18336087e-03  5.30408494e-03  5.09758220e-03
  0.00000000e+00  0.00000000e+00  0.00000000e+00  0.00000000e+00
  0.00000000e+00  0.00000000e+00  0.00000000e+00  0.00000000e+00
  0.00000000e+00  0.00000000e+00  0.00000000e+00  0.00000000e+00
  0.00000000e+00  0.00000000e+00  0.00000000e+00]

Diff = 
[3.90377235e-04 2.36306339e-03 5.49346617e-04 2.24737771e-05
 1.21140029e-03 2.02113588e-03 3.45640294e-04 4.91228974e-04
 9.55461654e-04 1.20845944e-04 3.78789848e-04 2.11086320e-03
 7.29098545e-05 2.72323140e-03 3.22824760e-01 1.62190718e-01
 1.60035433e-01 3.10590234e-01 1.78452756e-01 1.62371628e-01
 2.99507316e-01 1.55600299e-01 1.55544075e-01 3.23705676e-01
 1.66104235e-01 1.58557030e-01 2.85257837e-01 1.39098075e-01
 1.42715280e-01 2.59137757e-03 2.00729020e-03 3.90663080e-03
 2.68816941e-01 1.31829555e-01 1.30969778e-01 2.81874995e-01
 1.39538089e-01 1.42855421e-01 2.73868130e-01 1.33193646e-01
 1.33247414e-01 3.08811762e-01 1.51400835e-01 1.53953950e-01
 3.11115091e-01 1.57356086e-01 1.57562424e-01]

 Iteration 100:
############################
Gradient = 
[-2.92095941e-05 -1.34430650e-03 -1.95925288e-04  9.98233062e-05
 -1.38703435e-05  2.24620373e-03 -1.58988308e-04 -2.21950734e-03
 -1.68348527e-03 -3.93094338e-05 -3.65153198e-04  1.83511245e-03
  6.34881432e-05  3.62040351e-03  1.09328014e-03  7.93322497e-05
  3.29798987e-03  1.01097788e-03  6.04075532e-03  5.56812589e-03
  2.40933303e-03  9.92951491e-04  2.40527781e-03  3.92554214e-03
  6.17632925e-03  6.32608320e-03 -4.02318592e-04  5.79399566e-03
  9.35269187e-04  3.27655662e-03  5.80791577e-03  3.65170423e-03
  3.22812574e-01  1.61086747e-01  1.62028498e-01  3.09132253e-01
  1.50738818e-01  1.54824589e-01  2.86550568e-01  1.39802042e-01
  1.39951503e-01  3.06047860e-01  1.53681572e-01  1.49966838e-01
  2.78890094e-01  1.40420395e-01  1.35300191e-01]

Gradient approximate =
[-2.92096436e-05 -2.86122412e-04 -4.23707869e-05  9.98233185e-05
  6.20242542e-04  1.92386596e-04 -1.58988271e-04 -9.04648223e-04
 -3.07449095e-04 -3.93094468e-05 -2.07854853e-04 -6.48881571e-05
  6.34881325e-05  4.06643592e-04  3.22937567e-01  1.59798142e-01
  1.59554425e-01  3.09291242e-01  1.58772408e-01  1.54869060e-01
  2.89541901e-01  1.44150310e-01  1.43961046e-01  3.10002048e-01
  1.55156381e-01  1.56945878e-01  2.81752723e-01  1.40859711e-01
  1.39867275e-01  3.34793499e-03  4.26573017e-03  4.09530370e-03
  0.00000000e+00  0.00000000e+00  0.00000000e+00  0.00000000e+00
  0.00000000e+00  0.00000000e+00  0.00000000e+00  0.00000000e+00
  0.00000000e+00  0.00000000e+00  0.00000000e+00  0.00000000e+00
  0.00000000e+00  0.00000000e+00  0.00000000e+00]

Diff = 
[4.94657346e-11 1.05818409e-03 1.53554502e-04 1.23282468e-11
 6.34112885e-04 2.05381713e-03 3.60760136e-11 1.31485912e-03
 1.37603617e-03 1.30399331e-11 1.57298345e-04 1.90000060e-03
 1.06424222e-11 3.21375992e-03 3.21844287e-01 1.59718809e-01
 1.56256435e-01 3.08280264e-01 1.52731652e-01 1.49300935e-01
 2.87132568e-01 1.43157358e-01 1.41555768e-01 3.06076506e-01
 1.48980052e-01 1.50619795e-01 2.82155042e-01 1.35065716e-01
 1.38932005e-01 7.13783687e-05 1.54218560e-03 4.43599471e-04
 3.22812574e-01 1.61086747e-01 1.62028498e-01 3.09132253e-01
 1.50738818e-01 1.54824589e-01 2.86550568e-01 1.39802042e-01
 1.39951503e-01 3.06047860e-01 1.53681572e-01 1.49966838e-01
 2.78890094e-01 1.40420395e-01 1.35300191e-01]

 Iteration 200:
############################
Gradient = 
[-2.96760993e-05 -1.29572885e-03 -1.94983999e-04  7.04298553e-05
 -1.55251371e-04  2.13017796e-03 -1.27242338e-04 -2.02713289e-03
 -1.59326265e-03 -3.68650326e-05 -3.58421260e-04  1.77158897e-03
  4.07233511e-05  3.38878186e-03  1.02250316e-03  5.20172649e-05
  3.07057396e-03  9.37835108e-04  4.74132605e-03  4.78611428e-03
  1.69743027e-03  3.82180666e-04  1.65616940e-03  2.98691878e-03
  5.18998131e-03  5.02883213e-03 -9.78367375e-04  4.97375360e-03
  3.36607400e-04  2.50085057e-03  4.78944320e-03  2.73325265e-03
  3.22030798e-01  1.59389002e-01  1.60261759e-01  3.07580501e-01
  1.48571077e-01  1.52713707e-01  2.85783657e-01  1.38282381e-01
  1.38439513e-01  3.03750848e-01  1.51138833e-01  1.47473542e-01
  2.78303559e-01  1.38853235e-01  1.33936411e-01]

Gradient approximate =
[-2.96761460e-05 -2.81890655e-04 -4.80055440e-05  7.04298064e-05
  4.75901332e-04  1.49759412e-04 -1.27242337e-04 -7.83499750e-04
 -2.72201781e-04 -3.68650421e-05 -2.13311941e-04 -6.79070244e-05
  4.07233602e-05  2.92521545e-04  3.22120481e-01  1.58075258e-01
  1.57773751e-01  3.07699010e-01  1.55485527e-01  1.52322965e-01
  2.88131627e-01  1.42065374e-01  1.41835473e-01  3.06881925e-01
  1.52007819e-01  1.53345273e-01  2.80566650e-01  1.38832972e-01
  1.37946909e-01  2.66880757e-03  3.42462113e-03  3.28354763e-03
  0.00000000e+00  0.00000000e+00  0.00000000e+00  0.00000000e+00
  0.00000000e+00  0.00000000e+00  0.00000000e+00  0.00000000e+00
  0.00000000e+00  0.00000000e+00  0.00000000e+00  0.00000000e+00
  0.00000000e+00  0.00000000e+00  0.00000000e+00]

Diff = 
[4.66688079e-11 1.01383819e-03 1.46978455e-04 4.88874371e-11
 6.31152702e-04 1.98041855e-03 1.17955813e-12 1.24363314e-03
 1.32106087e-03 9.57816138e-12 1.45109319e-04 1.83949600e-03
 9.13421851e-12 3.09626032e-03 3.21097978e-01 1.58023241e-01
 1.54703178e-01 3.06761175e-01 1.50744201e-01 1.47536851e-01
 2.86434197e-01 1.41683193e-01 1.40179304e-01 3.03895006e-01
 1.46817838e-01 1.48316441e-01 2.81545018e-01 1.33859218e-01
 1.37610301e-01 1.67957003e-04 1.36482207e-03 5.50294986e-04
 3.22030798e-01 1.59389002e-01 1.60261759e-01 3.07580501e-01
 1.48571077e-01 1.52713707e-01 2.85783657e-01 1.38282381e-01
 1.38439513e-01 3.03750848e-01 1.51138833e-01 1.47473542e-01
 2.78303559e-01 1.38853235e-01 1.33936411e-01]

 Iteration 300:
############################
Gradient = 
[-2.73670325e-05 -1.23669912e-03 -1.89405584e-04  5.01091444e-05
 -2.53016236e-04  2.02952701e-03 -1.00421015e-04 -1.85570065e-03
 -1.50985394e-03 -3.22912991e-05 -3.39426919e-04  1.71425449e-03
  2.61346281e-05  3.19993755e-03  9.64789771e-04  3.40744683e-05
  2.88890350e-03  8.79135331e-04  3.70726754e-03  4.15115771e-03
  1.13911854e-03 -9.24539984e-05  1.06836857e-03  2.24692650e-03
  4.39828629e-03  3.98415768e-03 -1.42101043e-03  4.30439522e-03
 -1.33514520e-04  1.88054652e-03  3.96677045e-03  2.00182884e-03
  3.21324849e-01  1.58022550e-01  1.58835094e-01  3.06293310e-01
  1.46851433e-01  1.51035932e-01  2.85309152e-01  1.37175703e-01
  1.37344374e-01  3.01940413e-01  1.49146928e-01  1.45540751e-01
  2.78013181e-01  1.37701849e-01  1.32981608e-01]

Gradient approximate =
[-2.73670731e-05 -2.65379700e-04 -4.88870033e-05  5.01091746e-05
  3.71202473e-04  1.18882841e-04 -1.00421036e-04 -6.77187064e-04
 -2.40854043e-04 -3.22913074e-05 -2.06052644e-04 -6.67581612e-05
  2.61346322e-05  2.14159803e-04  3.21390142e-01  1.56692290e-01
  1.56365250e-01  3.06383582e-01  1.52873099e-01  1.50309627e-01
  2.87146119e-01  1.40493269e-01  1.40243362e-01  3.04418949e-01
  1.49545280e-01  1.50518584e-01  2.79793116e-01  1.37323053e-01
  1.36528318e-01  2.12173645e-03  2.74851913e-03  2.63123278e-03
  0.00000000e+00  0.00000000e+00  0.00000000e+00  0.00000000e+00
  0.00000000e+00  0.00000000e+00  0.00000000e+00  0.00000000e+00
  0.00000000e+00  0.00000000e+00  0.00000000e+00  0.00000000e+00
  0.00000000e+00  0.00000000e+00  0.00000000e+00]

Diff = 
[4.05993929e-11 9.71319422e-04 1.40518581e-04 3.01474431e-11
 6.24218710e-04 1.91064417e-03 2.09045912e-11 1.17851358e-03
 1.26899990e-03 8.26951951e-12 1.33374275e-04 1.78101265e-03
 4.12780826e-12 2.98577775e-03 3.20425352e-01 1.56658215e-01
 1.53476346e-01 3.05504446e-01 1.49165831e-01 1.46158469e-01
 2.86007001e-01 1.40585723e-01 1.39174993e-01 3.02172022e-01
 1.45146994e-01 1.46534426e-01 2.81214126e-01 1.33018658e-01
 1.36661833e-01 2.41189932e-04 1.21825132e-03 6.29403946e-04
 3.21324849e-01 1.58022550e-01 1.58835094e-01 3.06293310e-01
 1.46851433e-01 1.51035932e-01 2.85309152e-01 1.37175703e-01
 1.37344374e-01 3.01940413e-01 1.49146928e-01 1.45540751e-01
 2.78013181e-01 1.37701849e-01 1.32981608e-01]

 Iteration 400:
############################
Gradient = 
[-2.38031550e-05 -1.17371521e-03 -1.81348208e-04  3.58602054e-05
 -3.20677199e-04  1.94016886e-03 -7.81692396e-05 -1.70414912e-03
 -1.43302428e-03 -2.70291823e-05 -3.14903663e-04  1.66095794e-03
  1.67614344e-05  3.04075117e-03  9.16189098e-04  2.22479276e-05
  2.73884317e-03  8.30554484e-04  2.88186492e-03  3.63272430e-03
  7.01084614e-04 -4.59505243e-04  6.07301182e-04  1.66225436e-03
  3.75926494e-03  3.13906402e-03 -1.75851353e-03  3.75445614e-03
 -5.01523331e-04  1.38320443e-03  3.29864923e-03  1.41760807e-03
  3.20678773e-01  1.56917413e-01  1.57679303e-01  3.05213521e-01
  1.45483199e-01  1.49700132e-01  2.85060745e-01  1.36390964e-01
  1.36576318e-01  3.00512631e-01  1.47585596e-01  1.44048552e-01
  2.77952550e-01  1.36875961e-01  1.32348114e-01]

Gradient approximate =
[-2.38031683e-05 -2.42854450e-04 -4.70564188e-05  3.58602237e-05
  2.93857401e-04  9.61182556e-05 -7.81692333e-05 -5.85336932e-04
 -2.13396736e-04 -2.70291789e-05 -1.92521226e-04 -6.34237152e-05
  1.67614123e-05  1.59640907e-04  3.20727013e-01  1.55576259e-01
  1.55248153e-01  3.05283882e-01  1.50789640e-01  1.48716193e-01
  2.86490330e-01  1.39322546e-01  1.39069997e-01  3.02471800e-01
  1.47618130e-01  1.48300455e-01  2.79341429e-01  1.36217248e-01
  1.35505120e-01  1.67893324e-03  2.20202955e-03  2.10411832e-03
  0.00000000e+00  0.00000000e+00  0.00000000e+00  0.00000000e+00
  0.00000000e+00  0.00000000e+00  0.00000000e+00  0.00000000e+00
  0.00000000e+00  0.00000000e+00  0.00000000e+00  0.00000000e+00
  0.00000000e+00  0.00000000e+00  0.00000000e+00]

Diff = 
[1.33276322e-11 9.30860759e-04 1.34291790e-04 1.82955916e-11
 6.14534600e-04 1.84405061e-03 6.32958806e-12 1.11881219e-03
 1.21962754e-03 3.36346092e-12 1.22382438e-04 1.72438165e-03
 2.21583846e-11 2.88111026e-03 3.19810824e-01 1.55554011e-01
 1.52509310e-01 3.04453328e-01 1.47907776e-01 1.45083468e-01
 2.85789246e-01 1.39782051e-01 1.38462695e-01 3.00809545e-01
 1.43858865e-01 1.45161391e-01 2.81099943e-01 1.32462792e-01
 1.36006644e-01 2.95728808e-04 1.09661968e-03 6.86510241e-04
 3.20678773e-01 1.56917413e-01 1.57679303e-01 3.05213521e-01
 1.45483199e-01 1.49700132e-01 2.85060745e-01 1.36390964e-01
 1.36576318e-01 3.00512631e-01 1.47585596e-01 1.44048552e-01
 2.77952550e-01 1.36875961e-01 1.32348114e-01]

 Iteration 500:
############################
Gradient = 
[-1.98491009e-05 -1.11054334e-03 -1.72122849e-04  2.57285253e-05
 -3.67247427e-04  1.85935299e-03 -5.99566855e-05 -1.57062269e-03
 -1.36228634e-03 -2.18464091e-05 -2.88683023e-04  1.61042229e-03
  1.07260674e-05  2.90260944e-03  8.74093009e-04  1.44361133e-05
  2.61103944e-03  7.89204355e-04  2.22152763e-03  3.20720832e-03
  3.57828788e-04 -7.41200729e-04  2.46346210e-04  1.19978881e-03
  3.24081993e-03  2.45292191e-03 -2.01264181e-03  3.29987756e-03
 -7.87953187e-04  9.83881086e-04  2.75354679e-03  9.50179725e-04
  3.20081028e-01  1.56019510e-01  1.56740656e-01  3.04297977e-01
  1.44392275e-01  1.48636249e-01  2.84987321e-01  1.35858118e-01
  1.36066066e-01  2.99387579e-01  1.46363058e-01  1.42905070e-01
  2.78070269e-01  1.36306016e-01  1.31968172e-01]

Gradient approximate =
[-1.98491201e-05 -2.18016674e-04 -4.37653513e-05  2.57285460e-05
  2.35703315e-04  7.90456389e-05 -5.99566796e-05 -5.06731390e-04
 -1.89555762e-04 -2.18464224e-05 -1.76433466e-04 -5.90682658e-05
  1.07260156e-05  1.21193762e-04  3.20117201e-01  1.54671152e-01
  1.54361167e-01  3.04354156e-01  1.49123707e-01  1.47456002e-01
  2.86091240e-01  1.38467382e-01  1.38227060e-01  3.00932078e-01
  1.46111626e-01  1.46564375e-01  2.79141581e-01  1.35429124e-01
  1.34795167e-01  1.31914866e-03  1.75825901e-03  1.67620584e-03
  0.00000000e+00  0.00000000e+00  0.00000000e+00  0.00000000e+00
  0.00000000e+00  0.00000000e+00  0.00000000e+00  0.00000000e+00
  0.00000000e+00  0.00000000e+00  0.00000000e+00  0.00000000e+00
  0.00000000e+00  0.00000000e+00  0.00000000e+00]

Diff = 
[1.91882612e-11 8.92526670e-04 1.28357498e-04 2.06638686e-11
 6.02950742e-04 1.78030736e-03 5.84855415e-12 1.06389130e-03
 1.17273057e-03 1.33863882e-11 1.12249557e-04 1.66949056e-03
 5.17892506e-11 2.78141568e-03 3.19243108e-01 1.54656716e-01
 1.51750128e-01 3.03564951e-01 1.46902180e-01 1.44248793e-01
 2.85733411e-01 1.39208583e-01 1.37980714e-01 2.99732290e-01
 1.42870806e-01 1.44111453e-01 2.81154223e-01 1.32129246e-01
 1.35583120e-01 3.35267578e-04 9.95287782e-04 7.26026116e-04
 3.20081028e-01 1.56019510e-01 1.56740656e-01 3.04297977e-01
 1.44392275e-01 1.48636249e-01 2.84987321e-01 1.35858118e-01
 1.36066066e-01 2.99387579e-01 1.46363058e-01 1.42905070e-01
 2.78070269e-01 1.36306016e-01 1.31968172e-01]

 Iteration 600:
############################
Gradient = 
[-1.59777385e-05 -1.04929340e-03 -1.62517726e-04  1.84255275e-05
 -3.98831782e-04  1.78519114e-03 -4.52090333e-05 -1.45301062e-03
 -1.29706118e-03 -1.71208243e-05 -2.62870702e-04  1.56189571e-03
  6.83108483e-06  2.77978676e-03  8.36756384e-04  9.27157741e-06
  2.49922843e-03  7.53129343e-04  1.69242973e-03  2.85617552e-03
  8.96182767e-05 -9.54989400e-04 -3.51950930e-05  8.33954083e-04
  2.81815124e-03  1.89422578e-03 -2.20035079e-03  2.92202226e-03
 -1.00892528e-03  6.63169345e-04  2.30706075e-03  5.76033463e-04
  3.19523110e-01  1.55286670e-01  1.55976985e-01  3.03513674e-01
  1.43521270e-01  1.47789785e-01  2.85049111e-01  1.35522729e-01
  1.35759553e-01  2.98503187e-01  1.45408475e-01  1.42039055e-01
  2.78326154e-01  1.35937843e-01  1.31788800e-01]

Gradient approximate =
[-1.59777302e-05 -1.93008656e-04 -3.97768973e-05  1.84255278e-05
  1.91235319e-04  6.60299460e-05 -4.52090654e-05 -4.39829859e-04
 -1.68947012e-04 -1.71208314e-05 -1.59876674e-04 -5.43646084e-05
  6.83106016e-06  9.36975475e-05  3.19550648e-01  1.53933540e-01
  1.53657133e-01  3.03559649e-01  1.47789037e-01  1.46461720e-01
  2.85892186e-01  1.37861019e-01  1.37645791e-01  2.99715797e-01
  1.44937361e-01  1.45212377e-01  2.79138935e-01  1.34891627e-01
  1.34334271e-01  1.02592929e-03  1.39651093e-03  1.32749713e-03
  0.00000000e+00  0.00000000e+00  0.00000000e+00  0.00000000e+00
  0.00000000e+00  0.00000000e+00  0.00000000e+00  0.00000000e+00
  0.00000000e+00  0.00000000e+00  0.00000000e+00  0.00000000e+00
  0.00000000e+00  0.00000000e+00  0.00000000e+00]

Diff = 
[8.29455086e-12 8.56284749e-04 1.22740829e-04 3.12534659e-13
 5.90067101e-04 1.71916120e-03 3.21191799e-11 1.01318076e-03
 1.12811417e-03 7.11302670e-12 1.02994028e-04 1.61626032e-03
 2.46635505e-11 2.68608921e-03 3.18713891e-01 1.53924269e-01
 1.51157904e-01 3.02806519e-01 1.46096608e-01 1.43605545e-01
 2.85802568e-01 1.38816008e-01 1.37680986e-01 2.98881843e-01
 1.42119210e-01 1.43318152e-01 2.81339286e-01 1.31969605e-01
 1.35343196e-01 3.62759943e-04 9.10549825e-04 7.51463669e-04
 3.19523110e-01 1.55286670e-01 1.55976985e-01 3.03513674e-01
 1.43521270e-01 1.47789785e-01 2.85049111e-01 1.35522729e-01
 1.35759553e-01 2.98503187e-01 1.45408475e-01 1.42039055e-01
 2.78326154e-01 1.35937843e-01 1.31788800e-01]

 Iteration 700:
############################
Gradient = 
[-1.24292706e-05 -9.91071851e-04 -1.52996888e-04  1.30917860e-05
 -4.19626526e-04  1.71636248e-03 -3.33743477e-05 -1.34922658e-03
 -1.23676293e-03 -1.30078417e-05 -2.38550596e-04  1.51494201e-03
  4.30989172e-06  2.66842923e-03  8.02995772e-04  5.85846756e-06
  2.39916739e-03  7.20987879e-04  1.26810273e-03  2.56510880e-03
 -1.18956992e-04 -1.11466450e-03 -2.53548882e-04  5.44825862e-04
  2.47192632e-03  1.43829773e-03 -2.33497974e-03  2.60629094e-03
 -1.17720786e-03  4.05816173e-04  1.94010607e-03  2.76799534e-04
  3.18998656e-01  1.54685772e-01  1.55354903e-01  3.02835088e-01
  1.42825352e-01  1.47117924e-01  2.85214950e-01  1.35342144e-01
  1.35614197e-01  2.97810848e-01  1.44666662e-01  1.41394691e-01
  2.78688523e-01  1.35728880e-01  1.31768163e-01]

Gradient approximate =
[-1.24293065e-05 -1.69021910e-04 -3.55508489e-05  1.30917632e-05
  1.56685938e-04  5.59504643e-05 -3.33743322e-05 -3.83044803e-04
 -1.51159800e-04 -1.30078770e-05 -1.43968686e-04 -4.96894481e-05
  4.30990577e-06  7.37440731e-05  3.19019943e-01  1.53329480e-01
  1.53099343e-01  3.02873651e-01  1.46718275e-01  1.45680513e-01
  2.85848845e-01  1.37451091e-01  1.37272151e-01  2.98757321e-01
  1.44026577e-01  1.44167820e-01  2.79290469e-01  1.34552241e-01
  1.34071784e-01  7.86396483e-04  1.10067973e-03  1.04243522e-03
  0.00000000e+00  0.00000000e+00  0.00000000e+00  0.00000000e+00
  0.00000000e+00  0.00000000e+00  0.00000000e+00  0.00000000e+00
  0.00000000e+00  0.00000000e+00  0.00000000e+00  0.00000000e+00
  0.00000000e+00  0.00000000e+00  0.00000000e+00]

Diff = 
[3.58347393e-11 8.22049941e-04 1.17446039e-04 2.27572744e-11
 5.76312464e-04 1.66041201e-03 1.55509485e-11 9.66181773e-04
 1.08560313e-03 3.53106560e-11 9.45819100e-05 1.56463146e-03
 1.40481129e-11 2.59468516e-03 3.18216947e-01 1.53323621e-01
 1.50700176e-01 3.02152663e-01 1.45450172e-01 1.43115404e-01
 2.85967802e-01 1.38565756e-01 1.37525699e-01 2.98212495e-01
 1.41554651e-01 1.42729522e-01 2.81625449e-01 1.31945950e-01
 1.35248992e-01 3.80580311e-04 8.39426340e-04 7.65635688e-04
 3.18998656e-01 1.54685772e-01 1.55354903e-01 3.02835088e-01
 1.42825352e-01 1.47117924e-01 2.85214950e-01 1.35342144e-01
 1.35614197e-01 2.97810848e-01 1.44666662e-01 1.41394691e-01
 2.78688523e-01 1.35728880e-01 1.31768163e-01]

 Iteration 800:
############################
Gradient = 
[-9.30757570e-06 -9.36381666e-04 -1.43823141e-04  9.14759775e-06
 -4.32557555e-04  1.65192523e-03 -2.39536506e-05 -1.25734354e-03
 -1.18084081e-03 -9.53963010e-06 -2.16208825e-04  1.46931370e-03
  2.67053977e-06  2.56590909e-03  7.71997543e-04  3.60658634e-06
  2.30795070e-03  6.91847818e-04  9.27687187e-04  2.32249599e-03
 -2.80022487e-04 -1.23119161e-03 -4.21521329e-04  3.16770687e-04
  2.18696215e-03  1.06563755e-03 -2.42710960e-03  2.34113812e-03
 -1.30298838e-03  1.99730396e-04  1.63762039e-03  3.79940445e-05
  3.18502826e-01  1.54190654e-01  1.54847781e-01  3.02242292e-01
  1.42269247e-01  1.46586752e-01  2.85460275e-01  1.35282729e-01
  1.35596209e-01  2.97272232e-01  1.44094294e-01  1.40927882e-01
  2.79132232e-01  1.35645443e-01  1.31872967e-01]

Gradient approximate =
[-9.30752142e-06 -1.46670613e-04 -3.13576520e-05  9.14756271e-06
  1.29439919e-04  4.80278639e-05 -2.39536280e-05 -3.34880959e-04
 -1.35799529e-04 -9.53967128e-06 -1.29255062e-04 -4.52420479e-05
  2.67052824e-06  5.90440341e-05  3.18519539e-01  1.52832266e-01
  1.52658950e-01  3.02275418e-01  1.45858445e-01  1.45070580e-01
  2.85926319e-01  1.37196253e-01  1.37063343e-01  2.98004993e-01
  1.43325374e-01  1.43370216e-01  2.79562057e-01  1.34369506e-01
  1.33967408e-01  5.90376714e-04  8.58111782e-04  8.08800078e-04
  0.00000000e+00  0.00000000e+00  0.00000000e+00  0.00000000e+00
  0.00000000e+00  0.00000000e+00  0.00000000e+00  0.00000000e+00
  0.00000000e+00  0.00000000e+00  0.00000000e+00  0.00000000e+00
  0.00000000e+00  0.00000000e+00  0.00000000e+00]

Diff = 
[5.42772318e-11 7.89711053e-04 1.12465489e-04 3.50442212e-11
 5.61997474e-04 1.60389737e-03 2.26328099e-11 9.22462586e-04
 1.04504128e-03 4.11755237e-11 8.69537624e-05 1.51455575e-03
 1.15244795e-11 2.50686506e-03 3.17747541e-01 1.52828660e-01
 1.50350999e-01 3.01583570e-01 1.44930758e-01 1.42748084e-01
 2.86206341e-01 1.38427444e-01 1.37484864e-01 2.97688222e-01
 1.41138412e-01 1.42304578e-01 2.81989167e-01 1.32028368e-01
 1.35270397e-01 3.90646319e-04 7.79508610e-04 7.70806034e-04
 3.18502826e-01 1.54190654e-01 1.54847781e-01 3.02242292e-01
 1.42269247e-01 1.46586752e-01 2.85460275e-01 1.35282729e-01
 1.35596209e-01 2.97272232e-01 1.44094294e-01 1.40927882e-01
 2.79132232e-01 1.35645443e-01 1.31872967e-01]

 Iteration 900:
############################
Gradient = 
[-6.63866203e-06 -8.85368634e-04 -1.35134800e-04  6.19750165e-06
 -4.39693771e-04  1.59119458e-03 -1.65119672e-05 -1.17564893e-03
 -1.12879757e-03 -6.68366564e-06 -1.95989704e-04  1.42487478e-03
  1.59700354e-06  2.47040963e-03  7.43194230e-04  2.12534353e-06
  2.22356659e-03  6.65053238e-04  6.54645234e-04  2.11915541e-03
 -4.03178168e-04 -1.31332804e-03 -5.49275174e-04  1.37448946e-04
  1.95126052e-03  7.60719293e-04 -2.48519060e-03  2.11735946e-03
 -1.39444509e-03  3.52579237e-05  1.38762364e-03 -1.51891308e-04
  3.18031888e-01  1.53780552e-01  1.54434252e-01  3.01719603e-01
  1.41825049e-01  1.46169221e-01  2.85765647e-01  1.35317825e-01
  1.35678617e-01  2.96856938e-01  1.43657147e-01  1.40603541e-01
  2.79637224e-01  1.35660723e-01  1.32076541e-01]

Gradient approximate =
[-6.63862298e-06 -1.26222233e-04 -2.73497980e-05  6.19747365e-06
  1.07655873e-04  4.17127222e-05 -1.65119673e-05 -2.93995901e-04
 -1.22507271e-04 -6.68367139e-06 -1.15949494e-04 -4.11163903e-05
  1.59700475e-06  4.80451945e-05  3.18045220e-01  1.52420778e-01
  1.52313096e-01  3.01748700e-01  1.45167631e-01  1.44598628e-01
  2.86096998e-01  1.37063683e-01  1.36985261e-01  2.97417907e-01
  1.42791225e-01  1.42771480e-01  2.79926471e-01  1.34310488e-01
  1.33988866e-01  4.29769929e-04  6.58784016e-04  6.16912628e-04
  0.00000000e+00  0.00000000e+00  0.00000000e+00  0.00000000e+00
  0.00000000e+00  0.00000000e+00  0.00000000e+00  0.00000000e+00
  0.00000000e+00  0.00000000e+00  0.00000000e+00  0.00000000e+00
  0.00000000e+00  0.00000000e+00  0.00000000e+00]

Diff = 
[3.90467307e-11 7.59146401e-04 1.07785002e-04 2.80013839e-11
 5.47349645e-04 1.54948186e-03 1.85135056e-13 8.81653032e-04
 1.00629030e-03 5.75683410e-12 8.00402098e-05 1.46599117e-03
 1.21265325e-12 2.42236443e-03 3.17302026e-01 1.52418653e-01
 1.50089529e-01 3.01083647e-01 1.44512986e-01 1.42479473e-01
 2.86500176e-01 1.38377011e-01 1.37534537e-01 2.97280458e-01
 1.40839964e-01 1.42010761e-01 2.82411662e-01 1.32193129e-01
 1.35383311e-01 3.94512005e-04 7.28839626e-04 7.68803936e-04
 3.18031888e-01 1.53780552e-01 1.54434252e-01 3.01719603e-01
 1.41825049e-01 1.46169221e-01 2.85765647e-01 1.35317825e-01
 1.35678617e-01 2.96856938e-01 1.43657147e-01 1.40603541e-01
 2.79637224e-01 1.35660723e-01 1.32076541e-01]

 