Iteration 0:
############################
Gradient = 
[-0.00036396 -0.02306496 -0.00299692 -0.01030964 -0.03296708 -0.00889446
  0.01210887  0.05459276  0.01882417  0.01533188  0.0705421   0.0220759
  0.00721788  0.03941029  0.01134783  0.01814323  0.07568958  0.02781901
  0.34020741  0.17029735  0.13948781  0.20552674  0.16708711  0.1755177
  0.21822802  0.30774683  0.15348145  0.13611379  0.17407387  0.15318013
  0.16031242  0.18490071  0.31701829  0.16103758  0.14539844  0.17183123
  0.15944574  0.16511938  0.18276752  0.31099482  0.15686462  0.13121646
  0.17983861  0.15412963  0.16405356  0.19198162  0.30391536  0.15201925
  0.13793029  0.16985864  0.15252176  0.15394221  0.17789245]

Gradient approximate =
[-0.00036396 -0.02331134 -0.00236096 -0.01030964 -0.03177738 -0.00869237
  0.01210887  0.05358837  0.01782438  0.01533188  0.07085406  0.02223828
  0.00721788  0.03908821  0.01261863  0.01814323  0.07427984  0.02757574
  0.34020741  0.1708582   0.13894358  0.20470049  0.16569524  0.17458416
  0.2167906   0.30774683  0.1545473   0.13639648  0.17343755  0.15307025
  0.15936358  0.1836317   0.31701829  0.15964913  0.14593175  0.17223407
  0.15940209  0.16574865  0.1829656   0.31099482  0.15800906  0.1322242
  0.17918835  0.15330576  0.16385795  0.19203762  0.30391536  0.15066124
  0.13871798  0.16921869  0.15206871  0.15407257  0.17676021]

Diff = 
[2.60859550e-11 2.46377341e-04 6.35962754e-04 9.84973041e-12
 1.18969699e-03 2.02088090e-04 1.77192653e-11 1.00438388e-03
 9.99791021e-04 6.66225929e-12 3.11956534e-04 1.62385561e-04
 2.54786461e-11 3.22071797e-04 1.27079995e-03 5.96074926e-12
 1.40973568e-03 2.43275584e-04 3.29431482e-11 5.60850229e-04
 5.44234625e-04 8.26250599e-04 1.39187809e-03 9.33540455e-04
 1.43742475e-03 6.79428735e-12 1.06585459e-03 2.82686561e-04
 6.36321111e-04 1.09876993e-04 9.48832502e-04 1.26901149e-03
 4.17965662e-12 1.38845103e-03 5.33310525e-04 4.02845448e-04
 4.36447625e-05 6.29270505e-04 1.98080194e-04 7.58149099e-12
 1.14444219e-03 1.00774261e-03 6.50259791e-04 8.23872202e-04
 1.95611897e-04 5.59992157e-05 5.51197976e-12 1.35800924e-03
 7.87692703e-04 6.39940754e-04 4.53050605e-04 1.30365396e-04
 1.13223793e-03]

 Iteration 100:
############################
Gradient = 
[-0.02281744 -0.10749745 -0.02975244 -0.02644507 -0.09309124 -0.02789247
 -0.018963   -0.06698709 -0.019305   -0.01465482 -0.04504532 -0.01407411
 -0.02002365 -0.06614321 -0.02143369 -0.0165689  -0.05952735 -0.01465418
  0.16824378  0.1084072   0.08777683  0.11410378  0.0827147   0.09572592
  0.11645938  0.15427056  0.08699671  0.07928095  0.08893585  0.07675237
  0.08439748  0.0923897   0.16055895  0.08755638  0.08196316  0.08350873
  0.08091612  0.08526387  0.0877984   0.15309557  0.09371502  0.07777106
  0.09392142  0.07604798  0.08804722  0.0976881   0.15513555  0.08416237
  0.0795055   0.08620804  0.0780375   0.07906171  0.08765134]

Gradient approximate =
[-0.02281744 -0.10902855 -0.02945635 -0.02644507 -0.09307657 -0.02803792
 -0.018963   -0.06842762 -0.02041489 -0.01465482 -0.04485006 -0.01394747
 -0.02002365 -0.06697573 -0.02033471 -0.0165689  -0.06117591 -0.01491055
  0.16824378  0.11098625  0.0888804   0.11555372  0.08307817  0.09672145
  0.11739592  0.15427056  0.08981284  0.08113633  0.09018117  0.07827762
  0.08520454  0.09309736  0.16055895  0.08798656  0.08416593  0.08574589
  0.08259601  0.08770157  0.08993358  0.15309557  0.0966819   0.08030097
  0.09522616  0.07685343  0.08965642  0.09980561  0.15513555  0.08452541
  0.0818843   0.08740427  0.07923111  0.08086626  0.08841464]

Diff = 
[4.09998493e-11 1.53109874e-03 2.96081556e-04 3.36874278e-12
 1.46735636e-05 1.45447134e-04 1.91399188e-11 1.44052510e-03
 1.10989184e-03 4.38161313e-12 1.95255110e-04 1.26638813e-04
 3.84653455e-11 8.32525147e-04 1.09898421e-03 3.67871913e-11
 1.64856652e-03 2.56369911e-04 9.65990343e-11 2.57905244e-03
 1.10356123e-03 1.44993594e-03 3.63467010e-04 9.95524547e-04
 9.36535435e-04 9.50640400e-11 2.81613041e-03 1.85538048e-03
 1.24531689e-03 1.52524936e-03 8.07066688e-04 7.07657614e-04
 1.05060127e-10 4.30176140e-04 2.20276275e-03 2.23716005e-03
 1.67989239e-03 2.43769910e-03 2.13518026e-03 1.06162856e-10
 2.96688013e-03 2.52990648e-03 1.30474153e-03 8.05443138e-04
 1.60920390e-03 2.11751561e-03 9.71860370e-11 3.63036972e-04
 2.37880693e-03 1.19622573e-03 1.19361400e-03 1.80454663e-03
 7.63300128e-04]

 Iteration 200:
############################
Gradient = 
[-0.01305845 -0.06506945 -0.01734409 -0.01704317 -0.0538432  -0.01597809
 -0.01362469 -0.04653891 -0.01337985 -0.01198257 -0.03250845 -0.01040015
 -0.01442428 -0.04329326 -0.01432383 -0.01251274 -0.04379798 -0.01032479
  0.07158523  0.06490507  0.0512168   0.06528221  0.04188222  0.05230951
  0.06462547  0.0722761   0.0411241   0.03943045  0.04140763  0.03695883
  0.04088519  0.04300522  0.07774706  0.03736413  0.03690742  0.0331197
  0.03779554  0.03771318  0.03574591  0.06694585  0.04944918  0.04022634
  0.04679536  0.03675708  0.04535643  0.04827364  0.07612996  0.03793672
  0.03817387  0.03865662  0.03795086  0.03540683  0.03870655]

Gradient approximate =
[-0.01305845 -0.06791518 -0.01740833 -0.01704317 -0.05495048 -0.01645899
 -0.01362469 -0.04887066 -0.01474754 -0.01198257 -0.03293977 -0.01047105
 -0.01442428 -0.04498311 -0.01350451 -0.01251274 -0.04626737 -0.01078332
  0.07158523  0.06876584  0.05334841  0.06804524  0.04315123  0.05438864
  0.0668834   0.0722761   0.04487463  0.04215365  0.04359606  0.03930648
  0.04260141  0.04469062  0.07774706  0.03869698  0.03997269  0.03619253
  0.04033173  0.04103782  0.03876573  0.06694585  0.05346637  0.04362179
  0.04912174  0.03837844  0.04793675  0.05144834  0.07612996  0.03918685
  0.04141094  0.04075461  0.03998403  0.03803917  0.04038011]

Diff = 
[5.37752655e-12 2.84573178e-03 6.42396794e-05 2.25448896e-11
 1.10727609e-03 4.80897304e-04 8.58563741e-12 2.33175327e-03
 1.36769022e-03 7.31757016e-12 4.31327510e-04 7.09013513e-05
 1.71505119e-11 1.68984779e-03 8.19315306e-04 7.79504759e-12
 2.46938440e-03 4.58528553e-04 1.51002516e-10 3.86077219e-03
 2.13160826e-03 2.76302958e-03 1.26901137e-03 2.07912961e-03
 2.25792300e-03 1.54207855e-10 3.75052686e-03 2.72319822e-03
 2.18842485e-03 2.34764472e-03 1.71621236e-03 1.68539788e-03
 1.51084631e-10 1.33285668e-03 3.06527049e-03 3.07282190e-03
 2.53618456e-03 3.32464110e-03 3.01981715e-03 1.54315505e-10
 4.01718232e-03 3.39544976e-03 2.32637964e-03 1.62136883e-03
 2.58032507e-03 3.17470277e-03 1.56341454e-10 1.25012920e-03
 3.23706567e-03 2.09798456e-03 2.03317086e-03 2.63233549e-03
 1.67355920e-03]

 Iteration 300:
############################
Gradient = 
[-0.00480873 -0.03295206 -0.00767618 -0.00912987 -0.02299995 -0.00650513
 -0.00714043 -0.02354945 -0.00644488 -0.00697777 -0.01194604 -0.00414561
 -0.0080021  -0.01903566 -0.00661787 -0.00654488 -0.02240473 -0.00394835
  0.02524782  0.037302    0.02740016  0.0376186   0.01910965  0.027049
  0.0360689   0.03572989  0.01594149  0.01714325  0.01695924  0.01665892
  0.01808383  0.01808999  0.04243892  0.01212136  0.01362854  0.00881834
  0.01679718  0.01422236  0.0109808   0.02807178  0.02404798  0.01833776
  0.02202859  0.01638946  0.02240536  0.02290614  0.04104395  0.01334998
  0.0156324   0.01451335  0.01762306  0.01292944  0.01428995]

Gradient approximate =
[-0.00480873 -0.03650348 -0.00791955 -0.00912987 -0.02465723 -0.00714669
 -0.00714043 -0.02638885 -0.00795595 -0.00697777 -0.01269942 -0.00432214
 -0.0080021  -0.0211748  -0.00595003 -0.00654488 -0.02535487 -0.00450958
  0.02524782  0.04190599  0.03010263  0.04112852  0.02081718  0.02970193
  0.03905611  0.03572989  0.0200965   0.02027008  0.01956174  0.01938886
  0.02022034  0.02020912  0.04243892  0.01379971  0.01704937  0.01218082
  0.01972065  0.01791235  0.01432536  0.02807178  0.02859312  0.02215307
  0.02484753  0.01839038  0.02547233  0.02659008  0.04104395  0.01496125
  0.01925156  0.01698644  0.02005263  0.01590245  0.01633685]

Diff = 
[2.32088246e-11 3.55141959e-03 2.43368664e-04 2.39679960e-11
 1.65728179e-03 6.41559405e-04 9.21417716e-12 2.83940635e-03
 1.51107366e-03 4.20770363e-12 7.53383048e-04 1.76537878e-04
 9.67713583e-12 2.13913731e-03 6.67832208e-04 2.37192401e-11
 2.95013849e-03 5.61227660e-04 1.57324889e-10 4.60399053e-03
 2.70246991e-03 3.50991468e-03 1.70752828e-03 2.65292525e-03
 2.98720299e-03 1.59486653e-10 4.15501136e-03 3.12682632e-03
 2.60250211e-03 2.72994609e-03 2.13650344e-03 2.11912762e-03
 1.55353334e-10 1.67835062e-03 3.42083673e-03 3.36248003e-03
 2.92347677e-03 3.68998764e-03 3.34456470e-03 1.64423412e-10
 4.54513582e-03 3.81531331e-03 2.81893688e-03 2.00092261e-03
 3.06696559e-03 3.68393244e-03 1.61638446e-10 1.61126960e-03
 3.61915601e-03 2.47309391e-03 2.42956783e-03 2.97300931e-03
 2.04689398e-03]

 Iteration 400:
############################
Gradient = 
[-0.00056025 -0.01804619 -0.00315297 -0.00514506 -0.00849241 -0.0020374
 -0.00356678 -0.01235335 -0.00306333 -0.00415285 -0.0004517  -0.00065
 -0.0045681  -0.00701541 -0.00267046 -0.00320579 -0.01170433 -0.00073872
  0.0038113   0.02307067  0.01471978  0.02368612  0.00723084  0.01406045
  0.02180958  0.02025918  0.00439101  0.00685838  0.00591145  0.00752358
  0.00773286  0.00690202  0.0282941   0.00138259  0.00369723 -0.00140958
  0.00808949  0.00428305  0.000596    0.01125144  0.01199073  0.00780344
  0.01051453  0.00676244  0.01157869  0.01122492  0.02635544  0.00232715
  0.00549121  0.00378811  0.00874192  0.00297846  0.00349632]

Gradient approximate =
[-0.00056025 -0.02196417 -0.00347294 -0.00514506 -0.01037101 -0.00273849
 -0.00356678 -0.01545003 -0.00464212 -0.00415285 -0.00128873 -0.00085959
 -0.0045681  -0.00933794 -0.00206854 -0.00320579 -0.01489907 -0.00133197
  0.0038113   0.02811375  0.01772695  0.02764218  0.00912618  0.01700999
  0.02521705  0.02025918  0.00868703  0.01015469  0.00867424  0.01042523
  0.01005224  0.00919707  0.0282941   0.00315082  0.00723714  0.00199773
  0.01118922  0.00810088  0.0040163   0.01125144  0.01679401  0.01180455
  0.01356588  0.00892772  0.01488959  0.01515286  0.02635544  0.00404491
  0.0092582   0.00638749  0.01135923  0.00606048  0.00566557]

Diff = 
[2.44137553e-11 3.91797877e-03 3.19969094e-04 3.04596192e-12
 1.87860364e-03 7.01089545e-04 4.33272212e-12 3.09667920e-03
 1.57879013e-03 1.19850085e-11 8.37028119e-04 2.09595171e-04
 5.21383717e-12 2.32253255e-03 6.01922739e-04 1.54082888e-11
 3.19474493e-03 5.93250222e-04 1.63570154e-10 5.04308276e-03
 3.00716601e-03 3.95605802e-03 1.89533047e-03 2.94953906e-03
 3.40747474e-03 1.64616768e-10 4.29601283e-03 3.29631242e-03
 2.76278886e-03 2.90164183e-03 2.31938037e-03 2.29505463e-03
 1.61579566e-10 1.76823318e-03 3.53990245e-03 3.40731418e-03
 3.09973143e-03 3.81782531e-03 3.42029979e-03 1.65462595e-10
 4.80327852e-03 4.00110836e-03 3.05135154e-03 2.16527583e-03
 3.31090254e-03 3.92793838e-03 1.64543448e-10 1.71776233e-03
 3.76699122e-03 2.59938102e-03 2.61731002e-03 3.08201997e-03
 2.16924645e-03]

 Iteration 500:
############################
Gradient = 
[ 0.00161508 -0.01142026 -0.00114279 -0.00326304 -0.00221751 -0.00011641
 -0.00170806 -0.00764076 -0.00166281 -0.00279759  0.00535004  0.0010923
 -0.00289795 -0.00177204 -0.00083196 -0.0014771  -0.00710642  0.00063043
 -0.00642112  0.01599107  0.00816739  0.01677384  0.00086748  0.00745567
  0.01474117  0.01363719 -0.00072662  0.00234977  0.00104564  0.00360542
  0.00320795  0.00198819  0.02260484 -0.00303589 -0.00028768 -0.00557136
  0.00486392  0.00028641 -0.0036257   0.00381944  0.00646848  0.00293766
  0.00527687  0.00221413  0.00658306  0.00595     0.0201622  -0.00246185
  0.00117153 -0.00085829  0.00517747 -0.00122616 -0.00117498]

Gradient approximate =
[ 1.61507740e-03 -1.55518981e-02 -1.49294124e-03 -3.26304086e-03
 -4.16984206e-03 -8.31656255e-04 -1.70806279e-03 -1.08815870e-02
 -3.27532590e-03 -2.79758754e-03  4.55387147e-03  8.87350793e-04
 -2.89794598e-03 -4.15492139e-03 -2.54552373e-04 -1.47710050e-03
 -1.04367509e-02  3.77944653e-05 -6.42112256e-03  2.13198547e-02
  1.13404261e-02  2.10261815e-02  2.81903382e-03  1.05607152e-02
  1.84156705e-02  1.36371853e-02  3.59195882e-03  5.71045102e-03
  3.85575697e-03  6.58617655e-03  5.60460627e-03  4.34492874e-03
  2.26048388e-02 -1.28449473e-03  3.27336883e-03 -2.22041660e-03
  8.05622646e-03  4.13405151e-03 -2.32375126e-04  3.81944050e-03
  1.14044980e-02  7.01458751e-03  8.44129220e-03  4.44258855e-03
  1.00250317e-02  1.00012352e-02  2.01622050e-02 -7.49646414e-04
  4.98392440e-03  1.75851731e-03  7.89462432e-03  1.86471502e-03
  1.00712500e-03]

Diff = 
[3.45285254e-11 4.13164170e-03 3.50151752e-04 1.38248900e-11
 1.95233006e-03 7.15244588e-04 1.88101008e-11 3.24082587e-03
 1.61251205e-03 1.13748295e-11 7.96172329e-04 2.04952488e-04
 1.86372185e-12 2.38288488e-03 5.77407304e-04 8.86646442e-12
 3.33032655e-03 5.92635211e-04 1.66717449e-10 5.32878951e-03
 3.17303970e-03 4.25233705e-03 1.95155728e-03 3.10504459e-03
 3.67449889e-03 1.62038974e-10 4.31858014e-03 3.36068069e-03
 2.81011988e-03 2.98075995e-03 2.39665987e-03 2.35674336e-03
 1.66776894e-10 1.75139822e-03 3.56105092e-03 3.35093988e-03
 3.19230948e-03 3.84764187e-03 3.39332749e-03 1.69232567e-10
 4.93601439e-03 4.07692442e-03 3.16442008e-03 2.22845981e-03
 3.44197040e-03 4.05123878e-03 1.57475533e-10 1.71220396e-03
 3.81239126e-03 2.61680494e-03 2.71715109e-03 3.09087834e-03
 2.18210956e-03]

 Iteration 600:
############################
Gradient = 
[ 2.83413754e-03 -8.43370314e-03 -2.43089209e-04 -2.36321315e-03
  3.89694403e-04  6.66246796e-04 -6.71590011e-04 -5.88577663e-03
 -1.16963362e-03 -2.17877143e-03  8.51371664e-03  2.01339373e-03
 -2.07909896e-03  3.54713544e-04  3.08262278e-05 -5.30081091e-04
 -5.32787070e-03  1.14524977e-03 -1.14498165e-02  1.24788693e-02
  4.71839013e-03  1.33354573e-02 -2.82531684e-03  4.02602565e-03
  1.12054388e-02  1.07639102e-02 -2.98877544e-03  4.14128517e-04
 -1.09985404e-03  1.99724246e-03  1.25702714e-03 -1.73383434e-04
  2.02789824e-02 -4.85038659e-03 -1.80856228e-03 -7.24758123e-03
  3.96190473e-03 -1.25807658e-03 -5.32690077e-03  4.68342189e-04
  3.95069119e-03  6.92707022e-04  2.89690174e-03 -4.93100082e-05
  4.25654601e-03  3.57828842e-03  1.75074262e-02 -4.55019085e-03
 -6.15726553e-04 -2.88800541e-03  3.95187928e-03 -2.95088692e-03
 -3.21687101e-03]

Gradient approximate =
[ 2.83413754e-03 -1.27107375e-02 -6.02761789e-04 -2.36321315e-03
 -1.57355465e-03 -4.40539560e-05 -6.71589997e-04 -9.22525230e-03
 -2.80258312e-03 -2.17877143e-03  7.82274547e-03  1.83217748e-03
 -2.07909898e-03 -2.03640574e-03  6.02977879e-04 -5.30081070e-04
 -8.74880097e-03  5.66500900e-04 -1.14498163e-02  1.80171804e-02
  7.98511084e-03  1.78096115e-02 -8.90311327e-04  7.21423206e-03
  1.50706790e-02  1.07639104e-02  1.30000108e-03  3.79352700e-03
  1.70787252e-03  5.01807359e-03  3.68509465e-03  2.19488190e-03
  2.02789826e-02 -3.15963135e-03  1.73510890e-03 -3.99398051e-03
  7.21829650e-03  2.58058464e-03 -2.00210375e-03  4.68342347e-04
  8.96215322e-03  4.79474386e-03  6.12014021e-03  2.19364097e-03
  7.77735941e-03  7.69841296e-03  1.75074263e-02 -2.89223155e-03
  3.19896807e-03 -3.01021974e-04  6.73534994e-03  1.07043983e-04
 -1.06940557e-03]

Diff = 
[5.66365097e-13 4.27703436e-03 3.59672580e-04 5.37722080e-12
 1.96324905e-03 7.10300752e-04 1.45060977e-11 3.33947566e-03
 1.63294950e-03 2.49238304e-12 6.90971170e-04 1.81216253e-04
 1.05150706e-11 2.39111928e-03 5.72151651e-04 2.03535272e-11
 3.42093028e-03 5.78748870e-04 1.44054090e-10 5.53831105e-03
 3.26672070e-03 4.47415414e-03 1.93500551e-03 3.18820641e-03
 3.86524012e-03 1.62791650e-10 4.28877652e-03 3.37939848e-03
 2.80772656e-03 3.02083113e-03 2.42806751e-03 2.36826534e-03
 1.57862588e-10 1.69075524e-03 3.54367118e-03 3.25360072e-03
 3.25639177e-03 3.83866122e-03 3.32479703e-03 1.58293365e-10
 5.01146203e-03 4.10203684e-03 3.22323847e-03 2.24295097e-03
 3.52081340e-03 4.12012454e-03 1.54408961e-10 1.65795930e-03
 3.81469463e-03 2.58698344e-03 2.78347066e-03 3.05793090e-03
 2.14746544e-03]

 Iteration 700:
############################
Gradient = 
[ 3.61475640e-03 -7.05307691e-03  1.66003349e-04 -1.91677523e-03
  1.38540078e-03  9.49077221e-04 -1.40782633e-05 -5.42720526e-03
 -1.07399873e-03 -1.90971422e-03  1.05916016e-02  2.58846404e-03
 -1.65914819e-03  1.09328000e-03  4.56522363e-04  5.34175538e-05
 -4.79828460e-03  1.28138384e-03 -1.39605701e-02  1.07540089e-02
  2.84444270e-03  1.16469416e-02 -5.24793384e-03  2.19582372e-03
  9.44081062e-03  9.50780657e-03 -3.99109127e-03 -3.93100680e-04
 -2.05513949e-03  1.40442410e-03  4.31754103e-04 -1.13193915e-03
  1.92911391e-02 -5.60917942e-03 -2.33594061e-03 -7.92492923e-03
  4.05552860e-03 -1.81561548e-03 -6.01661873e-03 -1.05969362e-03
  2.80972515e-03 -3.50746732e-04  1.82180902e-03 -1.30500518e-03
  3.15272422e-03  2.52880664e-03  1.63431927e-02 -5.47804045e-03
 -1.32237465e-03 -3.80279679e-03  3.76106004e-03 -3.62368785e-03
 -4.13810207e-03]

Gradient approximate =
[ 3.61475639e-03 -1.14444198e-02 -1.93883072e-04 -1.91677524e-03
 -5.63408982e-04  2.51196310e-04 -1.40782697e-05 -8.85006470e-03
 -2.72337632e-03 -1.90971423e-03  1.00437232e-02  2.44177664e-03
 -1.65914821e-03 -1.28599154e-03  1.03262613e-03  5.34175459e-05
 -8.29378208e-03  7.21019029e-04 -1.39605699e-02  1.64641616e-02
  6.16633267e-03  1.63060025e-02 -3.37398991e-03  5.42917857e-03
  1.34586131e-02  9.50780673e-03  2.44707579e-04  2.98562284e-03
  7.28189875e-04  4.44985878e-03  2.87158762e-03  1.22571238e-03
  1.92911393e-02 -3.99715988e-03  1.17612369e-03 -4.78516659e-03
  7.37090568e-03  1.99943185e-03 -2.77711380e-03 -1.05969345e-03
  7.87056436e-03  3.75293930e-03  5.07925409e-03  9.27149049e-04
  6.72787396e-03  6.69347635e-03  1.63431929e-02 -3.89570229e-03
  2.47708183e-03 -1.26650585e-03  6.60122498e-03 -6.15546614e-04
 -2.04628687e-03]

Diff = 
[1.74443576e-11 4.39134285e-03 3.59886420e-04 1.76395526e-11
 1.94880976e-03 6.97880910e-04 6.40809528e-12 3.42285944e-03
 1.64937758e-03 5.53965858e-12 5.47878342e-04 1.46687406e-04
 1.57808668e-11 2.37927154e-03 5.76103764e-04 7.85509393e-12
 3.49549748e-03 5.60364814e-04 1.55783386e-10 5.71015277e-03
 3.32188997e-03 4.65906096e-03 1.87394393e-03 3.23335485e-03
 4.01780246e-03 1.56882224e-10 4.23579885e-03 3.37872352e-03
 2.78332937e-03 3.04543467e-03 2.43983352e-03 2.35765153e-03
 1.52389844e-10 1.61201955e-03 3.51206429e-03 3.13976264e-03
 3.31537708e-03 3.81504733e-03 3.23950492e-03 1.66981634e-10
 5.06083921e-03 4.10368603e-03 3.25744507e-03 2.23215423e-03
 3.57514974e-03 4.16466971e-03 1.58500376e-10 1.58233816e-03
 3.79945648e-03 2.53629094e-03 2.84016493e-03 3.00814124e-03
 2.09181520e-03]

 Iteration 800:
############################
Gradient = 
[ 4.19314646e-03 -6.38867754e-03  3.56334369e-04 -1.68252843e-03
  1.67269006e-03  1.01305913e-03  4.72525601e-04 -5.51641761e-03
 -1.14580903e-03 -1.80834956e-03  1.23022408e-02  3.03669051e-03
 -1.42739176e-03  1.21698991e-03  6.86387995e-04  4.70611592e-04
 -4.80729880e-03  1.25420515e-03 -1.52155732e-02  9.93677646e-03
  1.78586240e-03  1.08610618e-02 -7.09803156e-03  1.19051896e-03
  8.58643870e-03  8.96100933e-03 -4.43326707e-03 -7.05564337e-04
 -2.48781655e-03  1.26422801e-03  9.94406506e-05 -1.56213685e-03
  1.88339221e-02 -5.94259713e-03 -2.47223809e-03 -8.20628996e-03
  4.60978476e-03 -1.98525561e-03 -6.30693156e-03 -1.75560892e-03
  2.30475995e-03 -8.38292708e-04  1.34866335e-03 -2.13237891e-03
  2.61769240e-03  2.08824777e-03  1.58142730e-02 -5.90395547e-03
 -1.57122373e-03 -4.24226265e-03  4.05346364e-03 -3.85496710e-03
 -4.58034147e-03]

Gradient approximate =
[ 4.19314645e-03 -1.08797332e-02  5.04154496e-07 -1.68252846e-03
 -2.52774677e-04  3.29978229e-04  4.72525581e-04 -9.02046704e-03
 -2.81160921e-03 -1.80834957e-03  1.19251546e-02  2.93199630e-03
 -1.42739175e-03 -1.14457333e-03  1.27115524e-03  4.70611592e-04
 -8.37401171e-03  7.12876311e-04 -1.52155730e-02  1.58004982e-02
  5.14164240e-03  1.56872345e-02 -5.31645210e-03  4.44847611e-03
  1.27379390e-02  8.96100950e-03 -2.60706774e-04  2.66459709e-03
  2.61252227e-04  4.32920705e-03  2.54286926e-03  7.75036482e-04
  1.88339222e-02 -4.41701667e-03  1.00369457e-03 -5.18709341e-03
  7.98933915e-03  1.80117689e-03 -3.15959868e-03 -1.75560876e-03
  7.40325489e-03  3.25610563e-03  4.62929325e-03  7.38822581e-05
  6.23544224e-03  6.28688187e-03  1.58142732e-02 -4.40685962e-03
  2.20631899e-03 -1.76630343e-03  6.95146676e-03 -9.02916724e-04
 -2.55388315e-03]

Diff = 
[1.63842316e-11 4.49105569e-03 3.55830214e-04 2.76679010e-11
 1.92546474e-03 6.83080897e-04 1.99815615e-11 3.50404943e-03
 1.66580018e-03 5.37164215e-12 3.77086224e-04 1.04694207e-04
 1.13640618e-11 2.36156325e-03 5.84767246e-04 2.49466246e-13
 3.56671290e-03 5.41328842e-04 1.67816734e-10 5.86372174e-03
 3.35578000e-03 4.82617272e-03 1.78157946e-03 3.25795715e-03
 4.15150028e-03 1.66145942e-10 4.17256030e-03 3.37016143e-03
 2.74906878e-03 3.06497905e-03 2.44342860e-03 2.33717333e-03
 1.53312776e-10 1.52558046e-03 3.47593266e-03 3.01919654e-03
 3.37955439e-03 3.78643249e-03 3.14733288e-03 1.64205003e-10
 5.09849494e-03 4.09439834e-03 3.28062990e-03 2.20626117e-03
 3.61774984e-03 4.19863409e-03 1.53720672e-10 1.49709585e-03
 3.77754272e-03 2.47595922e-03 2.89800312e-03 2.95205037e-03
 2.02645832e-03]

 Iteration 900:
############################
Gradient = 
[ 4.67825543e-03 -6.04472810e-03  4.48750991e-04 -1.55040488e-03
  1.64772483e-03  9.81410454e-04  8.85691103e-04 -5.81556911e-03
 -1.28146428e-03 -1.79336116e-03  1.39687456e-02  3.45554567e-03
 -1.28655191e-03  1.06781100e-03  8.27009721e-04  8.13933100e-04
 -5.03488495e-03  1.16043309e-03 -1.58315766e-02  9.58476833e-03
  1.16014764e-03  1.05504406e-02 -8.73421958e-03  6.22239542e-04
  8.21038665e-03  8.73259621e-03 -4.62110631e-03 -7.99043882e-04
 -2.68811674e-03  1.33464225e-03 -1.48953653e-05 -1.75715703e-03
  1.85890483e-02 -6.10199159e-03 -2.45899980e-03 -8.32990494e-03
  5.41905718e-03 -2.00696017e-03 -6.44035679e-03 -2.06379120e-03
  2.09734231e-03 -1.06339267e-03  1.15654163e-03 -2.79712536e-03
  2.35478838e-03  1.93184003e-03  1.55621616e-02 -6.10728291e-03
 -1.62645412e-03 -4.47573178e-03  4.60207734e-03 -3.90310962e-03
 -4.81396370e-03]

Gradient approximate =
[ 4.67825543e-03 -1.06282713e-02  9.89957694e-05 -1.55040487e-03
 -2.52728976e-04  3.13280371e-04  8.85691089e-04 -9.40396222e-03
 -2.96531301e-03 -1.79336114e-03  1.37873828e-02  3.39923651e-03
 -1.28655189e-03 -1.27648502e-03  1.42312530e-03  8.13933088e-04
 -8.67481962e-03  6.37165469e-04 -1.58315764e-02  1.55936874e-02
  4.53755587e-03  1.55358841e-02 -7.07070248e-03  3.89336636e-03
  1.24867475e-02  8.73259638e-03 -5.16260374e-04  2.55972882e-03
  2.21819674e-05  4.41881814e-03  2.42899754e-03  5.55088664e-04
  1.85890485e-02 -4.66635251e-03  9.80051595e-04 -5.43413206e-03
  8.87308385e-03  1.74959752e-03 -3.38818966e-03 -2.06379104e-03
  7.22843353e-03  3.01662172e-03  4.45563563e-03 -6.27678911e-04
  6.00940784e-03  6.16022949e-03  1.55621618e-02 -4.69992237e-03
  2.12709699e-03 -2.06493116e-03  7.56434162e-03 -1.00904803e-03
 -2.85771001e-03]

Diff = 
[5.58878204e-12 4.58354325e-03 3.49755222e-04 7.60161834e-12
 1.90045381e-03 6.68130083e-04 1.38075731e-11 3.58839311e-03
 1.68384873e-03 1.97739774e-11 1.81362778e-04 5.63091575e-05
 1.45182516e-11 2.34429601e-03 5.96115583e-04 1.20053552e-11
 3.63993467e-03 5.23267618e-04 1.51505763e-10 6.00891911e-03
 3.37740823e-03 4.98544348e-03 1.66351710e-03 3.27112681e-03
 4.27636085e-03 1.67013809e-10 4.10484594e-03 3.35877270e-03
 2.71029870e-03 3.08417589e-03 2.44389291e-03 2.31224570e-03
 1.62845980e-10 1.43563908e-03 3.43905140e-03 2.89577288e-03
 3.45402667e-03 3.75655770e-03 3.05216713e-03 1.57859269e-10
 5.13109121e-03 4.08001439e-03 3.29909400e-03 2.16944645e-03
 3.65461946e-03 4.22838946e-03 1.68160911e-10 1.40736054e-03
 3.75355111e-03 2.41080062e-03 2.96226428e-03 2.89406159e-03
 1.95625369e-03]

 