Iteration 0:
############################
Gradient = 
[ 1.12881474e-05  5.39963687e-03  1.11518478e-02 -6.57977333e-06
  1.12978779e-02  6.19825055e-03  3.07617056e-07  7.68318750e-03
  1.58475120e-03  1.18687948e-05  2.83181066e-03  9.32947275e-03
 -5.21036916e-06 -9.78668641e-03 -6.58616772e-03  7.17134408e-06
  8.86805378e-03  3.54718781e-04 -4.57186121e-05 -9.81562522e-03
 -1.69918091e-03 -4.26254678e-03 -1.00248319e-02  3.25166772e-03
  5.23855995e-03  3.46339889e-04 -8.39344583e-03 -8.77979062e-03
  4.39219617e-04  8.99166763e-03 -8.71550601e-03 -3.27555929e-03
  1.82163546e-04  1.12957845e-02  2.36052890e-03  4.07367423e-03
 -1.21996380e-04  7.59837872e-03  1.06374500e-02 -1.83583269e-04
 -7.71641983e-03 -4.46229762e-03 -9.30598811e-03  7.03750128e-03
 -3.57178562e-03 -2.63352675e-03 -3.66799469e-04 -1.14215112e-02
  5.16393905e-03  8.61943365e-03 -1.07919273e-02  2.24464799e-03
 -7.09412255e-03  6.78797118e-05  4.82680102e-03  7.79124728e-03
  1.08480029e-02 -8.43311943e-03 -7.06090095e-03 -2.02572390e-03
  9.67889477e-03 -1.01186025e-03  4.81752263e-03  1.18044124e-02
 -4.23862002e-03 -2.48749959e-03 -4.81827592e-04  4.32905447e-03
 -4.43352962e-03  8.43849728e-03  1.16987994e-02 -6.18137632e-03
 -1.68231796e-03  1.68839762e-03 -4.91363385e-03 -1.01603685e-02
 -7.37418160e-03 -9.43575183e-03  7.19000693e-03 -1.39556751e-03
 -6.73030627e-03  1.32541123e-03 -9.14941043e-03  5.35484103e-03
 -4.57306423e-03  6.06617153e-03 -1.16937821e-03  5.65465143e-04
  1.57427285e-03 -1.10259892e-03  9.61712627e-03  3.19188811e-03
  6.50433427e-03 -8.29575307e-03  2.19167196e-03 -7.79259622e-03
 -8.54271734e-03 -1.46620137e-02  2.36366171e-03 -1.25724662e-02
  3.76172057e-03 -1.18648614e-02  3.08456308e-01  1.59008325e-01
  1.67409789e-01  1.39592175e-01  1.55367411e-01  1.74558046e-01
  1.46196815e-01  2.91696483e-01  1.51509464e-01  1.53986392e-01
  1.36037720e-01  1.34031753e-01  1.50594488e-01  1.49264265e-01
  3.11844813e-01  1.56609085e-01  1.53209583e-01  1.50994264e-01
  1.43816383e-01  1.69305405e-01  1.45285053e-01  2.93104313e-01
  1.37551562e-01  1.62782056e-01  1.38433152e-01  1.45792171e-01
  1.47420248e-01  1.34677982e-01  2.99464850e-01  1.55412423e-01
  1.51554806e-01  1.35120752e-01  1.37607818e-01  1.59064181e-01
  1.47722102e-01]

Gradient approximate =
[-2.63230127e-05 -6.77141121e-05  2.91772317e-05 -3.34368977e-06
  5.14644261e-05  3.10230241e-05  3.32467831e-06  4.76573847e-05
  1.25443744e-05 -1.54846269e-05 -5.09038056e-05  3.03332715e-05
  4.67025307e-06 -4.69145123e-05 -3.28641292e-05  1.69452896e-06
  6.41470521e-05  6.07053074e-06  5.76468584e-04  2.78839953e-04
  3.56850514e-04  3.20699960e-04  2.56765744e-04  2.45980802e-04
  3.64403978e-04  3.27531766e-04  1.34587368e-04  1.45918708e-04
  1.90259088e-04  2.24724253e-04  8.82148221e-05  1.62140539e-04
  2.05158504e-04  1.76174841e-04  1.31880791e-04  1.38022147e-04
  1.06246696e-04  1.34052194e-04  1.70827565e-04  3.37959749e-05
 -2.37958431e-05 -2.06787254e-06  2.56840989e-01  1.22670759e-01
  1.32101565e-01  1.29657219e-01  1.29838835e-01  1.24917157e-01
  1.22519320e-01  3.00103079e-01  1.43015326e-01  1.54192345e-01
  1.51773336e-01  1.50587180e-01  1.45780092e-01  1.42880716e-01
  2.95560090e-01  1.40731098e-01  1.51564433e-01  1.49427304e-01
  1.48646633e-01  1.43607646e-01  1.40781391e-01  3.07906736e-01
  1.46602063e-01  1.57539637e-01  1.56241785e-01  1.54527461e-01
  1.49700219e-01  1.47208040e-01  2.69614952e-01  1.28507295e-01
  1.38540121e-01  1.36204040e-01  1.35586400e-01  1.30965991e-01
  1.28217823e-01  9.70842975e-03  4.61415053e-03  4.72385491e-03
  5.19475824e-03  4.62153559e-03  4.70490311e-03  4.91595113e-03
  0.00000000e+00  0.00000000e+00  0.00000000e+00  0.00000000e+00
  0.00000000e+00  0.00000000e+00  0.00000000e+00  0.00000000e+00
  0.00000000e+00  0.00000000e+00  0.00000000e+00  0.00000000e+00
  0.00000000e+00  0.00000000e+00  0.00000000e+00  0.00000000e+00
  0.00000000e+00  0.00000000e+00  0.00000000e+00  0.00000000e+00
  0.00000000e+00  0.00000000e+00  0.00000000e+00  0.00000000e+00
  0.00000000e+00  0.00000000e+00  0.00000000e+00  0.00000000e+00
  0.00000000e+00  0.00000000e+00  0.00000000e+00  0.00000000e+00
  0.00000000e+00  0.00000000e+00  0.00000000e+00  0.00000000e+00
  0.00000000e+00  0.00000000e+00  0.00000000e+00  0.00000000e+00
  0.00000000e+00  0.00000000e+00  0.00000000e+00  0.00000000e+00
  0.00000000e+00  0.00000000e+00  0.00000000e+00  0.00000000e+00
  0.00000000e+00  0.00000000e+00  0.00000000e+00  0.00000000e+00
  0.00000000e+00]

Diff = 
[3.76111601e-05 5.46735098e-03 1.11226706e-02 3.23608356e-06
 1.12464135e-02 6.16722753e-03 3.01706125e-06 7.63553012e-03
 1.57220683e-03 2.73534217e-05 2.88271446e-03 9.29913948e-03
 9.88062223e-06 9.73977190e-03 6.55330360e-03 5.47681512e-06
 8.80390673e-03 3.48648251e-04 6.22187196e-04 1.00944652e-02
 2.05603142e-03 4.58324674e-03 1.02815976e-02 3.00568691e-03
 4.87415597e-03 1.88081226e-05 8.52803319e-03 8.92570933e-03
 2.48960528e-04 8.76694337e-03 8.80372083e-03 3.43769983e-03
 2.29949571e-05 1.11196096e-02 2.22864811e-03 3.93565208e-03
 2.28243076e-04 7.46432653e-03 1.04666225e-02 2.17379244e-04
 7.69262398e-03 4.46022974e-03 2.66146977e-01 1.15633257e-01
 1.35673351e-01 1.32290746e-01 1.30205635e-01 1.36338668e-01
 1.17355381e-01 2.91483646e-01 1.53807254e-01 1.51947697e-01
 1.58867459e-01 1.50519301e-01 1.40953291e-01 1.35089468e-01
 2.84712087e-01 1.49164218e-01 1.58625334e-01 1.51453028e-01
 1.38967738e-01 1.44619506e-01 1.35963869e-01 2.96102323e-01
 1.50840683e-01 1.60027137e-01 1.56723613e-01 1.50198407e-01
 1.54133749e-01 1.38769543e-01 2.57916153e-01 1.34688671e-01
 1.40222439e-01 1.34515642e-01 1.40500034e-01 1.41126359e-01
 1.35592005e-01 1.91441816e-02 2.57585640e-03 6.11942242e-03
 1.19250645e-02 3.29612436e-03 1.38543135e-02 4.38889901e-04
 4.57306423e-03 6.06617153e-03 1.16937821e-03 5.65465143e-04
 1.57427285e-03 1.10259892e-03 9.61712627e-03 3.19188811e-03
 6.50433427e-03 8.29575307e-03 2.19167196e-03 7.79259622e-03
 8.54271734e-03 1.46620137e-02 2.36366171e-03 1.25724662e-02
 3.76172057e-03 1.18648614e-02 3.08456308e-01 1.59008325e-01
 1.67409789e-01 1.39592175e-01 1.55367411e-01 1.74558046e-01
 1.46196815e-01 2.91696483e-01 1.51509464e-01 1.53986392e-01
 1.36037720e-01 1.34031753e-01 1.50594488e-01 1.49264265e-01
 3.11844813e-01 1.56609085e-01 1.53209583e-01 1.50994264e-01
 1.43816383e-01 1.69305405e-01 1.45285053e-01 2.93104313e-01
 1.37551562e-01 1.62782056e-01 1.38433152e-01 1.45792171e-01
 1.47420248e-01 1.34677982e-01 2.99464850e-01 1.55412423e-01
 1.51554806e-01 1.35120752e-01 1.37607818e-01 1.59064181e-01
 1.47722102e-01]

 Iteration 100:
############################
Gradient = 
[-1.67136586e-05  4.71444154e-03  9.90937696e-03 -2.73616501e-06
  1.01061069e-02  5.53704077e-03  2.63453413e-06  6.85659869e-03
  1.41395058e-03 -9.64291294e-06  2.42045646e-03  8.29143530e-03
  1.05026761e-06 -8.69891657e-03 -5.86923532e-03  6.64198572e-07
  7.89724881e-03  3.06562160e-04  4.22186094e-04 -8.51564066e-03
 -1.24857842e-03 -3.55367408e-03 -8.71882193e-03  3.05695589e-03
  4.91697119e-03  2.85943312e-04 -7.53463845e-03 -7.89040085e-03
  3.45057912e-04  7.98482212e-03 -7.77990857e-03 -2.97025639e-03
  1.06913489e-04  1.00301294e-02  2.05201079e-03  3.58678416e-03
 -1.53104652e-04  6.75920211e-03  9.44458258e-03 -2.21050997e-05
 -6.80255537e-03 -3.89328287e-03 -8.22037616e-03  6.35734038e-03
 -3.13005459e-03 -2.26971048e-03  2.98566920e-04 -9.86076811e-03
  4.96375350e-03  8.03060404e-03 -9.31643363e-03  2.24770738e-03
 -6.00250817e-03 -1.41874633e-05  4.27011414e-03  6.91306959e-03
  9.64112163e-03 -7.56026639e-03 -6.33265589e-03 -1.84427924e-03
 -1.78633188e-02 -2.08403188e-03 -1.18570399e-02 -1.17527901e-02
 -6.61617286e-03 -1.88178893e-02 -4.13821066e-03 -1.05764585e-02
 -1.44706323e-02 -3.05921421e-03 -1.17871085e-02 -9.07819083e-03
 -9.31348932e-04  1.61721779e-03 -1.06066619e-02 -1.25674583e-02
 -1.15041947e-02 -7.48673766e-03  4.47942517e-03 -1.05412402e-02
 -3.80528625e-03  9.33199021e-03 -3.69247379e-03 -4.33546191e-04
  1.09247413e-04  1.58042202e-02 -1.12344628e-04  1.13857449e-02
 -1.41939960e-02 -1.38750693e-02 -1.06066576e-02 -8.24286443e-03
 -1.23213633e-02 -1.33374901e-02 -1.07302926e-02  1.09254834e-02
  1.43390494e-02  7.57588768e-03  2.10366654e-03 -3.51217993e-03
 -3.82321758e-03  1.04554776e-02  2.79143590e-01  1.40148572e-01
  1.39398201e-01  1.40257795e-01  1.45081999e-01  1.28118282e-01
  1.39021395e-01  3.10251086e-01  1.39212673e-01  1.60499173e-01
  1.52230019e-01  1.55014334e-01  1.57795818e-01  1.56093583e-01
  3.10697289e-01  1.41340832e-01  1.52290243e-01  1.56772061e-01
  1.68808997e-01  1.48415040e-01  1.50901249e-01  3.12640944e-01
  1.41724629e-01  1.54617202e-01  1.54754172e-01  1.71481949e-01
  1.49999102e-01  1.57040986e-01  2.94372776e-01  1.33901623e-01
  1.46609889e-01  1.49598700e-01  1.45383932e-01  1.39308609e-01
  1.37927925e-01]

Gradient approximate =
[-2.33226993e-06  2.07272066e-05  5.69287684e-05  3.62798902e-06
  7.39575490e-05  4.06367606e-05  3.42401663e-07  2.52532129e-05
  1.01911568e-05 -9.91082771e-06 -3.92616073e-05  2.82956658e-05
  7.97885091e-06 -1.32005296e-05 -2.45392462e-05  3.33440386e-06
  7.30742689e-05  6.13906925e-06  2.06803519e-04  7.51657847e-05
  1.33759108e-04  1.09559939e-04  6.40455888e-05  8.85026941e-05
  1.55477631e-04 -2.11308702e-04 -1.70709613e-04 -1.86107025e-04
 -1.28951587e-04 -7.29558458e-05 -1.23275239e-04 -1.44342085e-04
  5.74261105e-05  8.50983795e-05  4.18499035e-05  5.10977549e-05
  2.63327515e-05  6.66094269e-05  8.33933633e-05 -6.24849461e-05
 -7.29116745e-05 -5.68830250e-05  2.70591538e-01  1.29841238e-01
  1.38295315e-01  1.34756860e-01  1.33533123e-01  1.32555214e-01
  1.34437421e-01  3.02577989e-01  1.44913922e-01  1.54700093e-01
  1.50652018e-01  1.48877188e-01  1.48268555e-01  1.50116036e-01
  2.99383710e-01  1.43292862e-01  1.52661903e-01  1.49363609e-01
  1.47330253e-01  1.46824792e-01  1.48536149e-01  2.96178454e-01
  1.41928208e-01  1.50996967e-01  1.48033540e-01  1.45908085e-01
  1.45072916e-01  1.47021000e-01  2.80167407e-01  1.34299594e-01
  1.43294957e-01  1.39577187e-01  1.38170503e-01  1.37239365e-01
  1.38900348e-01  2.93832170e-03  1.43730828e-03  1.40317000e-03
  1.57820276e-03  1.46301108e-03  1.39641263e-03  1.45299065e-03
  0.00000000e+00  0.00000000e+00  0.00000000e+00  0.00000000e+00
  0.00000000e+00  0.00000000e+00  0.00000000e+00  0.00000000e+00
  0.00000000e+00  0.00000000e+00  0.00000000e+00  0.00000000e+00
  0.00000000e+00  0.00000000e+00  0.00000000e+00  0.00000000e+00
  0.00000000e+00  0.00000000e+00  0.00000000e+00  0.00000000e+00
  0.00000000e+00  0.00000000e+00  0.00000000e+00  0.00000000e+00
  0.00000000e+00  0.00000000e+00  0.00000000e+00  0.00000000e+00
  0.00000000e+00  0.00000000e+00  0.00000000e+00  0.00000000e+00
  0.00000000e+00  0.00000000e+00  0.00000000e+00  0.00000000e+00
  0.00000000e+00  0.00000000e+00  0.00000000e+00  0.00000000e+00
  0.00000000e+00  0.00000000e+00  0.00000000e+00  0.00000000e+00
  0.00000000e+00  0.00000000e+00  0.00000000e+00  0.00000000e+00
  0.00000000e+00  0.00000000e+00  0.00000000e+00  0.00000000e+00
  0.00000000e+00]

Diff = 
[1.43813887e-05 4.69371433e-03 9.85244819e-03 6.36415403e-06
 1.00321493e-02 5.49640401e-03 2.29213247e-06 6.83134547e-03
 1.40375942e-03 2.67914778e-07 2.45971807e-03 8.26313964e-03
 6.92858331e-06 8.68571604e-03 5.84469608e-03 2.67020529e-06
 7.82417454e-03 3.00423091e-04 2.15382575e-04 8.59080644e-03
 1.38233753e-03 3.66323401e-03 8.78286752e-03 2.96845319e-03
 4.76149356e-03 4.97252013e-04 7.36392883e-03 7.70429382e-03
 4.74009500e-04 8.05777796e-03 7.65663333e-03 2.82591430e-03
 4.94873789e-05 9.94503104e-03 2.01016088e-03 3.53568641e-03
 1.79437403e-04 6.69259268e-03 9.36118922e-03 4.03798464e-05
 6.72964370e-03 3.83639984e-03 2.78811915e-01 1.23483898e-01
 1.41425369e-01 1.37026570e-01 1.33234556e-01 1.42415982e-01
 1.29473668e-01 2.94547385e-01 1.54230356e-01 1.52452386e-01
 1.56654526e-01 1.48891375e-01 1.43998440e-01 1.43202967e-01
 2.89742588e-01 1.50853128e-01 1.58994559e-01 1.51207888e-01
 1.65193571e-01 1.48908824e-01 1.60393188e-01 3.07931244e-01
 1.48544381e-01 1.69814856e-01 1.52171751e-01 1.56484543e-01
 1.59543548e-01 1.50080214e-01 2.91954516e-01 1.43377785e-01
 1.44226306e-01 1.37959969e-01 1.48777165e-01 1.49806824e-01
 1.50404543e-01 1.04250594e-02 3.04211688e-03 1.19444102e-02
 5.38348901e-03 7.86897914e-03 5.08888642e-03 1.88653684e-03
 1.09247413e-04 1.58042202e-02 1.12344628e-04 1.13857449e-02
 1.41939960e-02 1.38750693e-02 1.06066576e-02 8.24286443e-03
 1.23213633e-02 1.33374901e-02 1.07302926e-02 1.09254834e-02
 1.43390494e-02 7.57588768e-03 2.10366654e-03 3.51217993e-03
 3.82321758e-03 1.04554776e-02 2.79143590e-01 1.40148572e-01
 1.39398201e-01 1.40257795e-01 1.45081999e-01 1.28118282e-01
 1.39021395e-01 3.10251086e-01 1.39212673e-01 1.60499173e-01
 1.52230019e-01 1.55014334e-01 1.57795818e-01 1.56093583e-01
 3.10697289e-01 1.41340832e-01 1.52290243e-01 1.56772061e-01
 1.68808997e-01 1.48415040e-01 1.50901249e-01 3.12640944e-01
 1.41724629e-01 1.54617202e-01 1.54754172e-01 1.71481949e-01
 1.49999102e-01 1.57040986e-01 2.94372776e-01 1.33901623e-01
 1.46609889e-01 1.49598700e-01 1.45383932e-01 1.39308609e-01
 1.37927925e-01]

 Iteration 200:
############################
Gradient = 
[-1.07348483e-05  4.22768914e-03  8.84963625e-03 -2.57182252e-06
  9.01808231e-03  4.94088827e-03  2.44705892e-06  6.11967670e-03
  1.26141095e-03 -5.26045135e-06  2.17721856e-03  7.40383930e-03
 -2.01191326e-06 -7.77116935e-03 -5.23941303e-03 -4.98365481e-07
  7.04076305e-03  2.72437945e-04  2.94333617e-04 -7.66924831e-03
 -1.19223746e-03 -3.24406989e-03 -7.84583731e-03  2.68136818e-03
  4.31622107e-03  2.88077548e-04 -6.72358657e-03 -7.04111942e-03
  3.08077964e-04  7.12461993e-03 -6.93891888e-03 -2.65021009e-03
  2.63906757e-05  8.90832299e-03  1.78665199e-03  3.15745721e-03
 -1.76220329e-04  5.99754573e-03  8.38593532e-03 -5.95788445e-05
 -6.08987970e-03 -3.49570464e-03 -7.35559428e-03  5.65360415e-03
 -2.80743465e-03 -2.04520838e-03  1.61994426e-04 -8.86940662e-03
  4.35356641e-03  7.09262846e-03 -8.38055810e-03  1.94914150e-03
 -5.42601526e-03  5.16011953e-05  3.84216013e-03  6.20215411e-03
  8.63622231e-03 -6.71474800e-03 -5.62076145e-03 -1.61350906e-03
 -1.61755044e-02 -2.00075498e-03 -1.07294016e-02 -1.05438176e-02
 -5.86428033e-03 -1.69406478e-02 -3.80471114e-03 -8.80610127e-03
 -1.26446411e-02 -2.45249987e-03 -1.01572448e-02 -8.24598115e-03
 -5.33590478e-04  1.76970385e-03 -9.80048914e-03 -1.13946835e-02
 -1.04520257e-02 -6.81953765e-03  6.78260420e-03 -9.92467086e-03
 -2.10125240e-03  1.24339720e-02 -1.48879151e-03  3.14766531e-03
  2.15895230e-03  1.84436376e-02  2.97465198e-03  1.32345926e-02
 -1.20072411e-02 -1.18818417e-02 -9.48161729e-03 -7.22022524e-03
 -1.01326342e-02 -1.09144645e-02 -8.36667095e-03  1.21243374e-02
  1.42905909e-02  9.35569254e-03  3.02439972e-03 -4.13885515e-03
 -2.92177946e-03  1.08806583e-02  2.81523412e-01  1.41288051e-01
  1.40478311e-01  1.42629310e-01  1.48930887e-01  1.32511115e-01
  1.40080248e-01  3.08504740e-01  1.40132500e-01  1.58854164e-01
  1.52989424e-01  1.57031021e-01  1.58827799e-01  1.54994604e-01
  3.14176270e-01  1.44583996e-01  1.54224016e-01  1.59764502e-01
  1.75499142e-01  1.52772586e-01  1.54356628e-01  3.22369313e-01
  1.47880270e-01  1.61080815e-01  1.61218397e-01  1.80614636e-01
  1.58820643e-01  1.62541982e-01  3.01930793e-01  1.39243673e-01
  1.50048894e-01  1.54243209e-01  1.53270080e-01  1.46720227e-01
  1.43289269e-01]

Gradient approximate =
[-2.16830109e-06  1.69110348e-05  5.00419417e-05  2.61756838e-06
  6.32256469e-05  3.47570150e-05  1.18451915e-07  2.35409958e-05
  8.47165449e-06 -7.60041363e-06 -2.87313773e-05  2.78059620e-05
  5.79559067e-06 -1.76291026e-05 -2.32625808e-05  2.60973687e-06
  6.23300989e-05  5.16683363e-06  1.91627263e-04  6.87241064e-05
  1.20037287e-04  9.94524463e-05  5.94363714e-05  8.50356985e-05
  1.39989180e-04 -1.68022063e-04 -1.38337832e-04 -1.50093595e-04
 -1.00962523e-04 -5.25783994e-05 -1.04763926e-04 -1.14868868e-04
  5.25022648e-05  7.73078401e-05  3.89048727e-05  4.67775507e-05
  2.46354270e-05  5.91863158e-05  7.55952079e-05 -3.83009136e-05
 -5.44877921e-05 -3.90774035e-05  2.73978154e-01  1.32121191e-01
  1.39521255e-01  1.36521683e-01  1.35388625e-01  1.34365178e-01
  1.38521422e-01  3.01763548e-01  1.45266336e-01  1.53725610e-01
  1.50323977e-01  1.48758733e-01  1.48051772e-01  1.52395046e-01
  2.99392107e-01  1.44047378e-01  1.52190890e-01  1.49388366e-01
  1.47606939e-01  1.46986347e-01  1.51104050e-01  2.96681073e-01
  1.42893371e-01  1.50797823e-01  1.48251211e-01  1.46419878e-01
  1.45503228e-01  1.49776012e-01  2.81579063e-01  1.35652846e-01
  1.43483910e-01  1.40356249e-01  1.39077298e-01  1.38091996e-01
  1.42124489e-01  2.60602004e-03  1.29860734e-03  1.24874156e-03
  1.39598290e-03  1.31771562e-03  1.24134703e-03  1.29175723e-03
  0.00000000e+00  0.00000000e+00  0.00000000e+00  0.00000000e+00
  0.00000000e+00  0.00000000e+00  0.00000000e+00  0.00000000e+00
  0.00000000e+00  0.00000000e+00  0.00000000e+00  0.00000000e+00
  0.00000000e+00  0.00000000e+00  0.00000000e+00  0.00000000e+00
  0.00000000e+00  0.00000000e+00  0.00000000e+00  0.00000000e+00
  0.00000000e+00  0.00000000e+00  0.00000000e+00  0.00000000e+00
  0.00000000e+00  0.00000000e+00  0.00000000e+00  0.00000000e+00
  0.00000000e+00  0.00000000e+00  0.00000000e+00  0.00000000e+00
  0.00000000e+00  0.00000000e+00  0.00000000e+00  0.00000000e+00
  0.00000000e+00  0.00000000e+00  0.00000000e+00  0.00000000e+00
  0.00000000e+00  0.00000000e+00  0.00000000e+00  0.00000000e+00
  0.00000000e+00  0.00000000e+00  0.00000000e+00  0.00000000e+00
  0.00000000e+00  0.00000000e+00  0.00000000e+00  0.00000000e+00
  0.00000000e+00]

Diff = 
[8.56654720e-06 4.21077811e-03 8.79959431e-03 5.18939091e-06
 8.95485667e-03 4.90613126e-03 2.32860700e-06 6.09613571e-03
 1.25293929e-03 2.33996228e-06 2.20594993e-03 7.37603334e-03
 7.80750393e-06 7.75354025e-03 5.21615044e-03 3.10810235e-06
 6.97843295e-03 2.67271111e-04 1.02706354e-04 7.73797242e-03
 1.31227474e-03 3.34352234e-03 7.90527368e-03 2.59633248e-03
 4.17623189e-03 4.56099611e-04 6.58524873e-03 6.89102582e-03
 4.09040487e-04 7.17719833e-03 6.83415496e-03 2.53534122e-03
 2.61115891e-05 8.83101515e-03 1.74774712e-03 3.11067966e-03
 2.00855757e-04 5.93835941e-03 8.31034012e-03 2.12779309e-05
 6.03539191e-03 3.45662724e-03 2.81333748e-01 1.26467587e-01
 1.42328690e-01 1.38566891e-01 1.35226630e-01 1.43234584e-01
 1.34167856e-01 2.94670920e-01 1.53646895e-01 1.51776468e-01
 1.55749992e-01 1.48707131e-01 1.44209612e-01 1.46192892e-01
 2.90755885e-01 1.50762126e-01 1.57811652e-01 1.51001875e-01
 1.63782443e-01 1.48987102e-01 1.61833451e-01 3.07224891e-01
 1.48757651e-01 1.67738471e-01 1.52055922e-01 1.55225979e-01
 1.58147869e-01 1.52228512e-01 2.91736308e-01 1.43898827e-01
 1.44017500e-01 1.38586545e-01 1.48877787e-01 1.49486679e-01
 1.52576514e-01 9.42555769e-03 5.48399686e-03 1.11734124e-02
 3.49723530e-03 1.11162564e-02 2.73013855e-03 1.85590807e-03
 2.15895230e-03 1.84436376e-02 2.97465198e-03 1.32345926e-02
 1.20072411e-02 1.18818417e-02 9.48161729e-03 7.22022524e-03
 1.01326342e-02 1.09144645e-02 8.36667095e-03 1.21243374e-02
 1.42905909e-02 9.35569254e-03 3.02439972e-03 4.13885515e-03
 2.92177946e-03 1.08806583e-02 2.81523412e-01 1.41288051e-01
 1.40478311e-01 1.42629310e-01 1.48930887e-01 1.32511115e-01
 1.40080248e-01 3.08504740e-01 1.40132500e-01 1.58854164e-01
 1.52989424e-01 1.57031021e-01 1.58827799e-01 1.54994604e-01
 3.14176270e-01 1.44583996e-01 1.54224016e-01 1.59764502e-01
 1.75499142e-01 1.52772586e-01 1.54356628e-01 3.22369313e-01
 1.47880270e-01 1.61080815e-01 1.61218397e-01 1.80614636e-01
 1.58820643e-01 1.62541982e-01 3.01930793e-01 1.39243673e-01
 1.50048894e-01 1.54243209e-01 1.53270080e-01 1.46720227e-01
 1.43289269e-01]

 Iteration 300:
############################
Gradient = 
[-7.13585624e-06  3.78521407e-03  7.90122371e-03 -2.71620957e-06
  8.04627485e-03  4.40869233e-03  2.50789399e-06  5.46208846e-03
  1.12556321e-03 -1.96360144e-06  1.95572021e-03  6.61042744e-03
 -4.43171925e-06 -6.94129231e-03 -4.67705684e-03 -1.61277938e-06
  6.27734261e-03  2.41942883e-04  1.86447048e-04 -6.90149062e-03
 -1.12756632e-03 -2.95498031e-03 -7.05561590e-03  2.35143862e-03
  3.79285798e-03  3.24257167e-04 -5.98268706e-03 -6.26514797e-03
  2.92872808e-04  6.37366005e-03 -6.17384604e-03 -2.34760039e-03
 -3.96228297e-05  7.91544096e-03  1.55883340e-03  2.78273511e-03
 -1.89312471e-04  5.32309803e-03  7.44945319e-03 -8.94153874e-05
 -5.44931816e-03 -3.13573901e-03 -6.57928881e-03  5.02990054e-03
 -2.51738130e-03 -1.84031175e-03  6.36493695e-05 -7.96409401e-03
  3.83159564e-03  6.27695993e-03 -7.52595688e-03  1.69731866e-03
 -4.89106246e-03  1.07915620e-04  3.45529049e-03  5.56223484e-03
  7.73424107e-03 -5.96503477e-03 -4.98925635e-03 -1.41276899e-03
 -1.46089378e-02 -1.89059103e-03 -9.68508340e-03 -9.44413279e-03
 -5.14606600e-03 -1.52259524e-02 -3.47329657e-03 -7.14964714e-03
 -1.09660679e-02 -1.86062260e-03 -8.66920367e-03 -7.46515071e-03
 -1.40432640e-04  1.93599904e-03 -9.08445560e-03 -1.03504175e-02
 -9.51459141e-03 -6.23590367e-03  8.86313636e-03 -9.36073155e-03
 -5.69840944e-04  1.52719543e-02  5.14689169e-04  6.40359513e-03
  4.01503907e-03  2.07696385e-02  5.73791052e-03  1.48783357e-02
 -9.94292028e-03 -1.00272246e-02 -8.44932528e-03 -6.30416672e-03
 -8.07599414e-03 -8.67107312e-03 -6.18571715e-03  1.32560497e-02
  1.39621327e-02  1.10365265e-02  3.72342233e-03 -5.13519387e-03
 -2.29180299e-03  1.08828856e-02  2.83693728e-01  1.42350193e-01
  1.41465931e-01  1.44801330e-01  1.52409298e-01  1.36477026e-01
  1.40609988e-01  3.06947573e-01  1.40964974e-01  1.57402597e-01
  1.53682588e-01  1.58763500e-01  1.59706319e-01  1.53518134e-01
  3.17389224e-01  1.47553503e-01  1.55996795e-01  1.62524664e-01
  1.81571126e-01  1.56757201e-01  1.57011760e-01  3.30959448e-01
  1.53374574e-01  1.66795426e-01  1.67022887e-01  1.88759493e-01
  1.66719873e-01  1.66871647e-01  3.08698074e-01  1.44078749e-01
  1.53077011e-01  1.58419775e-01  1.60445401e-01  1.53446676e-01
  1.47635028e-01]

Gradient approximate =
[-1.94785743e-06  1.42136525e-05  4.41736381e-05  1.87950544e-06
  5.43769185e-05  2.99044944e-05 -1.58939528e-08  2.18533769e-05
  7.13484383e-06 -5.82376147e-06 -2.07518047e-05  2.67380784e-05
  4.20726343e-06 -2.00178807e-05 -2.17689777e-05  2.04458228e-06
  5.33668865e-05  4.34336789e-06  1.76332047e-04  6.23811669e-05
  1.07322673e-04  8.98377661e-05  5.46440893e-05  8.07270362e-05
  1.25662349e-04 -1.33285998e-04 -1.12478378e-04 -1.21492789e-04
 -7.90025312e-05 -3.70270703e-05 -8.88065443e-05 -9.15870269e-05
  4.80077822e-05  7.00489799e-05  3.58887298e-05  4.26743618e-05
  2.29007346e-05  5.28674393e-05  6.83724943e-05 -1.99812056e-05
 -4.03163236e-05 -2.58153854e-05  2.77008230e-01  1.34182494e-01
  1.40621308e-01  1.38093562e-01  1.37078041e-01  1.35986041e-01
  1.42225098e-01  3.01056346e-01  1.45598671e-01  1.52879632e-01
  1.50035009e-01  1.48680617e-01  1.47861190e-01  1.54428914e-01
  2.99399043e-01  1.44730971e-01  1.51774595e-01  1.49409313e-01
  1.47874469e-01  1.47127386e-01  1.53416470e-01  2.97168351e-01
  1.43787028e-01  1.50639455e-01  1.48469771e-01  1.46914496e-01
  1.45901817e-01  1.52290435e-01  2.82872696e-01  1.36893432e-01
  1.43677163e-01  1.41060724e-01  1.39928074e-01  1.38868480e-01
  1.45040558e-01  2.31302536e-03  1.17521473e-03  1.11127138e-03
  1.23821019e-03  1.18804190e-03  1.10386894e-03  1.15106467e-03
  0.00000000e+00  0.00000000e+00  0.00000000e+00  0.00000000e+00
  0.00000000e+00  0.00000000e+00  0.00000000e+00  0.00000000e+00
  0.00000000e+00  0.00000000e+00  0.00000000e+00  0.00000000e+00
  0.00000000e+00  0.00000000e+00  0.00000000e+00  0.00000000e+00
  0.00000000e+00  0.00000000e+00  0.00000000e+00  0.00000000e+00
  0.00000000e+00  0.00000000e+00  0.00000000e+00  0.00000000e+00
  0.00000000e+00  0.00000000e+00  0.00000000e+00  0.00000000e+00
  0.00000000e+00  0.00000000e+00  0.00000000e+00  0.00000000e+00
  0.00000000e+00  0.00000000e+00  0.00000000e+00  0.00000000e+00
  0.00000000e+00  0.00000000e+00  0.00000000e+00  0.00000000e+00
  0.00000000e+00  0.00000000e+00  0.00000000e+00  0.00000000e+00
  0.00000000e+00  0.00000000e+00  0.00000000e+00  0.00000000e+00
  0.00000000e+00  0.00000000e+00  0.00000000e+00  0.00000000e+00
  0.00000000e+00]

Diff = 
[5.18799881e-06 3.77100042e-03 7.85705007e-03 4.59571501e-06
 7.99189793e-03 4.37878784e-03 2.52378795e-06 5.44023508e-03
 1.11842837e-03 3.86016003e-06 1.97647201e-03 6.58368936e-03
 8.63898268e-06 6.92127443e-03 4.65528787e-03 3.65736166e-06
 6.22397572e-03 2.37599516e-04 1.01150009e-05 6.96387179e-03
 1.23488899e-03 3.04481808e-03 7.11025999e-03 2.27071158e-03
 3.66719563e-03 4.57543165e-04 5.87020869e-03 6.14365518e-03
 3.71875339e-04 6.41068712e-03 6.08503949e-03 2.25601337e-03
 8.76306118e-05 7.84539198e-03 1.52294467e-03 2.74006075e-03
 2.12213206e-04 5.27023059e-03 7.38108070e-03 6.94341818e-05
 5.40900183e-03 3.10992363e-03 2.83587519e-01 1.29152594e-01
 1.43138689e-01 1.39933873e-01 1.37014392e-01 1.43950135e-01
 1.38393502e-01 2.94779387e-01 1.53124628e-01 1.51182313e-01
 1.54926071e-01 1.48572701e-01 1.44405900e-01 1.48866679e-01
 2.91664802e-01 1.50696006e-01 1.56763852e-01 1.50822082e-01
 1.62483407e-01 1.49017977e-01 1.63101554e-01 3.06612484e-01
 1.48933094e-01 1.65865407e-01 1.51943067e-01 1.54064143e-01
 1.56867884e-01 1.54151057e-01 2.91541900e-01 1.44358582e-01
 1.43817595e-01 1.39124725e-01 1.49012529e-01 1.49218897e-01
 1.54555149e-01 8.54892903e-03 7.68792163e-03 1.04720029e-02
 1.80805113e-03 1.40839124e-02 5.89179769e-04 5.25253046e-03
 4.01503907e-03 2.07696385e-02 5.73791052e-03 1.48783357e-02
 9.94292028e-03 1.00272246e-02 8.44932528e-03 6.30416672e-03
 8.07599414e-03 8.67107312e-03 6.18571715e-03 1.32560497e-02
 1.39621327e-02 1.10365265e-02 3.72342233e-03 5.13519387e-03
 2.29180299e-03 1.08828856e-02 2.83693728e-01 1.42350193e-01
 1.41465931e-01 1.44801330e-01 1.52409298e-01 1.36477026e-01
 1.40609988e-01 3.06947573e-01 1.40964974e-01 1.57402597e-01
 1.53682588e-01 1.58763500e-01 1.59706319e-01 1.53518134e-01
 3.17389224e-01 1.47553503e-01 1.55996795e-01 1.62524664e-01
 1.81571126e-01 1.56757201e-01 1.57011760e-01 3.30959448e-01
 1.53374574e-01 1.66795426e-01 1.67022887e-01 1.88759493e-01
 1.66719873e-01 1.66871647e-01 3.08698074e-01 1.44078749e-01
 1.53077011e-01 1.58419775e-01 1.60445401e-01 1.53446676e-01
 1.47635028e-01]

 Iteration 400:
############################
Gradient = 
[-5.00355333e-06  3.38528045e-03  7.05313231e-03 -3.05420918e-06
  7.17854031e-03  3.93364535e-03  2.65427668e-06  4.87503482e-03
  1.00445074e-03  5.42674179e-07  1.75478611e-03  5.90143662e-03
 -6.22150485e-06 -6.19879529e-03 -4.17484107e-03 -2.58137561e-06
  5.59709827e-03  2.14811120e-04  9.20665738e-05 -6.20785462e-03
 -1.05996676e-03 -2.68826582e-03 -6.34282912e-03  2.06042126e-03
  3.33453258e-03  3.85614173e-04 -5.30924600e-03 -5.55990274e-03
  2.92094370e-04  5.71561088e-03 -5.47982406e-03 -2.06539370e-03
 -9.49912052e-05  7.03538278e-03  1.36203294e-03  2.45444531e-03
 -1.95504906e-04  4.72516840e-03  6.61973776e-03 -1.20889411e-04
 -4.87802677e-03 -2.81465019e-03 -5.88701131e-03  4.47294320e-03
 -2.26005487e-03 -1.65781388e-03 -6.99608064e-06 -7.14153856e-03
  3.38174755e-03  5.56430698e-03 -6.74942871e-03  1.48353623e-03
 -4.39912524e-03  1.49901286e-04  3.10277195e-03  4.98332156e-03
  6.92171736e-03 -5.30308376e-03 -4.43179362e-03 -1.24106949e-03
 -1.31663924e-02 -1.76489554e-03 -8.72386554e-03 -8.44816765e-03
 -4.46915750e-03 -1.36663007e-02 -3.15319260e-03 -5.61973152e-03
 -9.43365632e-03 -1.29682485e-03 -7.32035918e-03 -6.74303516e-03
  2.36685170e-04  2.10381114e-03 -8.45704691e-03 -9.42462396e-03
 -8.68360906e-03 -5.72888125e-03  1.07341786e-02 -8.85158985e-03
  8.00151201e-04  1.78402492e-02  2.31682871e-03  9.34588416e-03
  5.68139087e-03  2.27896491e-02  8.18954031e-03  1.63184110e-02
 -8.01928675e-03 -8.31593388e-03 -7.52022338e-03 -5.49962944e-03
 -6.15326538e-03 -6.60344298e-03 -4.18198563e-03  1.43058268e-02
  1.33706602e-02  1.26161358e-02  4.21339588e-03 -6.47871559e-03
 -1.91822095e-03  1.04914379e-02  2.85668992e-01  1.43335348e-01
  1.42365926e-01  1.46784748e-01  1.55530426e-01  1.40044012e-01
  1.40645759e-01  3.05557479e-01  1.41715640e-01  1.56117968e-01
  1.54311095e-01  1.60234850e-01  1.60446227e-01  1.51706166e-01
  3.20324601e-01  1.50255477e-01  1.57605544e-01  1.65050287e-01
  1.87040242e-01  1.60370475e-01  1.58908256e-01  3.38470532e-01
  1.58232731e-01  1.71809453e-01  1.72187349e-01  1.95930824e-01
  1.73723314e-01  1.70073776e-01  3.14714790e-01  1.48427988e-01
  1.55714308e-01  1.62140860e-01  1.66923506e-01  1.59512071e-01
  1.51015298e-01]

Gradient approximate =
[-1.70646164e-06  1.22753185e-05  3.91288912e-05  1.34482869e-06
  4.70372497e-05  2.58739408e-05 -8.98836561e-08  2.02154804e-05
  6.08289197e-06 -4.46064075e-06 -1.47359325e-05  2.53101429e-05
  3.05456771e-06 -2.09859552e-05 -2.01690642e-05  1.60426561e-06
  4.58642724e-05  3.65117714e-06  1.61349873e-04  5.63178637e-05
  9.56954338e-05  8.08517409e-05  4.98825714e-05  7.58979923e-05
  1.12543961e-04 -1.05459175e-04 -9.17827014e-05 -9.87325488e-05
 -6.17850326e-05 -2.52383447e-05 -7.51580509e-05 -7.31808236e-05
  4.38630199e-05  6.33306785e-05  3.29002070e-05  3.88141896e-05
  2.11720219e-05  4.74084527e-05  6.17202911e-05 -6.35634212e-06
 -2.94701419e-05 -1.60353109e-05  2.79716872e-01  1.36042688e-01
  1.41605765e-01  1.39493374e-01  1.38611232e-01  1.37435593e-01
  1.45573300e-01  3.00436332e-01  1.45907183e-01  1.52140082e-01
  1.49778128e-01  1.48629700e-01  1.47690731e-01  1.56237535e-01
  2.99405527e-01  1.45349526e-01  1.51405428e-01  1.49427681e-01
  1.48129263e-01  1.47250378e-01  1.55493004e-01  2.97630136e-01
  1.44608641e-01  1.50510287e-01  1.48682262e-01  1.47383681e-01
  1.46266479e-01  1.54573608e-01  2.84051338e-01  1.38025549e-01
  1.43866866e-01  1.41695589e-01  1.40718443e-01  1.39571950e-01
  1.47668717e-01  2.05426309e-03  1.06536949e-03  9.88802493e-04
  1.10108432e-03  1.07230385e-03  9.81786283e-04  1.02791861e-03
  0.00000000e+00  0.00000000e+00  0.00000000e+00  0.00000000e+00
  0.00000000e+00  0.00000000e+00  0.00000000e+00  0.00000000e+00
  0.00000000e+00  0.00000000e+00  0.00000000e+00  0.00000000e+00
  0.00000000e+00  0.00000000e+00  0.00000000e+00  0.00000000e+00
  0.00000000e+00  0.00000000e+00  0.00000000e+00  0.00000000e+00
  0.00000000e+00  0.00000000e+00  0.00000000e+00  0.00000000e+00
  0.00000000e+00  0.00000000e+00  0.00000000e+00  0.00000000e+00
  0.00000000e+00  0.00000000e+00  0.00000000e+00  0.00000000e+00
  0.00000000e+00  0.00000000e+00  0.00000000e+00  0.00000000e+00
  0.00000000e+00  0.00000000e+00  0.00000000e+00  0.00000000e+00
  0.00000000e+00  0.00000000e+00  0.00000000e+00  0.00000000e+00
  0.00000000e+00  0.00000000e+00  0.00000000e+00  0.00000000e+00
  0.00000000e+00  0.00000000e+00  0.00000000e+00  0.00000000e+00
  0.00000000e+00]

Diff = 
[3.29709169e-06 3.37300513e-03 7.01400342e-03 4.39903787e-06
 7.13150306e-03 3.90777141e-03 2.74416033e-06 4.85481934e-03
 9.98367850e-04 5.00331492e-06 1.76952204e-03 5.87612648e-03
 9.27607256e-06 6.17780934e-03 4.15467201e-03 4.18564122e-06
 5.55123400e-03 2.11159943e-04 6.92832996e-05 6.26417248e-03
 1.15566219e-03 2.76911756e-03 6.39271170e-03 1.98452327e-03
 3.22198862e-03 4.91073348e-04 5.21746329e-03 5.46117019e-03
 3.53879403e-04 5.74084923e-03 5.40466601e-03 1.99221288e-03
 1.38854225e-04 6.97205210e-03 1.32913273e-03 2.41563112e-03
 2.16676928e-04 4.67775994e-03 6.55801747e-03 1.14533069e-04
 4.84855662e-03 2.79861488e-03 2.85603883e-01 1.31569745e-01
 1.43865819e-01 1.41151187e-01 1.38618228e-01 1.44577132e-01
 1.42191552e-01 2.94872025e-01 1.52656612e-01 1.50656546e-01
 1.54177253e-01 1.48479799e-01 1.44587959e-01 1.51254213e-01
 2.92483810e-01 1.50652609e-01 1.55837221e-01 1.50668751e-01
 1.61295655e-01 1.49015274e-01 1.64216870e-01 3.06078304e-01
 1.49077799e-01 1.64176588e-01 1.51835455e-01 1.53003413e-01
 1.55700136e-01 1.55870433e-01 2.91371697e-01 1.44768584e-01
 1.43630181e-01 1.39591777e-01 1.49175490e-01 1.48996574e-01
 1.56352326e-01 7.78314434e-03 9.66880915e-03 9.84039234e-03
 3.00933120e-04 1.67679453e-02 1.33504242e-03 8.31796555e-03
 5.68139087e-03 2.27896491e-02 8.18954031e-03 1.63184110e-02
 8.01928675e-03 8.31593388e-03 7.52022338e-03 5.49962944e-03
 6.15326538e-03 6.60344298e-03 4.18198563e-03 1.43058268e-02
 1.33706602e-02 1.26161358e-02 4.21339588e-03 6.47871559e-03
 1.91822095e-03 1.04914379e-02 2.85668992e-01 1.43335348e-01
 1.42365926e-01 1.46784748e-01 1.55530426e-01 1.40044012e-01
 1.40645759e-01 3.05557479e-01 1.41715640e-01 1.56117968e-01
 1.54311095e-01 1.60234850e-01 1.60446227e-01 1.51706166e-01
 3.20324601e-01 1.50255477e-01 1.57605544e-01 1.65050287e-01
 1.87040242e-01 1.60370475e-01 1.58908256e-01 3.38470532e-01
 1.58232731e-01 1.71809453e-01 1.72187349e-01 1.95930824e-01
 1.73723314e-01 1.70073776e-01 3.14714790e-01 1.48427988e-01
 1.55714308e-01 1.62140860e-01 1.66923506e-01 1.59512071e-01
 1.51015298e-01]

 Iteration 500:
############################
Gradient = 
[-3.72633923e-06  3.02536787e-03  6.29524365e-03 -3.49613695e-06
  6.40395881e-03  3.50966083e-03  2.78825483e-06  4.35079025e-03
  8.96387601e-04  2.46907906e-06  1.57305828e-03  5.26805376e-03
 -7.44053164e-06 -5.53446642e-03 -3.72629078e-03 -3.36257741e-06
  4.99107153e-03  1.90744753e-04  5.68705226e-06 -5.58360012e-03
 -9.93404883e-04 -2.44485754e-03 -5.70210791e-03  1.80239526e-03
  2.93096204e-03  4.64495404e-04 -4.70003444e-03 -4.92211336e-03
  3.00022441e-04  5.13662838e-03 -4.85226955e-03 -1.80540566e-03
 -1.43105974e-04  6.25411659e-03  1.19083125e-03  2.16563988e-03
 -1.97293981e-04  4.19428997e-03  5.88339522e-03 -1.60905482e-04
 -4.37208135e-03 -2.53201725e-03 -5.27337093e-03  3.97215292e-03
 -2.03482884e-03 -1.49881764e-03 -5.87759683e-05 -6.39767360e-03
  2.99096770e-03  4.93859836e-03 -6.04711337e-03  1.30039889e-03
 -3.95038703e-03  1.74186611e-04  2.77939909e-03  4.45736215e-03
  6.18745777e-03 -4.72095936e-03 -3.94213122e-03 -1.09674118e-03
 -1.18471459e-02 -1.63181297e-03 -7.84361530e-03 -7.54914200e-03
 -3.83801433e-03 -1.22529289e-02 -2.85048109e-03 -4.22276654e-03
 -8.04338450e-03 -7.70152139e-04 -6.10547145e-03 -6.08309749e-03
  5.90064235e-04  2.26469263e-03 -7.91445662e-03 -8.60691066e-03
 -7.95020666e-03 -5.29104350e-03  1.24103862e-02 -8.39715618e-03
  2.02070582e-03  2.01435775e-02  3.92261413e-03  1.19909921e-02
  7.16696270e-03  2.45180381e-02  1.03467105e-02  1.75624149e-02
 -6.24583077e-03 -6.74763599e-03 -6.69912622e-03 -4.80667167e-03
 -4.36187434e-03 -4.70454518e-03 -2.34700407e-03  1.52644274e-02
  1.25342566e-02  1.40952413e-02  4.50842767e-03 -8.14405775e-03
 -1.78341809e-03  9.73682270e-03  2.87466292e-01  1.44247839e-01
  1.43186072e-01  1.48593800e-01  1.58313996e-01  1.43243546e-01
  1.40227226e-01  3.04317707e-01  1.42392622e-01  1.54980052e-01
  1.54879942e-01  1.61470996e-01  1.61064613e-01  1.49600068e-01
  3.22982200e-01  1.52702011e-01  1.59053976e-01  1.67346622e-01
  1.91932103e-01  1.63623556e-01  1.60096003e-01  3.44974096e-01
  1.62489972e-01  1.76176773e-01  1.76743100e-01  2.02163737e-01
  1.79873366e-01  1.72212951e-01  3.20030964e-01  1.52320520e-01
  1.57987494e-01  1.65428581e-01  1.72732738e-01  1.64951652e-01
  1.53493511e-01]

Gradient approximate =
[-1.46545887e-06  1.08491816e-05  3.47582807e-05  9.60327373e-07
  4.09070644e-05  2.25018537e-05 -1.25035537e-07  1.86411464e-05
  5.24261745e-06 -3.41572104e-06 -1.02235931e-05  2.36793007e-05
  2.21990870e-06 -2.09886974e-05 -1.85413596e-05  1.26197941e-06
  3.95623379e-05  3.07291304e-06  1.46960863e-04  5.06354625e-05
  8.51608051e-05  7.25569427e-05  4.52867854e-05  7.07943415e-05
  1.00619819e-04 -8.32481550e-05 -7.52105334e-05 -8.06047473e-05
 -4.83235296e-05 -1.63996772e-05 -6.35799258e-05 -5.86417648e-05
  4.00223010e-05  5.71506931e-05  3.00115621e-05  3.52146734e-05
  1.94848515e-05  4.26333568e-05  5.56259039e-05  3.56071839e-06
 -2.12036544e-05 -8.89778917e-06  2.82140322e-01  1.37721459e-01
  1.42487340e-01  1.40742777e-01  1.40001123e-01  1.38733168e-01
  1.48594152e-01  2.99890839e-01  1.46192286e-01  1.51491479e-01
  1.49550388e-01  1.48598458e-01  1.47538274e-01  1.57842641e-01
  2.99416398e-01  1.45911526e-01  1.51079826e-01  1.49447447e-01
  1.48371715e-01  1.47360480e-01  1.57355782e-01  2.98063346e-01
  1.45361903e-01  1.50404069e-01  1.48886686e-01  1.47824422e-01
  1.46599118e-01  1.56639602e-01  2.85123735e-01  1.39057317e-01
  1.44050263e-01  1.42268895e-01  1.41449157e-01  1.40209116e-01
  1.50032385e-01  1.82620491e-03  9.67918723e-04  8.80034619e-04
  9.81917569e-04  9.69399250e-04  8.73628820e-04  9.20244745e-04
  0.00000000e+00  0.00000000e+00  0.00000000e+00  0.00000000e+00
  0.00000000e+00  0.00000000e+00  0.00000000e+00  0.00000000e+00
  0.00000000e+00  0.00000000e+00  0.00000000e+00  0.00000000e+00
  0.00000000e+00  0.00000000e+00  0.00000000e+00  0.00000000e+00
  0.00000000e+00  0.00000000e+00  0.00000000e+00  0.00000000e+00
  0.00000000e+00  0.00000000e+00  0.00000000e+00  0.00000000e+00
  0.00000000e+00  0.00000000e+00  0.00000000e+00  0.00000000e+00
  0.00000000e+00  0.00000000e+00  0.00000000e+00  0.00000000e+00
  0.00000000e+00  0.00000000e+00  0.00000000e+00  0.00000000e+00
  0.00000000e+00  0.00000000e+00  0.00000000e+00  0.00000000e+00
  0.00000000e+00  0.00000000e+00  0.00000000e+00  0.00000000e+00
  0.00000000e+00  0.00000000e+00  0.00000000e+00  0.00000000e+00
  0.00000000e+00  0.00000000e+00  0.00000000e+00  0.00000000e+00
  0.00000000e+00]

Diff = 
[2.26088037e-06 3.01451869e-03 6.26048537e-03 4.45646432e-06
 6.36305175e-03 3.48715897e-03 2.91329036e-06 4.33214910e-03
 8.91144983e-04 5.88480010e-06 1.58328188e-03 5.24437446e-03
 9.66044034e-06 5.51347773e-03 3.70774942e-03 4.62455682e-06
 4.95150920e-03 1.87671840e-04 1.41273811e-04 5.63423559e-03
 1.07856569e-03 2.51741448e-03 5.74739470e-03 1.73160092e-03
 2.83034222e-03 5.47743559e-04 4.62482391e-03 4.84150861e-03
 3.48345971e-04 5.15302805e-03 4.78868962e-03 1.74676390e-03
 1.83128275e-04 6.19696589e-03 1.16081968e-03 2.13042520e-03
 2.16778832e-04 4.15165661e-03 5.82776932e-03 1.64466200e-04
 4.35087770e-03 2.52311946e-03 2.87413692e-01 1.33749306e-01
 1.44522168e-01 1.42241594e-01 1.40059899e-01 1.45130841e-01
 1.45603184e-01 2.94952240e-01 1.52239399e-01 1.50191080e-01
 1.53500775e-01 1.48424271e-01 1.44758875e-01 1.53385279e-01
 2.93228941e-01 1.50632486e-01 1.55021957e-01 1.50544189e-01
 1.60218861e-01 1.48992293e-01 1.65199397e-01 3.05612488e-01
 1.49199918e-01 1.62656998e-01 1.51737168e-01 1.52047188e-01
 1.54642503e-01 1.57409754e-01 2.91229207e-01 1.45140414e-01
 1.43460198e-01 1.40004203e-01 1.49363614e-01 1.48816027e-01
 1.57982592e-01 7.11724842e-03 1.14424675e-02 9.27719079e-03
 1.03878826e-03 1.91741783e-02 3.04898531e-03 1.10707473e-02
 7.16696270e-03 2.45180381e-02 1.03467105e-02 1.75624149e-02
 6.24583077e-03 6.74763599e-03 6.69912622e-03 4.80667167e-03
 4.36187434e-03 4.70454518e-03 2.34700407e-03 1.52644274e-02
 1.25342566e-02 1.40952413e-02 4.50842767e-03 8.14405775e-03
 1.78341809e-03 9.73682270e-03 2.87466292e-01 1.44247839e-01
 1.43186072e-01 1.48593800e-01 1.58313996e-01 1.43243546e-01
 1.40227226e-01 3.04317707e-01 1.42392622e-01 1.54980052e-01
 1.54879942e-01 1.61470996e-01 1.61064613e-01 1.49600068e-01
 3.22982200e-01 1.52702011e-01 1.59053976e-01 1.67346622e-01
 1.91932103e-01 1.63623556e-01 1.60096003e-01 3.44974096e-01
 1.62489972e-01 1.76176773e-01 1.76743100e-01 2.02163737e-01
 1.79873366e-01 1.72212951e-01 3.20030964e-01 1.52320520e-01
 1.57987494e-01 1.65428581e-01 1.72732738e-01 1.64951652e-01
 1.53493511e-01]

 Iteration 600:
############################
Gradient = 
[-2.91793161e-06  2.70248798e-03  5.61829803e-03 -3.97755055e-06
  5.71270318e-03  3.13129145e-03  2.85603884e-06  3.88254629e-03
  7.99911447e-04  3.95951841e-06  1.40907441e-03  4.70233274e-03
 -8.17488455e-06 -4.94017108e-03 -3.32566819e-03 -3.95277289e-06
  4.45118072e-03  1.69435253e-04 -7.71054575e-05 -5.02378101e-03
 -9.30588290e-04 -2.22485187e-03 -5.12802438e-03  1.57232316e-03
  2.57370160e-03  5.54571685e-04 -4.15135946e-03 -4.34793943e-03
  3.12381233e-04  4.62509665e-03 -4.28671333e-03 -1.56844332e-03
 -1.86758504e-04  5.55949471e-03  1.04082152e-03  1.91050357e-03
 -1.96571098e-04  3.72217835e-03  5.22885427e-03 -2.14104979e-04
 -3.92673879e-03 -2.28610623e-03 -4.73227820e-03  3.51925460e-03
 -1.84030087e-03 -1.36306710e-03 -9.87554502e-05 -5.72778982e-03
  2.64882796e-03  4.38659341e-03 -5.41458366e-03  1.14182406e-03
 -3.54393229e-03  1.78815697e-04  2.48124864e-03  3.97793182e-03
  5.52221598e-03 -4.21088586e-03 -3.51409119e-03 -9.77586100e-04
 -1.06476389e-02 -1.49685262e-03 -7.04065921e-03 -6.73947215e-03
 -3.25443731e-03 -1.09761390e-02 -2.56869461e-03 -2.96007693e-03
 -6.78904072e-03 -2.86095419e-04 -5.01736292e-03 -5.48562475e-03
  9.15108733e-04  2.41332442e-03 -7.45122110e-03 -7.88682090e-03
 -7.30521653e-03 -4.91480422e-03  1.39072270e-02 -7.99569654e-03
  3.10411957e-03  2.21942912e-02  5.34151642e-03  1.43587388e-02
  8.48413448e-03  2.59740752e-02  1.22300735e-02  1.86223194e-02
 -4.62518764e-03 -5.31821289e-03 -5.98645361e-03 -4.22181630e-03
 -2.69596296e-03 -2.96505829e-03 -6.70208836e-04  1.61269435e-02
  1.14714379e-02  1.54767694e-02  4.62331562e-03 -1.01045661e-02
 -1.86839350e-03  8.64966333e-03  2.89104233e-01  1.45094710e-01
  1.43936032e-01  1.50244793e-01  1.60784119e-01  1.46108919e-01
  1.39396277e-01  3.03215624e-01  1.43005627e-01  1.53973463e-01
  1.55396364e-01  1.62499136e-01  1.61579547e-01  1.47239447e-01
  3.25370194e-01  1.54909386e-01  1.60350608e-01  1.69424398e-01
  1.96279659e-01  1.66534510e-01  1.60630011e-01  3.50548816e-01
  1.66188104e-01  1.79953912e-01  1.80729322e-01  2.07508352e-01
  1.85223426e-01  1.73367554e-01  3.24702220e-01  1.55790492e-01
  1.59927229e-01  1.68311491e-01  1.77911769e-01  1.69808040e-01
  1.55141255e-01]

Gradient approximate =
[-1.23718591e-06  9.76687398e-06  3.09458503e-05  6.85764778e-07
  3.57496810e-05  1.96592009e-05 -1.36439748e-07  1.71391590e-05
  4.56019000e-06 -2.61504596e-06 -6.85807411e-06  2.19562746e-05
  1.61668900e-06 -2.03566697e-05 -1.69399850e-05  9.96653871e-07
  3.42510309e-05  2.59227750e-06  1.33360554e-04  4.53958338e-05
  7.56928076e-05  6.49823817e-05  4.09503875e-05  6.56128130e-05
  8.98523167e-05 -6.56203936e-05 -6.19508178e-05 -6.61720523e-05
 -3.78524079e-05 -9.88283011e-06 -5.38430367e-05 -4.71878780e-05
  3.64705199e-05  5.15031484e-05  2.72783973e-05  3.18910875e-05
  1.78725212e-05  3.84211374e-05  5.00753283e-05  1.06024567e-05
 -1.49160884e-05 -3.73851394e-06  2.84314710e-01  1.39239571e-01
  1.43280140e-01  1.41863389e-01  1.41262587e-01  1.39898715e-01
  1.51317546e-01  2.99412697e-01  1.46457308e-01  1.50923317e-01
  1.49351663e-01  1.48583522e-01  1.47404500e-01  1.59266757e-01
  2.99438812e-01  1.46426968e-01  1.50796994e-01  1.49474205e-01
  1.48604914e-01  1.47464438e-01  1.59028065e-01  2.98469951e-01
  1.46053438e-01  1.50318425e-01  1.49084495e-01  1.48237525e-01
  1.46904446e-01  1.58505578e-01  2.86102309e-01  1.39999388e-01
  1.44228173e-01  1.42790526e-01  1.42124560e-01  1.40788958e-01
  1.52156736e-01  1.62647765e-03  8.82161932e-04  7.84153236e-04
  8.78841355e-04  8.78659812e-04  7.78458957e-04  8.26645439e-04
  0.00000000e+00  0.00000000e+00  0.00000000e+00  0.00000000e+00
  0.00000000e+00  0.00000000e+00  0.00000000e+00  0.00000000e+00
  0.00000000e+00  0.00000000e+00  0.00000000e+00  0.00000000e+00
  0.00000000e+00  0.00000000e+00  0.00000000e+00  0.00000000e+00
  0.00000000e+00  0.00000000e+00  0.00000000e+00  0.00000000e+00
  0.00000000e+00  0.00000000e+00  0.00000000e+00  0.00000000e+00
  0.00000000e+00  0.00000000e+00  0.00000000e+00  0.00000000e+00
  0.00000000e+00  0.00000000e+00  0.00000000e+00  0.00000000e+00
  0.00000000e+00  0.00000000e+00  0.00000000e+00  0.00000000e+00
  0.00000000e+00  0.00000000e+00  0.00000000e+00  0.00000000e+00
  0.00000000e+00  0.00000000e+00  0.00000000e+00  0.00000000e+00
  0.00000000e+00  0.00000000e+00  0.00000000e+00  0.00000000e+00
  0.00000000e+00  0.00000000e+00  0.00000000e+00  0.00000000e+00
  0.00000000e+00]

Diff = 
[1.68074570e-06 2.69272110e-03 5.58735218e-03 4.66331532e-06
 5.67695350e-03 3.11163225e-03 2.99247859e-06 3.86540713e-03
 7.95351257e-04 6.57456437e-06 1.41593249e-03 4.68037647e-03
 9.79157355e-06 4.91981441e-03 3.30872821e-03 4.94942676e-06
 4.41692969e-03 1.66842976e-04 2.10466011e-04 5.06917684e-03
 1.00628110e-03 2.28983425e-03 5.16897477e-03 1.50671035e-03
 2.48384928e-03 6.20192078e-04 4.08940864e-03 4.28176738e-03
 3.50233641e-04 4.63497948e-03 4.23287029e-03 1.52125544e-03
 2.23229024e-04 5.50799156e-03 1.01354312e-03 1.87861249e-03
 2.14443619e-04 3.68375722e-03 5.17877895e-03 2.24707436e-04
 3.91182270e-03 2.28236772e-03 2.89046988e-01 1.35720316e-01
 1.45120441e-01 1.43226456e-01 1.41361343e-01 1.45626505e-01
 1.48668718e-01 2.95026104e-01 1.51871892e-01 1.49781493e-01
 1.52895595e-01 1.48404706e-01 1.44923251e-01 1.55288826e-01
 2.93916596e-01 1.50637854e-01 1.54311085e-01 1.50451791e-01
 1.59252553e-01 1.48961290e-01 1.66068724e-01 3.05209423e-01
 1.49307875e-01 1.61294564e-01 1.51653190e-01 1.51197602e-01
 1.53693487e-01 1.58791673e-01 2.91119672e-01 1.45485013e-01
 1.43313065e-01 1.40377201e-01 1.49575781e-01 1.48675779e-01
 1.59461952e-01 6.54128187e-03 1.30250651e-02 8.77984978e-03
 2.22527822e-03 2.13156313e-02 4.56305747e-03 1.35320934e-02
 8.48413448e-03 2.59740752e-02 1.22300735e-02 1.86223194e-02
 4.62518764e-03 5.31821289e-03 5.98645361e-03 4.22181630e-03
 2.69596296e-03 2.96505829e-03 6.70208836e-04 1.61269435e-02
 1.14714379e-02 1.54767694e-02 4.62331562e-03 1.01045661e-02
 1.86839350e-03 8.64966333e-03 2.89104233e-01 1.45094710e-01
 1.43936032e-01 1.50244793e-01 1.60784119e-01 1.46108919e-01
 1.39396277e-01 3.03215624e-01 1.43005627e-01 1.53973463e-01
 1.55396364e-01 1.62499136e-01 1.61579547e-01 1.47239447e-01
 3.25370194e-01 1.54909386e-01 1.60350608e-01 1.69424398e-01
 1.96279659e-01 1.66534510e-01 1.60630011e-01 3.50548816e-01
 1.66188104e-01 1.79953912e-01 1.80729322e-01 2.07508352e-01
 1.85223426e-01 1.73367554e-01 3.24702220e-01 1.55790492e-01
 1.59927229e-01 1.68311491e-01 1.77911769e-01 1.69808040e-01
 1.55141255e-01]

 Iteration 700:
############################
Gradient = 
[-2.35137615e-06  2.41344435e-03  5.01386357e-03 -4.45642294e-06
  5.09593077e-03  2.79366000e-03  2.83218162e-06  3.46427938e-03
  7.13745155e-04  5.10850999e-06  1.26134007e-03  4.19712084e-03
 -8.52172660e-06 -4.40868502e-03 -2.96787528e-03 -4.37177219e-06
  3.97016492e-03  1.50579578e-04 -1.59642523e-04 -4.52332689e-03
 -8.73187187e-04 -2.02765929e-03 -4.61513842e-03  1.36602575e-03
  2.25588142e-03  6.50803470e-04 -3.65918751e-03 -3.83313350e-03
  3.26112882e-04  4.17133499e-03 -3.77872850e-03 -1.35448981e-03
 -2.28115529e-04  4.94103911e-03  9.08477222e-04  1.68422080e-03
 -1.94691374e-04  3.30164725e-03  4.64615523e-03 -2.83145734e-04
 -3.53673122e-03 -2.07425709e-03 -4.25722791e-03  3.10785100e-03
 -1.67441125e-03 -1.24930202e-03 -1.32328108e-04 -5.12672368e-03
  2.34708955e-03  3.89746083e-03 -4.84699972e-03  1.00295030e-03
 -3.17798645e-03  1.63064052e-04  2.20541693e-03  3.53991481e-03
  4.91835925e-03 -3.76534086e-03 -3.14159288e-03 -8.81056369e-04
 -9.56222581e-03 -1.36348254e-03 -6.31022419e-03 -6.01118866e-03
 -2.71815133e-03 -9.82568593e-03 -2.30942160e-03 -1.82906806e-03
 -5.66283071e-03  1.52710816e-04 -4.04756510e-03 -4.94846734e-03
  1.20966220e-03  2.54680751e-03 -7.06083487e-03 -7.25411736e-03
 -6.73947787e-03 -4.59270522e-03  1.52403726e-02 -7.64438736e-03
  4.06258604e-03  2.40098733e-02  6.58599428e-03  1.64709540e-02
  9.64730788e-03  2.71801003e-02  1.38623312e-02  1.95128920e-02
 -3.15491343e-03 -4.02092315e-03 -5.37938559e-03 -3.73920835e-03
 -1.14742285e-03 -1.37418262e-03  8.60207892e-04  1.68917093e-02
  1.02005917e-02  1.67651756e-02  4.57295058e-03 -1.23335568e-02
 -2.15370673e-03  7.25981970e-03  2.90601898e-01  1.45884599e-01
  1.44626406e-01  1.51754951e-01  1.62967369e-01  1.48673786e-01
  1.38195142e-01  3.02241590e-01  1.43565067e-01  1.53086421e-01
  1.55868790e-01  1.63346413e-01  1.62009035e-01  1.44661320e-01
  3.27502478e-01  1.56896443e-01  1.61507054e-01  1.71297960e-01
  2.00120456e-01  1.69125918e-01  1.60567683e-01  3.55276205e-01
  1.69372487e-01  1.83197686e-01  1.84189767e-01  2.12024559e-01
  1.89833537e-01  1.73623817e-01  3.28786335e-01  1.58874530e-01
  1.61565904e-01  1.70821816e-01  1.82505691e-01  1.74127971e-01
  1.56033965e-01]

Gradient approximate =
[-1.02841291e-06  8.91383856e-06  2.76008971e-05  4.91295893e-07
  3.13791504e-05  1.72450365e-05 -1.34199318e-07  1.57159907e-05
  3.99664080e-06 -2.00174544e-06 -4.36493508e-06  2.02175676e-05
  1.18166366e-06 -1.93266225e-05 -1.54007584e-05  7.92068633e-07
  2.97600544e-05  2.19481100e-06  1.20698769e-04  4.06433820e-05
  6.72570422e-05  5.81439985e-05  3.69454867e-05  6.05164852e-05
  8.01994271e-05 -5.17402809e-05 -5.13636356e-05 -5.46997958e-05
 -2.97702285e-05 -5.19673637e-06 -4.57293337e-05 -3.82055521e-05
  3.32180150e-05  4.63820071e-05  2.47460052e-05  2.88594437e-05
  1.63678315e-05  3.46925999e-05  4.50564430e-05  1.54688129e-05
 -1.01227426e-05 -3.17790239e-08  2.86274945e-01  1.40617897e-01
  1.43998736e-01  1.42876052e-01  1.42411418e-01  1.40951967e-01
  1.53773780e-01  2.98998558e-01  1.46707393e-01  1.50428674e-01
  1.49183590e-01  1.48584398e-01  1.47291862e-01  1.60532253e-01
  2.99480945e-01  1.46906401e-01  1.50557817e-01  1.49514222e-01
  1.48833526e-01  1.47569659e-01  1.60533051e-01  2.98855215e-01
  1.46691640e-01  1.50253590e-01  1.49279305e-01  1.48626363e-01
  1.47188863e-01  1.60190355e-01  2.87001449e-01  1.40863759e-01
  1.44403712e-01  1.43271142e-01  1.42751269e-01  1.41321625e-01
  1.54067392e-01  1.45350539e-03  8.07702327e-04  7.00668048e-04
  7.90557348e-04  7.99706252e-04  6.95698779e-04  7.46188917e-04
  0.00000000e+00  0.00000000e+00  0.00000000e+00  0.00000000e+00
  0.00000000e+00  0.00000000e+00  0.00000000e+00  0.00000000e+00
  0.00000000e+00  0.00000000e+00  0.00000000e+00  0.00000000e+00
  0.00000000e+00  0.00000000e+00  0.00000000e+00  0.00000000e+00
  0.00000000e+00  0.00000000e+00  0.00000000e+00  0.00000000e+00
  0.00000000e+00  0.00000000e+00  0.00000000e+00  0.00000000e+00
  0.00000000e+00  0.00000000e+00  0.00000000e+00  0.00000000e+00
  0.00000000e+00  0.00000000e+00  0.00000000e+00  0.00000000e+00
  0.00000000e+00  0.00000000e+00  0.00000000e+00  0.00000000e+00
  0.00000000e+00  0.00000000e+00  0.00000000e+00  0.00000000e+00
  0.00000000e+00  0.00000000e+00  0.00000000e+00  0.00000000e+00
  0.00000000e+00  0.00000000e+00  0.00000000e+00  0.00000000e+00
  0.00000000e+00  0.00000000e+00  0.00000000e+00  0.00000000e+00
  0.00000000e+00]

Diff = 
[1.32296324e-06 2.40453051e-03 4.98626267e-03 4.94771884e-06
 5.06455162e-03 2.77641497e-03 2.96638094e-06 3.44856339e-03
 7.09748514e-04 7.11025542e-06 1.26570500e-03 4.17690328e-03
 9.70339025e-06 4.38935840e-03 2.95247452e-03 5.16384082e-06
 3.94040486e-03 1.48384767e-04 2.80341291e-04 4.56397027e-03
 9.40444229e-04 2.08580329e-03 4.65208391e-03 1.30550927e-03
 2.17568199e-03 7.02543751e-04 3.60782387e-03 3.77843370e-03
 3.55883111e-04 4.17653172e-03 3.73299916e-03 1.31628426e-03
 2.61333544e-04 4.89465711e-03 8.83731217e-04 1.65536136e-03
 2.11059205e-04 3.26695465e-03 4.60109878e-03 2.98614547e-04
 3.52660847e-03 2.07422531e-03 2.90532173e-01 1.37510046e-01
 1.45673147e-01 1.44125354e-01 1.42543746e-01 1.46078691e-01
 1.51426690e-01 2.95101097e-01 1.51554393e-01 1.49425724e-01
 1.52361576e-01 1.48421334e-01 1.45086445e-01 1.56992338e-01
 2.94562586e-01 1.50671742e-01 1.53699410e-01 1.50395279e-01
 1.58395752e-01 1.48933141e-01 1.66843275e-01 3.04866404e-01
 1.49409791e-01 1.60079276e-01 1.51588727e-01 1.50455431e-01
 1.52851693e-01 1.60037644e-01 2.91049014e-01 1.45812226e-01
 1.43194050e-01 1.40724335e-01 1.49812104e-01 1.48575742e-01
 1.60806870e-01 6.04621062e-03 1.44326703e-02 8.34505541e-03
 3.27202869e-03 2.32101671e-02 5.89029550e-03 1.57247651e-02
 9.64730788e-03 2.71801003e-02 1.38623312e-02 1.95128920e-02
 3.15491343e-03 4.02092315e-03 5.37938559e-03 3.73920835e-03
 1.14742285e-03 1.37418262e-03 8.60207892e-04 1.68917093e-02
 1.02005917e-02 1.67651756e-02 4.57295058e-03 1.23335568e-02
 2.15370673e-03 7.25981970e-03 2.90601898e-01 1.45884599e-01
 1.44626406e-01 1.51754951e-01 1.62967369e-01 1.48673786e-01
 1.38195142e-01 3.02241590e-01 1.43565067e-01 1.53086421e-01
 1.55868790e-01 1.63346413e-01 1.62009035e-01 1.44661320e-01
 3.27502478e-01 1.56896443e-01 1.61507054e-01 1.71297960e-01
 2.00120456e-01 1.69125918e-01 1.60567683e-01 3.55276205e-01
 1.69372487e-01 1.83197686e-01 1.84189767e-01 2.12024559e-01
 1.89833537e-01 1.73623817e-01 3.28786335e-01 1.58874530e-01
 1.61565904e-01 1.70821816e-01 1.82505691e-01 1.74127971e-01
 1.56033965e-01]

 Iteration 800:
############################
Gradient = 
[-1.90664671e-06  2.15502536e-03  4.47429842e-03 -4.90936064e-06
  4.54569029e-03  2.49239966e-03  2.70792134e-06  3.09064094e-03
  6.36766050e-04  5.97591726e-06  1.12838527e-03  3.74599048e-03
 -8.57840123e-06 -3.93356068e-03 -2.64837178e-03 -4.65220513e-06
  3.54152364e-03  1.33890869e-04 -2.44270708e-04 -4.07714764e-03
 -8.22060357e-04 -1.85217006e-03 -4.15807351e-03  1.18010395e-03
  1.97194225e-03  7.49318490e-04 -3.21928474e-03 -3.37321285e-03
  3.39142788e-04  3.76730280e-03 -3.32392281e-03 -1.16289805e-03
 -2.68759433e-04  4.38972220e-03  7.91006769e-04  1.48282806e-03
 -1.92563163e-04  2.92649851e-03  4.12673520e-03 -3.69060579e-04
 -3.19654437e-03 -1.89323609e-03 -3.84157031e-03  2.73301959e-03
 -1.53461403e-03 -1.15558841e-03 -1.63412239e-04 -4.58905708e-03
  2.07928664e-03  3.46236846e-03 -4.33928262e-03  8.79988964e-04
 -2.85015992e-03  1.27203357e-04  1.94977411e-03  3.13921333e-03
  4.36955668e-03 -3.37715401e-03 -2.81872250e-03 -8.04425581e-04
 -8.58390150e-03 -1.23368022e-03 -5.64687300e-03 -5.35630847e-03
 -2.22737840e-03 -8.79115713e-03 -2.07286183e-03 -8.24314776e-04
 -4.65594903e-03  5.45811775e-04 -3.18688741e-03 -4.46774007e-03
  1.47338357e-03  2.66401966e-03 -6.73628512e-03 -6.69902247e-03
 -6.24410466e-03 -4.31764853e-03  1.64252072e-02 -7.33977772e-03
  4.90785999e-03  2.56108602e-02  7.67023729e-03  1.83503365e-02
  1.06717950e-02  2.81600012e-02  1.52670377e-02  2.02503988e-02
 -1.82902176e-03 -2.84739300e-03 -4.87286832e-03 -3.35155435e-03
  2.93218233e-04  7.96577446e-05  2.25659159e-03  1.75593866e-02
  8.73954363e-03  1.79658897e-02  4.37187735e-03 -1.48052516e-02
 -2.62019748e-03  5.59574777e-03  2.91977970e-01  1.46626793e-01
  1.45267957e-01  1.53141458e-01  1.64891195e-01  1.50970990e-01
  1.36664972e-01  3.01388023e-01  1.44081360e-01  1.52309720e-01
  1.56306017e-01  1.64038903e-01  1.62370215e-01  1.41899578e-01
  3.29396472e-01  1.58683209e-01  1.62536614e-01  1.72983694e-01
  2.03494319e-01  1.71422859e-01  1.59966604e-01  3.59237290e-01
  1.72089594e-01  1.85963369e-01  1.87170082e-01  2.15777635e-01
  1.93766799e-01  1.73071072e-01  3.32340646e-01  1.61609735e-01
  1.62935934e-01  1.72993242e-01  1.86562801e-01  1.77959642e-01
  1.56247557e-01]

Gradient approximate =
[-8.42428349e-07  8.21287260e-06  2.46513765e-05  3.54669627e-07
  2.76500622e-05  1.51803303e-05 -1.24724675e-07  1.43761070e-05
  3.52393004e-06 -1.53207447e-06 -2.53404853e-06  1.85144367e-05
  8.68694006e-07 -1.80658111e-05 -1.39456202e-05  6.35520525e-07
  2.59509925e-05  1.86747728e-06  1.09098746e-04  3.64144559e-05
  5.98204508e-05  5.20542764e-05  3.33331251e-05  5.56439983e-05
  7.16227522e-05 -4.09235312e-05 -4.29386193e-05 -4.56061500e-05
 -2.35992736e-05 -1.95244487e-06 -3.90333965e-05 -3.12075432e-05
  3.02931058e-05  4.17820112e-05  2.24519803e-05  2.61364197e-05
  1.50036517e-05  3.13996806e-05  4.05599332e-05  1.87448213e-05
 -6.43311848e-06  2.63828515e-06  2.88053826e-01  1.41876621e-01
  1.44657405e-01  1.43800243e-01  1.43463460e-01  1.41911756e-01
  1.55992448e-01  2.98647510e-01  1.46948590e-01  1.50003064e-01
  1.49048715e-01  1.48602404e-01  1.47203750e-01  1.61660573e-01
  2.99550982e-01  1.47360177e-01  1.50364010e-01  1.49573711e-01
  1.49062906e-01  1.47683482e-01  1.61892946e-01  2.99226264e-01
  1.47285718e-01  1.50211384e-01  1.49475877e-01  1.48995825e-01
  1.47459546e-01  1.61713228e-01  2.87836181e-01  1.41662814e-01
  1.44581265e-01  1.43721379e-01  1.43337104e-01  1.41817565e-01
  1.55789392e-01  1.30620936e-03  7.44319668e-04  6.29276820e-04
  7.16140158e-04  7.32324510e-04  6.24986003e-04  6.78239105e-04
  0.00000000e+00  0.00000000e+00  0.00000000e+00  0.00000000e+00
  0.00000000e+00  0.00000000e+00  0.00000000e+00  0.00000000e+00
  0.00000000e+00  0.00000000e+00  0.00000000e+00  0.00000000e+00
  0.00000000e+00  0.00000000e+00  0.00000000e+00  0.00000000e+00
  0.00000000e+00  0.00000000e+00  0.00000000e+00  0.00000000e+00
  0.00000000e+00  0.00000000e+00  0.00000000e+00  0.00000000e+00
  0.00000000e+00  0.00000000e+00  0.00000000e+00  0.00000000e+00
  0.00000000e+00  0.00000000e+00  0.00000000e+00  0.00000000e+00
  0.00000000e+00  0.00000000e+00  0.00000000e+00  0.00000000e+00
  0.00000000e+00  0.00000000e+00  0.00000000e+00  0.00000000e+00
  0.00000000e+00  0.00000000e+00  0.00000000e+00  0.00000000e+00
  0.00000000e+00  0.00000000e+00  0.00000000e+00  0.00000000e+00
  0.00000000e+00  0.00000000e+00  0.00000000e+00  0.00000000e+00
  0.00000000e+00]

Diff = 
[1.06421836e-06 2.14681249e-03 4.44964705e-03 5.26403027e-06
 4.51804023e-03 2.47721933e-03 2.83264602e-06 3.07626483e-03
 6.33242120e-04 7.50799173e-06 1.13091932e-03 3.72747605e-03
 9.44709523e-06 3.91549487e-03 2.63442616e-03 5.28772566e-06
 3.51557265e-03 1.32023391e-04 3.53369453e-04 4.11356209e-03
 8.81880808e-04 1.90422434e-03 4.19140663e-03 1.12445995e-03
 1.90031950e-03 7.90242021e-04 3.17634612e-03 3.32760670e-03
 3.62742061e-04 3.76925525e-03 3.28488942e-03 1.13169051e-03
 2.99052539e-04 4.34794019e-03 7.68554788e-04 1.45669164e-03
 2.07566814e-04 2.89509883e-03 4.08617526e-03 3.87805400e-04
 3.19011126e-03 1.89587437e-03 2.91895396e-01 1.39143601e-01
 1.46192019e-01 1.44955832e-01 1.43626872e-01 1.46500813e-01
 1.53913162e-01 2.95185142e-01 1.51287873e-01 1.49123075e-01
 1.51898875e-01 1.48475201e-01 1.45253976e-01 1.58521359e-01
 2.95181426e-01 1.50737331e-01 1.53182732e-01 1.50378136e-01
 1.57646808e-01 1.48917162e-01 1.67539819e-01 3.04582573e-01
 1.49513096e-01 1.59002542e-01 1.51548738e-01 1.49820140e-01
 1.52115495e-01 1.61167417e-01 2.91023068e-01 1.46130554e-01
 1.43107882e-01 1.41057360e-01 1.50073390e-01 1.48516588e-01
 1.62033497e-01 5.62385788e-03 1.56808875e-02 7.96905454e-03
 4.19171983e-03 2.48785357e-02 7.04525129e-03 1.76720974e-02
 1.06717950e-02 2.81600012e-02 1.52670377e-02 2.02503988e-02
 1.82902176e-03 2.84739300e-03 4.87286832e-03 3.35155435e-03
 2.93218233e-04 7.96577446e-05 2.25659159e-03 1.75593866e-02
 8.73954363e-03 1.79658897e-02 4.37187735e-03 1.48052516e-02
 2.62019748e-03 5.59574777e-03 2.91977970e-01 1.46626793e-01
 1.45267957e-01 1.53141458e-01 1.64891195e-01 1.50970990e-01
 1.36664972e-01 3.01388023e-01 1.44081360e-01 1.52309720e-01
 1.56306017e-01 1.64038903e-01 1.62370215e-01 1.41899578e-01
 3.29396472e-01 1.58683209e-01 1.62536614e-01 1.72983694e-01
 2.03494319e-01 1.71422859e-01 1.59966604e-01 3.59237290e-01
 1.72089594e-01 1.85963369e-01 1.87170082e-01 2.15777635e-01
 1.93766799e-01 1.73071072e-01 3.32340646e-01 1.61609735e-01
 1.62935934e-01 1.72993242e-01 1.86562801e-01 1.77959642e-01
 1.56247557e-01]

 Iteration 900:
############################
Gradient = 
[-1.53166394e-06  1.92413470e-03  3.99270535e-03 -5.32773819e-06
  4.05483916e-03  2.22360153e-03  2.48301095e-06  2.75686679e-03
  5.67981500e-04  6.59831741e-06  1.00880381e-03  3.34317475e-03
 -8.43578126e-06 -3.50902155e-03 -2.36310654e-03 -4.83235946e-06
  3.15945349e-03  1.19104609e-04 -3.32493106e-04 -3.68023654e-03
 -7.77462469e-04 -1.69691317e-03 -3.75159773e-03  1.01183362e-03
  1.71739111e-03  8.47246360e-04 -2.82735088e-03 -2.96361660e-03
  3.50159976e-04  3.40632396e-03 -2.91796763e-03 -9.92571369e-04
 -3.09762824e-04  3.89775931e-03  6.86213667e-04  1.30306975e-03
 -1.90741090e-04  2.59140205e-03  3.66322529e-03 -4.71628288e-04
 -2.90065312e-03 -1.73952882e-03 -3.47874154e-03  2.39095929e-03
 -1.41806029e-03 -1.07960000e-03 -1.94689748e-04 -4.10930044e-03
  1.84035606e-03  3.07411049e-03 -3.88627911e-03  7.70051790e-04
 -2.55767005e-03  7.22603936e-05  1.71275298e-03  2.77250058e-03
  3.87050780e-03 -3.03959065e-03 -2.53981174e-03 -7.44933981e-04
 -7.70493616e-03 -1.10840556e-03 -5.04488791e-03 -4.76713365e-03
 -1.77934952e-03 -7.86230125e-03 -1.85829926e-03  6.14950321e-05
 -3.75907365e-03  8.94326325e-04 -2.42588376e-03 -4.03843638e-03
  1.70720217e-03  2.76506804e-03 -6.47047692e-03 -6.21239833e-03
 -5.81069620e-03 -4.08306272e-03  1.74764666e-02 -7.07814675e-03
  5.65101643e-03  2.70192209e-02  8.60917924e-03  2.00195622e-02
  1.15729953e-02  2.89380309e-02  1.64676684e-02  2.08516043e-02
 -6.39239417e-04 -1.78841273e-03 -4.46043988e-03 -3.05084533e-03
  1.63608612e-03  1.40825301e-03  3.53127708e-03  1.81322366e-02
  7.10525112e-03  1.90848856e-02  4.03399787e-03 -1.74954196e-02
 -3.24949596e-03  3.68407390e-03  2.93250073e-01  1.47330503e-01
  1.45871008e-01  1.54420748e-01  1.66582690e-01  1.53031694e-01
  1.34844841e-01  3.00648653e-01  1.44564392e-01  1.51635924e-01
  1.56716586e-01  1.64600904e-01  1.62678812e-01  1.38984726e-01
  3.31071396e-01  1.60289832e-01  1.63453188e-01  1.74498784e-01
  2.06441534e-01  1.73451318e-01  1.58882905e-01  3.62510242e-01
  1.74385161e-01  1.88303406e-01  1.89715774e-01  2.18834789e-01
  1.97086584e-01  1.71798179e-01  3.35420206e-01  1.64032184e-01
  1.64068530e-01  1.74859251e-01  1.90132115e-01  1.81350709e-01
  1.55855989e-01]

Gradient approximate =
[-6.80011603e-07  7.61263941e-06  2.20398300e-05  2.59812172e-07
  2.44482123e-05  1.34031675e-05 -1.11977094e-07  1.31227429e-05
  3.12192272e-06 -1.17267751e-06 -1.20486066e-06  1.68801084e-05
  6.44160281e-07 -1.66903402e-05 -1.25870403e-05  5.16731102e-07
  2.27107422e-05  1.59898095e-06  9.86649673e-05  3.27414718e-05
  5.33549627e-05  4.67246442e-05  3.01666114e-05  5.11137488e-05
  6.40895159e-05 -3.26042282e-05 -3.62644559e-05 -3.84261756e-05
 -1.89558436e-05  1.61033409e-07 -3.35636741e-05 -2.58031041e-05
  2.77349388e-05  3.76987352e-05  2.04277351e-05  2.37386488e-05
  1.38112966e-05  2.85155255e-05  3.65781228e-05  2.09162909e-05
 -3.53312268e-06  4.59962068e-06  2.89681418e-01  1.43034649e-01
  1.45269567e-01  1.44653665e-01  1.44433948e-01  1.42795518e-01
  1.58001614e-01  2.98359994e-01  1.47187157e-01  1.49643550e-01
  1.48949850e-01  1.48639838e-01  1.47143848e-01  1.62671684e-01
  2.99656380e-01  1.47797898e-01  1.50217469e-01  1.49658299e-01
  1.49298431e-01  1.47812659e-01  1.63128324e-01  2.99590978e-01
  1.47844956e-01  1.50194420e-01  1.49679335e-01  1.49351505e-01
  1.47723762e-01  1.63093085e-01  2.88621182e-01  1.42408615e-01
  1.44765715e-01  1.44151260e-01  1.43890270e-01  1.42286886e-01
  1.57346437e-01  1.18377498e-03  6.91871160e-04  5.69758698e-04
  6.54888070e-04  6.76368876e-04  5.66061567e-04  6.22325500e-04
  0.00000000e+00  0.00000000e+00  0.00000000e+00  0.00000000e+00
  0.00000000e+00  0.00000000e+00  0.00000000e+00  0.00000000e+00
  0.00000000e+00  0.00000000e+00  0.00000000e+00  0.00000000e+00
  0.00000000e+00  0.00000000e+00  0.00000000e+00  0.00000000e+00
  0.00000000e+00  0.00000000e+00  0.00000000e+00  0.00000000e+00
  0.00000000e+00  0.00000000e+00  0.00000000e+00  0.00000000e+00
  0.00000000e+00  0.00000000e+00  0.00000000e+00  0.00000000e+00
  0.00000000e+00  0.00000000e+00  0.00000000e+00  0.00000000e+00
  0.00000000e+00  0.00000000e+00  0.00000000e+00  0.00000000e+00
  0.00000000e+00  0.00000000e+00  0.00000000e+00  0.00000000e+00
  0.00000000e+00  0.00000000e+00  0.00000000e+00  0.00000000e+00
  0.00000000e+00  0.00000000e+00  0.00000000e+00  0.00000000e+00
  0.00000000e+00  0.00000000e+00  0.00000000e+00  0.00000000e+00
  0.00000000e+00]

Diff = 
[8.51652340e-07 1.91652206e-03 3.97066552e-03 5.58755036e-06
 4.03039095e-03 2.21019836e-03 2.59498804e-06 2.74374405e-03
 5.64859577e-04 7.77099492e-06 1.01000867e-03 3.32629465e-03
 9.07994154e-06 3.49233121e-03 2.35051950e-03 5.34909056e-06
 3.13674275e-03 1.17505628e-04 4.31158073e-04 3.71297801e-03
 8.30817432e-04 1.74363781e-03 3.78176434e-03 9.60719871e-04
 1.65330159e-03 8.79850588e-04 2.79108643e-03 2.92519042e-03
 3.69115819e-04 3.40616293e-03 2.88440395e-03 9.66768265e-04
 3.37497763e-04 3.86006058e-03 6.65785932e-04 1.27933110e-03
 2.04552386e-04 2.56288652e-03 3.62664717e-03 4.92544579e-04
 2.89711999e-03 1.74412844e-03 2.93160160e-01 1.40643690e-01
 1.46687627e-01 1.45733265e-01 1.44628638e-01 1.46904818e-01
 1.56161258e-01 2.95285884e-01 1.51073437e-01 1.48873498e-01
 1.51507520e-01 1.48567577e-01 1.45431095e-01 1.59899183e-01
 2.95785872e-01 1.50837488e-01 1.52757281e-01 1.50403233e-01
 1.57003367e-01 1.48921065e-01 1.68173212e-01 3.04358112e-01
 1.49624306e-01 1.58056721e-01 1.51537634e-01 1.49290010e-01
 1.51482836e-01 1.62198758e-01 2.91047065e-01 1.46447052e-01
 1.43058513e-01 1.41386192e-01 1.50360747e-01 1.48499285e-01
 1.63157133e-01 5.26683770e-03 1.67845954e-02 7.64790545e-03
 4.99612836e-03 2.63428520e-02 8.04311767e-03 1.93972367e-02
 1.15729953e-02 2.89380309e-02 1.64676684e-02 2.08516043e-02
 6.39239417e-04 1.78841273e-03 4.46043988e-03 3.05084533e-03
 1.63608612e-03 1.40825301e-03 3.53127708e-03 1.81322366e-02
 7.10525112e-03 1.90848856e-02 4.03399787e-03 1.74954196e-02
 3.24949596e-03 3.68407390e-03 2.93250073e-01 1.47330503e-01
 1.45871008e-01 1.54420748e-01 1.66582690e-01 1.53031694e-01
 1.34844841e-01 3.00648653e-01 1.44564392e-01 1.51635924e-01
 1.56716586e-01 1.64600904e-01 1.62678812e-01 1.38984726e-01
 3.31071396e-01 1.60289832e-01 1.63453188e-01 1.74498784e-01
 2.06441534e-01 1.73451318e-01 1.58882905e-01 3.62510242e-01
 1.74385161e-01 1.88303406e-01 1.89715774e-01 2.18834789e-01
 1.97086584e-01 1.71798179e-01 3.35420206e-01 1.64032184e-01
 1.64068530e-01 1.74859251e-01 1.90132115e-01 1.81350709e-01
 1.55855989e-01]

 