Iteration 0:
############################
Gradient = 
[-1.04199632e-04 -2.68282102e-03  1.65172543e-03  2.00017177e-04
  2.12351732e-03  3.13407267e-03  1.83160413e-02  7.81435142e-03
  1.12762841e-02  6.63260052e-04  9.00886572e-04  3.70164999e-03
  3.15454096e-01  1.55509034e-01  1.68258231e-01  2.89693561e-01
  1.42210669e-01  1.50277947e-01  3.00176858e-01  1.48303930e-01
  1.59302806e-01  3.01033172e-01  1.44996649e-01  1.55933563e-01
  2.81887662e-01  1.36601323e-01  1.46380605e-01]

Gradient approximate =
[-2.08531037e-05 -6.37733133e-05  1.08364895e-05  6.25422261e-04
  2.01913898e-03  7.29264640e-04  3.01809670e-01  1.45922790e-01
  1.58493743e-01  3.42162616e-01  1.65318352e-01  1.79587081e-01
  3.15454096e-01  1.52422780e-01  1.65238179e-01  2.89693561e-01
  1.40082332e-01  1.51829497e-01  3.00176858e-01  1.45078111e-01
  1.57364780e-01  0.00000000e+00  0.00000000e+00  0.00000000e+00
  0.00000000e+00  0.00000000e+00  0.00000000e+00]

Diff = 
[8.33465287e-05 2.61904771e-03 1.64088894e-03 4.25405083e-04
 1.04378337e-04 2.40480803e-03 2.83493628e-01 1.38108438e-01
 1.47217459e-01 3.41499356e-01 1.64417465e-01 1.75885431e-01
 5.58214586e-12 3.08625433e-03 3.02005232e-03 1.25949251e-11
 2.12833640e-03 1.55154991e-03 8.56648086e-13 3.22581956e-03
 1.93802545e-03 3.01033172e-01 1.44996649e-01 1.55933563e-01
 2.81887662e-01 1.36601323e-01 1.46380605e-01]

 Iteration 100:
############################
Gradient = 
[ 2.13778105e-05 -2.13308205e-03  1.75399144e-03 -2.29161084e-04
  3.24515972e-04  2.64498825e-03 -8.29854762e-03 -4.66819763e-03
 -3.17359044e-03 -6.65806051e-03 -2.49794594e-03 -3.40737745e-04
  2.81958348e-01  1.35245556e-01  1.48732866e-01  3.22096953e-01
  1.55875094e-01  1.71333584e-01  2.10133326e-01  9.95791032e-02
  1.07355396e-01  1.71063810e-01  7.94485045e-02  8.20190916e-02
  2.02416806e-01  9.65455026e-02  1.03197762e-01]

Gradient approximate =
[8.98454777e-05 3.54817211e-04 1.12764742e-04 3.42170903e-04
 1.57822093e-03 3.34790524e-04 2.78734493e-01 1.34461142e-01
 1.45736035e-01 3.38528780e-01 1.62832346e-01 1.77150883e-01
 2.81958348e-01 1.35871567e-01 1.47182311e-01 3.22096953e-01
 1.55342657e-01 1.68273085e-01 2.10133326e-01 1.01267093e-01
 1.09765375e-01 0.00000000e+00 0.00000000e+00 0.00000000e+00
 0.00000000e+00 0.00000000e+00 0.00000000e+00]

Diff = 
[6.84676673e-05 2.48789927e-03 1.64122669e-03 5.71331986e-04
 1.25370496e-03 2.31019772e-03 2.87033041e-01 1.39129339e-01
 1.48909626e-01 3.45186840e-01 1.65330292e-01 1.77491621e-01
 1.85071958e-11 6.26011742e-04 1.55055504e-03 1.47431511e-11
 5.32436946e-04 3.06049880e-03 7.91640364e-11 1.68798939e-03
 2.40997898e-03 1.71063810e-01 7.94485045e-02 8.20190916e-02
 2.02416806e-01 9.65455026e-02 1.03197762e-01]

 Iteration 200:
############################
Gradient = 
[ 1.76837495e-05 -2.06918098e-03  1.70894442e-03 -3.08747960e-04
  3.18642901e-04  2.73784935e-03 -1.26271120e-02 -6.56141674e-03
 -5.10418303e-03 -7.51038986e-03 -2.84510654e-03 -5.12872070e-04
  2.86342923e-01  1.38820619e-01  1.51958371e-01  3.24899471e-01
  1.58758692e-01  1.73718045e-01  1.11455843e-01  4.78638297e-02
  5.10377717e-02  6.51855425e-02  2.33662227e-02  2.10586567e-02
  1.46691767e-01  6.78383095e-02  7.18149618e-02]

Gradient approximate =
[9.66484004e-05 4.06394078e-04 1.12550360e-04 2.99026761e-04
 1.79425869e-03 1.87559024e-04 2.81946009e-01 1.37069276e-01
 1.48210038e-01 3.39936768e-01 1.64759019e-01 1.78775191e-01
 2.86342923e-01 1.39235427e-01 1.50250472e-01 3.24899471e-01
 1.58104669e-01 1.70612966e-01 1.11455843e-01 5.41548845e-02
 5.84892715e-02 0.00000000e+00 0.00000000e+00 0.00000000e+00
 0.00000000e+00 0.00000000e+00 0.00000000e+00]

Diff = 
[7.89646509e-05 2.47557506e-03 1.59639406e-03 6.07774721e-04
 1.47561579e-03 2.55029032e-03 2.94573121e-01 1.43630693e-01
 1.53314221e-01 3.47447158e-01 1.67604126e-01 1.79288063e-01
 1.58353886e-11 4.14807299e-04 1.70789885e-03 2.30943598e-11
 6.54023170e-04 3.10507832e-03 1.16806939e-10 6.29105482e-03
 7.45149976e-03 6.51855425e-02 2.33662227e-02 2.10586567e-02
 1.46691767e-01 6.78383095e-02 7.18149618e-02]

 Iteration 300:
############################
Gradient = 
[ 3.87097769e-05 -1.90150942e-03  1.70885909e-03  7.63729365e-05
  1.94113818e-03  3.40411693e-03 -3.38738341e-03 -2.02120388e-03
  1.67735369e-04  5.31602480e-03  3.25479241e-03  6.49606675e-03
  2.89502920e-01  1.41420342e-01  1.53742558e-01  3.25089602e-01
  1.59877695e-01  1.73774288e-01  2.59535139e-02  1.60994753e-03
  9.81910514e-04 -1.98086781e-02 -2.34421558e-02 -2.94520740e-02
  1.25838840e-01  5.72714507e-02  6.00183599e-02]

Gradient approximate =
[9.91322802e-05 4.57527896e-04 1.04232587e-04 4.12689976e-04
 2.60521761e-03 2.32787742e-04 2.88856697e-01 1.41096754e-01
 1.51955076e-01 3.43870701e-01 1.67470792e-01 1.80937995e-01
 2.89502920e-01 1.41683717e-01 1.51955450e-01 3.25089602e-01
 1.59211172e-01 1.70754305e-01 2.59535140e-02 1.26154008e-02
 1.35645827e-02 0.00000000e+00 0.00000000e+00 0.00000000e+00
 0.00000000e+00 0.00000000e+00 0.00000000e+00]

Diff = 
[6.04225033e-05 2.35903731e-03 1.60462650e-03 3.36317039e-04
 6.64079429e-04 3.17132919e-03 2.92244081e-01 1.43117958e-01
 1.51787340e-01 3.38554676e-01 1.64215999e-01 1.74441928e-01
 9.05203690e-12 2.63375188e-04 1.78710756e-03 2.40117370e-11
 6.66522686e-04 3.01998308e-03 1.51392295e-10 1.10054533e-02
 1.25826722e-02 1.98086781e-02 2.34421558e-02 2.94520740e-02
 1.25838840e-01 5.72714507e-02 6.00183599e-02]

 Iteration 400:
############################
Gradient = 
[ 3.37467595e-05 -1.89516399e-03  1.59152533e-03  5.97868180e-04
  3.83464915e-03  4.10519162e-03  1.25759284e-02  5.58333340e-03
  8.68116786e-03  2.41443070e-02  1.20416077e-02  1.62643839e-02
  2.87648985e-01  1.39914536e-01  1.50862751e-01  3.18985501e-01
  1.56047243e-01  1.68260393e-01 -4.10005815e-02 -3.58527846e-02
 -3.90760890e-02 -8.07900975e-02 -5.85019648e-02 -6.67777359e-02
  1.32264643e-01  6.07742200e-02  6.32558111e-02]

Gradient approximate =
[ 6.15187190e-05  2.41251696e-04  7.84638443e-05  5.16880918e-04
  3.20760506e-03  3.12550139e-04  2.92434651e-01  1.42057453e-01
  1.52131159e-01  3.42841428e-01  1.66151546e-01  1.78444323e-01
  2.87648985e-01  1.40252769e-01  1.49257029e-01  3.18985501e-01
  1.55630821e-01  1.65621099e-01 -4.10005813e-02 -2.01208045e-02
 -2.13890465e-02  0.00000000e+00  0.00000000e+00  0.00000000e+00
  0.00000000e+00  0.00000000e+00  0.00000000e+00]

Diff = 
[2.77719595e-05 2.13641569e-03 1.51306149e-03 8.09872618e-05
 6.27044087e-04 3.79264148e-03 2.79858723e-01 1.36474120e-01
 1.43449991e-01 3.18697121e-01 1.54109938e-01 1.62179939e-01
 3.35170780e-11 3.38233216e-04 1.60572114e-03 3.33070793e-11
 4.16421228e-04 2.63929362e-03 1.58302413e-10 1.57319801e-02
 1.76870425e-02 8.07900975e-02 5.85019648e-02 6.67777359e-02
 1.32264643e-01 6.07742200e-02 6.32558111e-02]

 Iteration 500:
############################
Gradient = 
[-2.24221920e-04 -2.90886092e-03  9.60537754e-04  8.45852977e-04
  4.46545782e-03  4.19426730e-03  3.07027451e-02  1.40436653e-02
  1.78072448e-02  4.41680004e-02  2.12091547e-02  2.60522372e-02
  2.79337845e-01  1.33186497e-01  1.42337264e-01  3.05515915e-01
  1.46373347e-01  1.56468054e-01 -8.88433833e-02 -6.30615046e-02
 -6.76687734e-02 -1.20815035e-01 -8.21344318e-02 -9.14266838e-02
  1.59561656e-01  7.44475007e-02  7.71080433e-02]

Gradient approximate =
[-7.92162336e-05 -6.26908290e-04 -5.54801538e-06  4.63627388e-04
  2.86421849e-03  2.89903619e-04  2.88820975e-01  1.37769117e-01
  1.46488215e-01  3.33157707e-01  1.58741469e-01  1.69208550e-01
  2.79337845e-01  1.33884488e-01  1.41225214e-01  3.05515915e-01
  1.46519466e-01  1.54550120e-01 -8.88433832e-02 -4.27532224e-02
 -4.50819240e-02  0.00000000e+00  0.00000000e+00  0.00000000e+00
  0.00000000e+00  0.00000000e+00  0.00000000e+00]

Diff = 
[1.45005686e-04 2.28195264e-03 9.66085770e-04 3.82225589e-04
 1.60123933e-03 3.90436368e-03 2.58118230e-01 1.23725451e-01
 1.28680970e-01 2.88989706e-01 1.37532315e-01 1.43156313e-01
 1.81721860e-11 6.97990191e-04 1.11205053e-03 1.37506673e-12
 1.46118564e-04 1.91793450e-03 1.23458882e-10 2.03082823e-02
 2.25868494e-02 1.20815035e-01 8.21344318e-02 9.14266838e-02
 1.59561656e-01 7.44475007e-02 7.71080433e-02]

 Iteration 600:
############################
Gradient = 
[-0.00097763 -0.00575117 -0.00056414  0.00050063  0.00278001  0.00318483
  0.04885201  0.02243964  0.02643389  0.06333552  0.02991838  0.03485456
  0.26460219  0.12151287  0.12867109  0.28512809  0.13145503  0.13926702
 -0.12085222 -0.08088975 -0.0859393  -0.14567458 -0.09655567 -0.10598987
  0.20202389  0.09420862  0.09702398]

Gradient approximate =
[-3.36533312e-04 -2.29411745e-03 -1.41323644e-04  2.15209117e-04
  1.32655025e-03  1.43735275e-04  2.76900468e-01  1.28016881e-01
  1.34963439e-01  3.14158172e-01  1.45379525e-01  1.53587352e-01
  2.64602194e-01  1.22859624e-01  1.28351426e-01  2.85128087e-01
  1.32472134e-01  1.38392672e-01 -1.20852216e-01 -5.63269198e-02
 -5.88378437e-02  0.00000000e+00  0.00000000e+00  0.00000000e+00
  0.00000000e+00  0.00000000e+00  0.00000000e+00]

Diff = 
[6.41099763e-04 3.45705183e-03 4.22816365e-04 2.85416745e-04
 1.45346472e-03 3.04109823e-03 2.28048462e-01 1.05577242e-01
 1.08529551e-01 2.50822656e-01 1.15461144e-01 1.18732796e-01
 2.49444909e-11 1.34675763e-03 3.19661556e-04 1.97007410e-11
 1.01710776e-03 8.74346661e-04 1.15485996e-10 2.45628298e-02
 2.71014560e-02 1.45674585e-01 9.65556747e-02 1.05989871e-01
 2.02023886e-01 9.42086229e-02 9.70239779e-02]

 Iteration 700:
############################
Gradient = 
[-0.00242586 -0.0109943  -0.00325018 -0.00064011 -0.00175076  0.00081166
  0.06638618  0.0307474   0.03450566  0.08117495  0.03827186  0.04277977
  0.24414051  0.10582822  0.11102213  0.25889709  0.11255525  0.11817256
 -0.14140349 -0.09121385 -0.09608171 -0.16067685 -0.10417886 -0.11321881
  0.25401697  0.1157963   0.11839042]

Gradient approximate =
[-6.64913073e-04 -4.61464295e-03 -2.67688525e-04 -1.62123812e-04
 -1.16705910e-03 -4.35496350e-05  2.57291545e-01  1.13759612e-01
  1.18764759e-01  2.86991113e-01  1.27444146e-01  1.33268900e-01
  2.44140507e-01  1.08126083e-01  1.11791675e-01  2.58897093e-01
  1.14730089e-01  1.18623981e-01 -1.41403487e-01 -6.28704963e-02
 -6.50054175e-02  0.00000000e+00  0.00000000e+00  0.00000000e+00
  0.00000000e+00  0.00000000e+00  0.00000000e+00]

Diff = 
[1.76094426e-03 6.37966008e-03 2.98249054e-03 4.77983151e-04
 5.83699181e-04 8.55212455e-04 1.90905363e-01 8.30122084e-02
 8.42591029e-02 2.05816161e-01 8.91722876e-02 9.04891320e-02
 3.87186672e-11 2.29786148e-03 7.69545768e-04 3.95561361e-11
 2.17483569e-03 4.51421936e-04 9.85556914e-11 2.83433538e-02
 3.10762938e-02 1.60676850e-01 1.04178859e-01 1.13218807e-01
 2.54016972e-01 1.15796303e-01 1.18390415e-01]

 Iteration 800:
############################
Gradient = 
[-0.00472395 -0.01900098 -0.00723463 -0.00270521 -0.00934342 -0.00301026
  0.08297664  0.03926929  0.04235444  0.09745467  0.04665842  0.05027921
  0.21894356  0.08729735  0.09073511  0.2281595   0.09115794  0.0948672
 -0.15421995 -0.09579216 -0.100108   -0.16954742 -0.10682007 -0.1151711
  0.30992925  0.13509085  0.13689645]

Gradient approximate =
[-1.00017061e-03 -7.29309748e-03 -3.20476432e-04 -5.67442553e-04
 -4.15484235e-03 -1.70749410e-04  2.31522384e-01  9.64791874e-02
  9.96161742e-02  2.53710666e-01  1.06830866e-01  1.10434672e-01
  2.18943565e-01  9.09201788e-02  9.29565728e-02  2.28159499e-01
  9.47509816e-02  9.68807083e-02 -1.54219951e-01 -6.42661895e-02
 -6.57173297e-02  0.00000000e+00  0.00000000e+00  0.00000000e+00
  0.00000000e+00  0.00000000e+00  0.00000000e+00]

Diff = 
[3.72377723e-03 1.17078792e-02 6.91415171e-03 2.13777020e-03
 5.18857308e-03 2.83951357e-03 1.48545747e-01 5.72098957e-02
 5.72617371e-02 1.56255997e-01 6.01724431e-02 6.01554606e-02
 7.08602621e-11 3.62282845e-03 2.22146311e-03 5.23470156e-11
 3.59303903e-03 2.01351043e-03 6.29094554e-11 3.15259732e-02
 3.43906682e-02 1.69547418e-01 1.06820070e-01 1.15171101e-01
 3.09929245e-01 1.35090854e-01 1.36896452e-01]

 Iteration 900:
############################
Gradient = 
[-0.00790615 -0.02963124 -0.01238492 -0.00571754 -0.01979099 -0.00812117
  0.09782207  0.04817016  0.05020145  0.1113566   0.05524301  0.05760165
  0.19031602  0.06721291  0.06923495  0.19456216  0.06887266  0.07110256
 -0.16192116 -0.09590187 -0.0994779  -0.17459132 -0.10568056 -0.11321815
  0.36469801  0.14865751  0.14910426]

Gradient approximate =
[-1.29402598e-03 -9.98094443e-03 -2.87499360e-04 -9.24603114e-04
 -7.16527891e-03 -1.95866192e-04  2.01683938e-01  7.78805974e-02
  7.94072811e-02  2.16904919e-01  8.56210206e-02  8.73756118e-02
  1.90316017e-01  7.26836769e-02  7.34233075e-02  1.94562163e-01
  7.41091514e-02  7.48598315e-02 -1.61921160e-01 -6.18821809e-02
 -6.25166486e-02  0.00000000e+00  0.00000000e+00  0.00000000e+00
  0.00000000e+00  0.00000000e+00  0.00000000e+00]

Diff = 
[6.61212028e-03 1.96502961e-02 1.20974165e-02 4.79294041e-03
 1.26257069e-02 7.92529896e-03 1.03861867e-01 2.97104392e-02
 2.92058335e-02 1.05548317e-01 3.03780139e-02 2.97739653e-02
 8.09652623e-11 5.47076815e-03 4.18835291e-03 8.76248796e-11
 5.23649611e-03 3.75727586e-03 4.57706928e-11 3.40196920e-02
 3.69612471e-02 1.74591325e-01 1.05680556e-01 1.13218145e-01
 3.64698005e-01 1.48657508e-01 1.49104262e-01]

 