Iteration 0:
############################
Gradient = 
[ 1.19833249e-04 -9.15685655e-03  5.11538878e-03 -1.25720610e-04
  4.42994980e-03  5.15556126e-03 -2.55575810e-04 -2.59607244e-03
 -4.36253416e-03 -1.95390030e-05 -9.05423477e-03  7.44538572e-03
 -4.87418487e-03 -8.63631499e-03 -1.37063988e-02  3.62432553e-03
 -6.81196404e-04  1.38817229e-02  7.43515054e-03 -1.19560536e-04
  5.29243356e-04  6.11323280e-03  3.01892563e-01  1.53994742e-01
  1.52556545e-01  3.00341436e-01  1.32170336e-01  1.35193971e-01
  3.24667415e-01  1.57300152e-01  1.49630319e-01  3.19607982e-01
  1.45441576e-01  1.61094439e-01  3.04898113e-01  1.40287725e-01
  1.49940714e-01]

Gradient approximate =
[ 7.83583687e-05  1.17240377e-04 -8.76739348e-06 -6.47193654e-05
 -4.32334923e-05 -2.31659965e-04 -1.59398799e-04 -3.40833171e-04
 -6.88966817e-05 -1.33165790e-05  2.81394248e-01  1.33564990e-01
  1.28482925e-01  2.79215775e-01  1.31365956e-01  1.30009397e-01
  2.96740720e-01  1.49934980e-01  1.43893773e-01  2.79817447e-01
  1.34833080e-01  1.33253355e-01  3.01892563e-01  1.43366320e-01
  1.41780668e-01  0.00000000e+00  0.00000000e+00  0.00000000e+00
  0.00000000e+00  0.00000000e+00  0.00000000e+00  0.00000000e+00
  0.00000000e+00  0.00000000e+00  0.00000000e+00  0.00000000e+00
  0.00000000e+00]

Diff = 
[4.14748807e-05 9.27409693e-03 5.12415617e-03 6.10012447e-05
 4.47318329e-03 5.38722122e-03 9.61770118e-05 2.25523927e-03
 4.29363748e-03 6.22242410e-06 2.90448483e-01 1.26119605e-01
 1.33357110e-01 2.87852089e-01 1.45072355e-01 1.26385071e-01
 2.97421916e-01 1.36053257e-01 1.36458622e-01 2.79937008e-01
 1.34303837e-01 1.27140122e-01 1.08640319e-11 1.06284225e-02
 1.07758775e-02 3.00341436e-01 1.32170336e-01 1.35193971e-01
 3.24667415e-01 1.57300152e-01 1.49630319e-01 3.19607982e-01
 1.45441576e-01 1.61094439e-01 3.04898113e-01 1.40287725e-01
 1.49940714e-01]

 Iteration 100:
############################
Gradient = 
[ 1.40983327e-04 -8.17497624e-03  4.55869583e-03  2.58832476e-04
  5.59957082e-03  5.15106635e-03 -1.57098083e-04 -1.68580164e-03
 -3.66765448e-03 -5.28837360e-05 -8.17469683e-03  6.61554227e-03
 -1.24059614e-02 -1.08706884e-02 -1.61562040e-02 -3.43026966e-04
 -3.99216584e-03 -3.35616913e-04  1.33130716e-03 -7.82183890e-03
 -5.88206089e-03 -3.34642016e-04  2.83877146e-01  1.42831063e-01
  1.27794795e-01  2.84597728e-01  1.27251615e-01  1.39514769e-01
  2.97944702e-01  1.35757430e-01  1.41313379e-01  2.77171640e-01
  1.27332480e-01  1.29826853e-01  2.00762252e-01  9.10887417e-02
  9.08721271e-02]

Gradient approximate =
[ 6.08273987e-05  9.24632482e-05 -4.69878136e-06  1.56376312e-04
  5.58886668e-04  1.15143088e-04 -4.98670794e-05 -5.86516635e-05
  7.30650629e-05 -2.41466647e-05  2.83769690e-01  1.36262745e-01
  1.27174405e-01  2.81947444e-01  1.33394289e-01  1.30616336e-01
  2.95190227e-01  1.40960834e-01  1.39026263e-01  2.75834119e-01
  1.31994616e-01  1.29061017e-01  2.83877146e-01  1.36351293e-01
  1.33252870e-01  0.00000000e+00  0.00000000e+00  0.00000000e+00
  0.00000000e+00  0.00000000e+00  0.00000000e+00  0.00000000e+00
  0.00000000e+00  0.00000000e+00  0.00000000e+00  0.00000000e+00
  0.00000000e+00]

Diff = 
[8.01559287e-05 8.26743949e-03 4.56339461e-03 1.02456164e-04
 5.04068415e-03 5.03592326e-03 1.07231004e-04 1.62714998e-03
 3.74071955e-03 2.87370714e-05 2.91944386e-01 1.29647202e-01
 1.39580367e-01 2.92818133e-01 1.49550494e-01 1.30959363e-01
 2.99182393e-01 1.41296451e-01 1.37694956e-01 2.83655958e-01
 1.37876677e-01 1.29395659e-01 4.03821421e-12 6.47976972e-03
 5.45807488e-03 2.84597728e-01 1.27251615e-01 1.39514769e-01
 2.97944702e-01 1.35757430e-01 1.41313379e-01 2.77171640e-01
 1.27332480e-01 1.29826853e-01 2.00762252e-01 9.10887417e-02
 9.08721271e-02]

 Iteration 200:
############################
Gradient = 
[ 1.17319426e-04 -7.39336774e-03  4.07803924e-03  2.59547584e-04
  4.72787285e-03  4.68522168e-03 -1.63572648e-04 -1.52682921e-03
 -3.30642897e-03 -7.52822533e-05 -7.31301452e-03  5.86689011e-03
 -1.39745705e-02 -1.05573133e-02 -1.50971401e-02 -1.04178635e-03
 -4.46777145e-03 -1.94365559e-03  3.43855527e-04 -7.69650577e-03
 -6.00402531e-03 -1.18563015e-03  2.86753621e-01  1.45701348e-01
  1.31425289e-01  2.89263731e-01  1.33505027e-01  1.42515317e-01
  2.99079064e-01  1.38748586e-01  1.42489779e-01  2.79953041e-01
  1.31492277e-01  1.31933074e-01  1.05872340e-01  2.99141818e-02
  3.18280080e-02]

Gradient approximate =
[ 4.48933180e-05  6.14640028e-05  4.01515043e-06  8.74415229e-05
  3.05075032e-04  5.13505904e-05 -6.75402489e-05 -1.43468375e-04
  3.07054959e-05 -2.78614998e-05  2.86641167e-01  1.39834911e-01
  1.29991614e-01  2.86916019e-01  1.38275477e-01  1.33879162e-01
  2.96641892e-01  1.45817261e-01  1.41151988e-01  2.79796282e-01
  1.36464831e-01  1.32007606e-01  2.86753621e-01  1.39921285e-01
  1.35300226e-01  0.00000000e+00  0.00000000e+00  0.00000000e+00
  0.00000000e+00  0.00000000e+00  0.00000000e+00  0.00000000e+00
  0.00000000e+00  0.00000000e+00  0.00000000e+00  0.00000000e+00
  0.00000000e+00]

Diff = 
[7.24261083e-05 7.45483175e-03 4.07402409e-03 1.72106061e-04
 4.42279782e-03 4.63387109e-03 9.60323990e-05 1.38336084e-03
 3.33713446e-03 4.74207535e-05 2.93954182e-01 1.33968021e-01
 1.43966184e-01 2.97473333e-01 1.53372617e-01 1.34920948e-01
 3.01109663e-01 1.47760917e-01 1.40808133e-01 2.87492787e-01
 1.42468856e-01 1.33193236e-01 6.70796751e-13 5.78006218e-03
 3.87493680e-03 2.89263731e-01 1.33505027e-01 1.42515317e-01
 2.99079064e-01 1.38748586e-01 1.42489779e-01 2.79953041e-01
 1.31492277e-01 1.31933074e-01 1.05872340e-01 2.99141818e-02
 3.18280080e-02]

 Iteration 300:
############################
Gradient = 
[ 6.92157710e-05 -6.75176689e-03  3.60599690e-03  1.15058079e-04
  3.50936531e-03  4.07948869e-03 -1.47589037e-04 -1.27192341e-03
 -2.96113086e-03 -6.38147521e-05 -6.40077388e-03  5.23091713e-03
 -1.00143930e-02 -7.93753779e-03 -1.12971099e-02  9.52285821e-04
 -2.38308504e-03  1.46354420e-03  1.58725195e-03 -4.99721927e-03
 -3.73681508e-03  3.29966576e-04  2.89320467e-01  1.48225192e-01
  1.34556361e-01  2.93207022e-01  1.38865159e-01  1.44900060e-01
  2.99855026e-01  1.41139262e-01  1.43264792e-01  2.82194445e-01
  1.34992590e-01  1.33544341e-01  2.36068132e-02 -2.67974774e-02
 -2.21076518e-02]

Gradient approximate =
[ 3.43994500e-05  4.53852178e-05  1.23351351e-05  4.01448319e-05
  1.31262101e-04  7.87738985e-06 -7.84199883e-05 -1.98665877e-04
  4.34685621e-07 -2.93580737e-05  2.89210091e-01  1.42983579e-01
  1.32259150e-01  2.91080752e-01  1.42430945e-01  1.36510042e-01
  2.97649438e-01  1.49935305e-01  1.42810437e-01  2.83046050e-01
  1.40291143e-01  1.34405898e-01  2.89320467e-01  1.43066520e-01
  1.37006811e-01  0.00000000e+00  0.00000000e+00  0.00000000e+00
  0.00000000e+00  0.00000000e+00  0.00000000e+00  0.00000000e+00
  0.00000000e+00  0.00000000e+00  0.00000000e+00  0.00000000e+00
  0.00000000e+00]

Diff = 
[3.48163210e-05 6.79715210e-03 3.59366177e-03 7.49132468e-05
 3.37810321e-03 4.07161130e-03 6.91690483e-05 1.07325753e-03
 2.96156555e-03 3.44566784e-05 2.95610865e-01 1.37752662e-01
 1.42273543e-01 2.99018290e-01 1.53728055e-01 1.35557756e-01
 3.00032523e-01 1.48471761e-01 1.41223185e-01 2.88043269e-01
 1.44027958e-01 1.34075932e-01 8.72080186e-12 5.15867182e-03
 2.45045040e-03 2.93207022e-01 1.38865159e-01 1.44900060e-01
 2.99855026e-01 1.41139262e-01 1.43264792e-01 2.82194445e-01
 1.34992590e-01 1.33544341e-01 2.36068132e-02 2.67974774e-02
 2.21076518e-02]

 Iteration 400:
############################
Gradient = 
[ 3.02040754e-05 -6.15679603e-03  3.18708985e-03 -5.98440754e-05
  2.34061457e-03  3.48958160e-03 -1.06646252e-04 -9.65277877e-04
 -2.61591571e-03 -2.25664880e-05 -5.50013252e-03  4.70005341e-03
 -2.78766164e-03 -4.14672271e-03 -6.27698336e-03  4.29840895e-03
  1.02090744e-03  7.67234197e-03  3.95471639e-03 -1.19931605e-03
 -3.66754070e-04  3.01290553e-03  2.91014851e-01  1.49497601e-01
  1.35877616e-01  2.95479473e-01  1.41997177e-01  1.45431574e-01
  2.99122424e-01  1.41279791e-01  1.42345033e-01  2.83021509e-01
  1.36598640e-01  1.33518100e-01 -4.21153233e-02 -7.63951391e-02
 -6.86209460e-02]

Gradient approximate =
[ 2.84262969e-05  3.86485421e-05  1.69565939e-05  2.82306845e-05
  8.79954287e-05 -2.29338770e-07 -8.18834534e-05 -2.20095684e-04
 -1.60434910e-05 -3.27135408e-05  2.90897972e-01  1.44810847e-01
  1.32596456e-01  2.93229149e-01  1.44444032e-01  1.37208530e-01
  2.96781990e-01  1.51040328e-01  1.42409394e-01  2.84135075e-01
  1.41892100e-01  1.34790791e-01  2.91014851e-01  1.44888947e-01
  1.37556207e-01  0.00000000e+00  0.00000000e+00  0.00000000e+00
  0.00000000e+00  0.00000000e+00  0.00000000e+00  0.00000000e+00
  0.00000000e+00  0.00000000e+00  0.00000000e+00  0.00000000e+00
  0.00000000e+00]

Diff = 
[1.77777856e-06 6.19544458e-03 3.17013326e-03 8.80747599e-05
 2.25261914e-03 3.48981094e-03 2.47627986e-05 7.45182193e-04
 2.59987222e-03 1.01470528e-05 2.96398105e-01 1.40110794e-01
 1.35384118e-01 2.97375871e-01 1.50721016e-01 1.32910121e-01
 2.95761082e-01 1.43367986e-01 1.38454678e-01 2.85334391e-01
 1.42258854e-01 1.31777885e-01 3.35520500e-12 4.60865346e-03
 1.67859165e-03 2.95479473e-01 1.41997177e-01 1.45431574e-01
 2.99122424e-01 1.41279791e-01 1.42345033e-01 2.83021509e-01
 1.36598640e-01 1.33518100e-01 4.21153233e-02 7.63951391e-02
 6.86209460e-02]

 Iteration 500:
############################
Gradient = 
[-1.28551020e-05 -5.70354654e-03  2.81346123e-03 -2.34703017e-04
  1.25961273e-03  2.96436170e-03 -7.86796850e-05 -8.08803970e-04
 -2.30093143e-03  8.64894686e-06 -4.80919764e-03  4.23047948e-03
  5.65086589e-03 -1.56210328e-04 -1.22232078e-03  7.87821067e-03
  4.68391091e-03  1.46982764e-02  6.50570723e-03  2.56162699e-03
  3.04629687e-03  5.84916441e-03  2.91591693e-01  1.49099578e-01
  1.34799484e-01  2.95725386e-01  1.42350624e-01  1.43626136e-01
  2.96414935e-01  1.38458491e-01  1.39231825e-01  2.82167859e-01
  1.35837798e-01  1.31447663e-01 -9.10135561e-02 -1.17698474e-01
 -1.06804872e-01]

Gradient approximate =
[ 2.74906808e-05  4.31093294e-05  1.87749971e-05  5.22847410e-05
  1.76992867e-04  2.82126789e-05 -7.58952612e-05 -2.01009525e-04
 -1.72463377e-05 -3.66324127e-05  2.91464106e-01  1.44908465e-01
  1.30438935e-01  2.92890740e-01  1.43717451e-01  1.35459355e-01
  2.93453732e-01  1.48130182e-01  1.39276919e-01  2.82547912e-01
  1.40599047e-01  1.32571457e-01  2.91591693e-01  1.44978661e-01
  1.36607974e-01  0.00000000e+00  0.00000000e+00  0.00000000e+00
  0.00000000e+00  0.00000000e+00  0.00000000e+00  0.00000000e+00
  0.00000000e+00  0.00000000e+00  0.00000000e+00  0.00000000e+00
  0.00000000e+00]

Diff = 
[4.03457829e-05 5.74665587e-03 2.79468624e-03 2.86987758e-04
 1.08261986e-03 2.93614902e-03 2.78442384e-06 6.07794445e-04
 2.28368510e-03 4.52813595e-05 2.96273304e-01 1.40677986e-01
 1.24788069e-01 2.93046950e-01 1.44939772e-01 1.27581144e-01
 2.88769821e-01 1.33431905e-01 1.32771212e-01 2.79986285e-01
 1.37552750e-01 1.26722292e-01 5.96195315e-12 4.12091664e-03
 1.80849015e-03 2.95725386e-01 1.42350624e-01 1.43626136e-01
 2.96414935e-01 1.38458491e-01 1.39231825e-01 2.82167859e-01
 1.35837798e-01 1.31447663e-01 9.10135561e-02 1.17698474e-01
 1.06804872e-01]

 Iteration 600:
############################
Gradient = 
[-8.97407251e-05 -5.52629935e-03  2.45801066e-03 -4.22756494e-04
  1.56711405e-04  2.49548786e-03 -1.06009914e-04 -9.87404639e-04
 -2.05180237e-03 -1.30417247e-05 -4.50477492e-03  3.77709338e-03
  1.39184080e-02  3.42619466e-03  3.18567953e-03  1.10099176e-02
  7.94477980e-03  2.11952173e-02  8.64385877e-03  5.62969578e-03
  5.85715592e-03  8.20371031e-03  2.91109490e-01  1.47040998e-01
  1.31334558e-01  2.94055712e-01  1.40011362e-01  1.39606208e-01
  2.91823188e-01  1.32737468e-01  1.34067215e-01  2.79821010e-01
  1.32841220e-01  1.27500098e-01 -1.25521849e-01 -1.51146700e-01
 -1.37242332e-01]

Gradient approximate =
[ 4.25982849e-05  1.01093613e-04  3.23087668e-05  1.17463641e-04
  4.17404931e-04  1.00457027e-04 -4.71684136e-05 -9.35516975e-05
  1.07968257e-05 -2.68015610e-05  2.91020366e-01  1.43307327e-01
  1.25919026e-01  2.90194286e-01  1.40337032e-01  1.31398938e-01
  2.87777918e-01  1.41277400e-01  1.33513823e-01  2.78482925e-01
  1.36499190e-01  1.27875247e-01  2.91109490e-01  1.43352483e-01
  1.34230474e-01  0.00000000e+00  0.00000000e+00  0.00000000e+00
  0.00000000e+00  0.00000000e+00  0.00000000e+00  0.00000000e+00
  0.00000000e+00  0.00000000e+00  0.00000000e+00  0.00000000e+00
  0.00000000e+00]

Diff = 
[1.32339010e-04 5.62739297e-03 2.42570190e-03 5.40220135e-04
 2.60693526e-04 2.39503083e-03 5.88415002e-05 8.93852941e-04
 2.06259920e-03 1.37598363e-05 2.95525141e-01 1.39530233e-01
 1.12000618e-01 2.86768092e-01 1.37151353e-01 1.20389020e-01
 2.79833138e-01 1.20082183e-01 1.24869964e-01 2.72853229e-01
 1.30642034e-01 1.19671537e-01 1.21074262e-11 3.68851501e-03
 2.89591579e-03 2.94055712e-01 1.40011362e-01 1.39606208e-01
 2.91823188e-01 1.32737468e-01 1.34067215e-01 2.79821010e-01
 1.32841220e-01 1.27500098e-01 1.25521849e-01 1.51146700e-01
 1.37242332e-01]

 Iteration 700:
############################
Gradient = 
[-2.19460160e-04 -5.68623166e-03  2.10430292e-03 -6.40181303e-04
 -1.05166648e-03  2.06633511e-03 -2.09121596e-04 -1.56409572e-03
 -1.88117858e-03 -1.08889261e-04 -4.64479385e-03  3.31907342e-03
  2.13399323e-02  6.35609568e-03  6.71232322e-03  1.34333937e-02
  1.05403026e-02  2.64986412e-02  1.01211595e-02  7.77601005e-03
  7.82363080e-03  9.82223254e-03  2.89814536e-01  1.43587447e-01
  1.25847939e-01  2.90833296e-01  1.35421811e-01  1.33829510e-01
  2.85757417e-01  1.24629046e-01  1.27350880e-01  2.76400494e-01
  1.28067060e-01  1.22148086e-01 -1.49086466e-01 -1.78075802e-01
 -1.61302242e-01]

Gradient approximate =
[9.20665566e-05 2.82648245e-04 8.11602563e-05 2.35031798e-04
 8.51271840e-04 2.31188344e-04 2.46052290e-05 1.76198198e-04
 9.04804320e-05 1.88146809e-05 2.89895450e-01 1.40299644e-01
 1.19573538e-01 2.85599002e-01 1.34777493e-01 1.25530400e-01
 2.80270102e-01 1.31185551e-01 1.25667101e-01 2.72515774e-01
 1.30104750e-01 1.21230120e-01 2.89814536e-01 1.40281461e-01
 1.30731730e-01 0.00000000e+00 0.00000000e+00 0.00000000e+00
 0.00000000e+00 0.00000000e+00 0.00000000e+00 0.00000000e+00
 0.00000000e+00 0.00000000e+00 0.00000000e+00 0.00000000e+00
 0.00000000e+00]

Diff = 
[3.11526717e-04 5.96887991e-03 2.02314266e-03 8.75213102e-04
 1.90293832e-03 1.83514677e-03 2.33726825e-04 1.74029392e-03
 1.97165901e-03 1.27703942e-04 2.94540244e-01 1.36980570e-01
 9.82336055e-02 2.79242906e-01 1.28065170e-01 1.12097006e-01
 2.69729800e-01 1.04686910e-01 1.15545942e-01 2.64739764e-01
 1.22281119e-01 1.11407888e-01 1.35769729e-11 3.30598645e-03
 4.88379100e-03 2.90833296e-01 1.35421811e-01 1.33829510e-01
 2.85757417e-01 1.24629046e-01 1.27350880e-01 2.76400494e-01
 1.28067060e-01 1.22148086e-01 1.49086466e-01 1.78075802e-01
 1.61302242e-01]

 Iteration 800:
############################
Gradient = 
[-4.03839315e-04 -6.15682570e-03  1.75241774e-03 -8.90689558e-04
 -2.37157101e-03  1.67040431e-03 -3.85229052e-04 -2.48852949e-03
 -1.77886238e-03 -2.77240310e-04 -5.17726547e-03  2.85898170e-03
  2.77230283e-02  8.62872879e-03  9.39496784e-03  1.51590134e-02
  1.24680421e-02  3.04242385e-02  1.09242151e-02  9.03658413e-03
  8.96555133e-03  1.07037014e-02  2.88012295e-01  1.39085258e-01
  1.18822390e-01  2.86485473e-01  1.29128691e-01  1.26844832e-01
  2.78729166e-01  1.14795764e-01  1.19680896e-01  2.72371430e-01
  1.22054917e-01  1.15934511e-01 -1.64926414e-01 -1.99977663e-01
 -1.80451004e-01]

Gradient approximate =
[1.93331029e-04 6.54206409e-04 1.87906088e-04 4.15862100e-04
 1.51879934e-03 4.34623222e-04 1.57455045e-04 6.73575464e-04
 2.42065814e-04 1.20254879e-04 2.88469539e-01 1.36255366e-01
 1.12059170e-01 2.79652887e-01 1.27628544e-01 1.18457401e-01
 2.71570974e-01 1.18765319e-01 1.16415930e-01 2.65308842e-01
 1.22043707e-01 1.13268477e-01 2.88012295e-01 1.36119071e-01
 1.26492420e-01 0.00000000e+00 0.00000000e+00 0.00000000e+00
 0.00000000e+00 0.00000000e+00 0.00000000e+00 0.00000000e+00
 0.00000000e+00 0.00000000e+00 0.00000000e+00 0.00000000e+00
 0.00000000e+00]

Diff = 
[5.97170344e-04 6.81103211e-03 1.56451165e-03 1.30655166e-03
 3.89037035e-03 1.23578109e-03 5.42684097e-04 3.16210496e-03
 2.02092820e-03 3.97495189e-04 2.93646804e-01 1.33396384e-01
 8.43361422e-02 2.71024158e-01 1.18233577e-01 1.03298388e-01
 2.59102932e-01 8.83410808e-02 1.05491715e-01 2.56272258e-01
 1.13078156e-01 1.02564776e-01 2.21794805e-12 2.96618650e-03
 7.67003005e-03 2.86485473e-01 1.29128691e-01 1.26844832e-01
 2.78729166e-01 1.14795764e-01 1.19680896e-01 2.72371430e-01
 1.22054917e-01 1.15934511e-01 1.64926414e-01 1.99977663e-01
 1.80451004e-01]

 Iteration 900:
############################
Gradient = 
[-0.0006332  -0.00685874  0.00141184 -0.00116702 -0.00375156  0.00131005
 -0.0006183  -0.00365138 -0.00172399 -0.00050329 -0.00599299  0.00241061
  0.03311283  0.01034764  0.011382    0.0163144   0.01384193  0.03303834
  0.01114961  0.0095595   0.00941859  0.01096282  0.28598265  0.13385271
  0.11071524  0.28139628  0.12163532  0.11914866  0.27121717  0.10386687
  0.11159815  0.26813965  0.11528437  0.1093377  -0.17554169 -0.21811201
 -0.19590645]

Gradient approximate =
[0.0003572  0.0012568  0.00036709 0.00066498 0.00243775 0.00071793
 0.00036112 0.00143286 0.0004766  0.00028936 0.28706618 0.13150793
 0.10397809 0.27285182 0.11943306 0.11072649 0.26227707 0.10487189
 0.10637849 0.25744499 0.11287675 0.10455179 0.28598265 0.13119428
 0.12186193 0.         0.         0.         0.         0.
 0.         0.         0.         0.         0.         0.
 0.        ]

Diff = 
[9.90402876e-04 8.11553519e-03 1.04475400e-03 1.83200730e-03
 6.18931515e-03 5.92124038e-04 9.79425673e-04 5.08423449e-03
 2.20059010e-03 7.92650974e-04 2.93059170e-01 1.29097324e-01
 7.08652592e-02 2.62504183e-01 1.08051063e-01 9.44120918e-02
 2.48435136e-01 7.18335450e-02 9.52288799e-02 2.47885498e-01
 1.03458164e-01 9.35889762e-02 3.70362074e-11 2.65842417e-03
 1.11466903e-02 2.81396285e-01 1.21635322e-01 1.19148663e-01
 2.71217166e-01 1.03866869e-01 1.11598147e-01 2.68139646e-01
 1.15284374e-01 1.09337703e-01 1.75541686e-01 2.18112009e-01
 1.95906448e-01]

 