Iteration 0:
############################
Gradient = 
[ 3.55586660e-05 -1.92245147e-03 -8.31666704e-04 -2.89012190e-04
 -4.84606490e-03 -1.96033261e-03 -2.54542753e-04 -5.35735358e-03
  9.10753161e-04  3.01621872e-04 -7.20125902e-04 -5.58071700e-04
  1.14382493e-04  1.48655530e-03 -4.84958371e-03  1.41556991e-04
  7.05020107e-04 -2.81285422e-03 -1.27274682e-02 -5.78388261e-03
 -2.98028783e-03 -1.35014400e-03 -8.55302362e-03 -1.15451099e-02
 -7.38990577e-03 -3.32731732e-04 -3.34683219e-03 -3.61604951e-03
  3.18160329e-03 -2.38214172e-03 -1.42197726e-03 -3.68904629e-03
 -1.74127444e-03 -4.38393425e-04 -8.44934092e-06  8.33154016e-04
 -5.85060018e-03  2.48616313e-03 -2.61777163e-03  3.77555756e-03
 -1.06586259e-03 -3.76578344e-03  5.86312791e-03  1.67389471e-03
 -3.04966364e-03  2.77271509e-03  1.99908788e-03  3.13641741e-03
 -2.62469684e-03  4.50083839e-04  4.85286314e-03  3.41585523e-03
 -1.64190314e-03 -6.09332443e-03 -5.17144699e-03 -1.77280544e-03
 -8.08677899e-04 -4.37660818e-03  3.97081481e-05 -3.94371621e-03
  2.78408442e-01  1.28040646e-01  1.25020368e-01  1.35019904e-01
  1.38398031e-01  1.40486842e-01  1.28413837e-01  2.82190624e-01
  1.27410509e-01  1.30455625e-01  1.41464485e-01  1.34523712e-01
  1.42447450e-01  1.34472706e-01  2.89830515e-01  1.35402146e-01
  1.35911509e-01  1.38965588e-01  1.37094465e-01  1.54159596e-01
  1.34839015e-01  2.74623956e-01  1.25934871e-01  1.25088415e-01
  1.30867808e-01  1.33391970e-01  1.39249100e-01  1.35003170e-01
  3.37132206e-01  1.59539675e-01  1.58112010e-01  1.62603429e-01
  1.64850156e-01  1.77104313e-01  1.63491516e-01]

Gradient approximate =
[ 1.49238164e-04  8.77715642e-04  3.30432732e-04  4.72419759e-04
  1.88968597e-03  5.27671389e-04 -2.08518389e-04 -8.21601620e-04
 -3.22247582e-04  1.55341726e-04  7.91069161e-04  2.90207232e-04
 -4.20380788e-04 -1.89916507e-03 -3.71289204e-04  3.71428044e-04
  1.67286732e-03  4.67618129e-04  5.67142016e-03  2.58597659e-03
  2.24571273e-03  2.36875247e-03  2.55105985e-03  3.00131850e-03
  2.62895009e-03 -7.99107158e-03 -3.56826242e-03 -2.98335269e-03
 -3.21764681e-03 -3.54033397e-03 -4.09903343e-03 -3.57953484e-03
 -1.17533140e-02 -5.54032757e-03 -4.98491990e-03 -5.21356748e-03
 -5.51530430e-03 -6.17030884e-03 -5.55204824e-03 -4.74789684e-03
 -2.32306858e-03 -2.18115881e-03  3.12601116e-01  1.45206252e-01
  1.43231728e-01  1.50641373e-01  1.40648658e-01  1.56826764e-01
  1.45884407e-01  2.82890191e-01  1.29783535e-01  1.26986362e-01
  1.34383508e-01  1.31817678e-01  1.44980514e-01  1.35194539e-01
  2.93261316e-01  1.35775347e-01  1.32895013e-01  1.40519525e-01
  1.42897898e-01  1.52471063e-01  1.42010611e-01  2.74682981e-01
  1.28648235e-01  1.26889600e-01  1.33385982e-01  1.32511454e-01
  1.41496991e-01  1.31687385e-01  3.10408288e-01  1.45836949e-01
  1.43327690e-01  1.50674122e-01  1.49894421e-01  1.59736440e-01
  1.48764194e-01  0.00000000e+00  0.00000000e+00  0.00000000e+00
  0.00000000e+00  0.00000000e+00  0.00000000e+00  0.00000000e+00
  0.00000000e+00  0.00000000e+00  0.00000000e+00  0.00000000e+00
  0.00000000e+00  0.00000000e+00  0.00000000e+00  0.00000000e+00
  0.00000000e+00  0.00000000e+00  0.00000000e+00]

Diff = 
[1.13679498e-04 2.80016711e-03 1.16209944e-03 7.61431949e-04
 6.73575087e-03 2.48800400e-03 4.60243640e-05 4.53575196e-03
 1.23300074e-03 1.46280145e-04 1.51119506e-03 8.48278931e-04
 5.34763281e-04 3.38572036e-03 4.47829451e-03 2.29871053e-04
 9.67847211e-04 3.28047235e-03 1.83988884e-02 8.36985920e-03
 5.22600056e-03 3.71889648e-03 1.11040835e-02 1.45464284e-02
 1.00188559e-02 7.65833985e-03 2.21430226e-04 6.32696820e-04
 6.39925010e-03 1.15819225e-03 2.67705617e-03 1.09511450e-04
 1.00120396e-02 5.10193414e-03 4.97647056e-03 6.04672150e-03
 3.35295885e-04 8.65647197e-03 2.93427660e-03 8.52345439e-03
 1.25720599e-03 1.58462463e-03 3.06737988e-01 1.43532357e-01
 1.46281391e-01 1.47868658e-01 1.38649570e-01 1.53690347e-01
 1.48509104e-01 2.82440107e-01 1.24930672e-01 1.23570506e-01
 1.36025412e-01 1.37911003e-01 1.50151961e-01 1.36967344e-01
 2.94069994e-01 1.40151955e-01 1.32855305e-01 1.44463241e-01
 1.35510544e-01 2.44304176e-02 1.69902433e-02 1.39663077e-01
 9.74979612e-03 1.35972416e-02 4.97214445e-03 1.49679170e-01
 1.40864816e-02 1.23176002e-03 1.68943803e-01 1.13132379e-02
 8.80239825e-04 1.62014168e-02 1.39936094e-01 2.43342937e-02
 1.28526846e-02 1.38965588e-01 1.37094465e-01 1.54159596e-01
 1.34839015e-01 2.74623956e-01 1.25934871e-01 1.25088415e-01
 1.30867808e-01 1.33391970e-01 1.39249100e-01 1.35003170e-01
 3.37132206e-01 1.59539675e-01 1.58112010e-01 1.62603429e-01
 1.64850156e-01 1.77104313e-01 1.63491516e-01]

 Iteration 100:
############################
Gradient = 
[ 4.57812711e-04 -2.75194313e-04 -2.52701034e-04  1.12540426e-03
 -4.85652639e-04 -6.39127067e-04 -1.48741869e-03 -8.63474248e-03
 -2.82469090e-04  7.27079104e-05 -1.15218552e-03 -5.26389540e-04
 -8.73797586e-05  5.65169406e-04 -4.57546771e-03  3.31216051e-04
  8.07383357e-04 -2.56474892e-03 -3.73122390e-03 -1.71086321e-03
  3.77997269e-04  2.09732851e-03 -4.36773242e-03 -6.47471917e-03
 -3.14035959e-03 -1.34465033e-02 -9.09040384e-03 -8.77376509e-03
 -2.75768999e-03 -8.11893734e-03 -7.78126344e-03 -9.30524122e-03
 -1.47643366e-02 -6.27432942e-03 -5.31323502e-03 -4.86786932e-03
 -1.13650695e-02 -4.11117886e-03 -8.29860941e-03 -3.75598582e-02
 -2.00243690e-02 -2.09167336e-02 -1.28158125e-02 -1.72240905e-02
 -2.36914551e-02 -1.61567467e-02 -2.22567124e-02 -8.37552129e-03
 -1.31506619e-02 -1.07391431e-02 -6.60825000e-03 -8.93598471e-03
 -1.27344872e-02 -2.34346686e-02 -1.29497685e-02 -9.04724767e-03
 -8.58075284e-03 -1.21162483e-02 -8.81223202e-03 -1.17212401e-02
  3.26191426e-01  1.53884127e-01  1.49660617e-01  1.62889729e-01
  1.66044846e-01  1.73845417e-01  1.56192550e-01  2.97179017e-01
  1.43737927e-01  1.42541730e-01  1.44754167e-01  1.44461361e-01
  1.54366605e-01  1.46414045e-01  2.24012920e-01  1.04312630e-01
  1.08644663e-01  1.10054661e-01  9.61995948e-02  1.07770690e-01
  9.84268729e-02  1.14969322e-01  4.96760908e-02  4.25570149e-02
  4.42011456e-02  4.15971073e-02  4.83892434e-02  4.93909318e-02
  1.63587401e-01  6.84689667e-02  6.64882947e-02  7.28546790e-02
  6.71485430e-02  7.91603984e-02  7.59888092e-02]

Gradient approximate =
[-8.72797767e-05 -9.05009401e-08  1.70496484e-05 -3.58949073e-04
 -1.25868640e-03 -3.10505950e-04  3.29905809e-04  1.19274655e-03
  2.98457301e-04  1.80038608e-04  8.66461218e-04  2.25759931e-04
 -3.49611622e-04 -1.40268720e-03 -3.14413200e-04 -5.32956879e-05
 -2.34706927e-04  4.31904157e-05  5.36905528e-03  2.41794000e-03
  2.06682311e-03  2.22836042e-03  2.39240007e-03  2.87808104e-03
  2.47787467e-03  4.19479759e-03  2.09628383e-03  2.02522061e-03
  2.07494800e-03  2.07303957e-03  2.29462012e-03  2.09662941e-03
 -5.42894082e-03 -2.56861720e-03 -2.32388815e-03 -2.43309131e-03
 -2.57507638e-03 -2.89061218e-03 -2.59726942e-03  9.94951313e-03
  4.67437132e-03  4.18481597e-03  3.30749155e-01  1.57872682e-01
  1.58792853e-01  1.65835792e-01  1.69585481e-01  1.74692391e-01
  1.62168148e-01  3.00082417e-01  1.42931597e-01  1.43443404e-01
  1.50035379e-01  1.47451726e-01  1.55911885e-01  1.45209514e-01
  3.17809950e-01  1.49343159e-01  1.49048272e-01  1.56900153e-01
  1.58499059e-01  1.67141146e-01  1.55618032e-01  3.29531709e-01
  1.54785183e-01  1.55022676e-01  1.62874739e-01  1.64182585e-01
  1.73304668e-01  1.61249618e-01  2.89905681e-01  1.36531549e-01
  1.36305831e-01  1.43263626e-01  1.44613299e-01  1.52316149e-01
  1.41842595e-01  0.00000000e+00  0.00000000e+00  0.00000000e+00
  0.00000000e+00  0.00000000e+00  0.00000000e+00  0.00000000e+00
  0.00000000e+00  0.00000000e+00  0.00000000e+00  0.00000000e+00
  0.00000000e+00  0.00000000e+00  0.00000000e+00  0.00000000e+00
  0.00000000e+00  0.00000000e+00  0.00000000e+00]

Diff = 
[5.45092487e-04 2.75103812e-04 2.69750682e-04 1.48435333e-03
 7.73033760e-04 3.28621117e-04 1.81732450e-03 9.82748903e-03
 5.80926391e-04 1.07330698e-04 2.01864674e-03 7.52149470e-04
 2.62231863e-04 1.96785660e-03 4.26105451e-03 3.84511739e-04
 1.04209028e-03 2.60793934e-03 9.10027918e-03 4.12880321e-03
 1.68882584e-03 1.31031910e-04 6.76013249e-03 9.35280021e-03
 5.61823426e-03 1.76413009e-02 1.11866877e-02 1.07989857e-02
 4.83263800e-03 1.01919769e-02 1.00758836e-02 1.14018706e-02
 9.33539574e-03 3.70571221e-03 2.98934687e-03 2.43477801e-03
 8.78999317e-03 1.22056668e-03 5.70133999e-03 4.75093713e-02
 2.46987403e-02 2.51015495e-02 3.43564967e-01 1.75096773e-01
 1.82484308e-01 1.81992539e-01 1.91842193e-01 1.83067912e-01
 1.75318809e-01 3.10821560e-01 1.49539847e-01 1.52379389e-01
 1.62769867e-01 1.70886395e-01 1.68861653e-01 1.54256761e-01
 3.26390703e-01 1.61459408e-01 1.57860504e-01 1.68621393e-01
 1.67692367e-01 1.32570186e-02 5.95741493e-03 1.66641980e-01
 1.12596623e-02 1.88227417e-02 6.68218955e-03 1.32996432e-01
 2.95667414e-02 1.87078876e-02 1.45151514e-01 7.92981257e-03
 1.80607742e-02 3.15041882e-03 7.93996210e-02 4.80035191e-02
 3.31979314e-02 1.10054661e-01 9.61995948e-02 1.07770690e-01
 9.84268729e-02 1.14969322e-01 4.96760908e-02 4.25570149e-02
 4.42011456e-02 4.15971073e-02 4.83892434e-02 4.93909318e-02
 1.63587401e-01 6.84689667e-02 6.64882947e-02 7.28546790e-02
 6.71485430e-02 7.91603984e-02 7.59888092e-02]

 Iteration 200:
############################
Gradient = 
[ 7.28614221e-05 -1.59540613e-03 -6.30650951e-04  4.47805482e-04
 -3.26235841e-03 -1.59768349e-03 -6.81754615e-04 -4.06307630e-03
  1.34362715e-03 -4.18852742e-04 -2.48777208e-03 -7.60638790e-04
 -2.91784987e-04  4.03819257e-05 -4.45992255e-03 -2.14860938e-04
 -9.69945060e-04 -2.87172381e-03  6.01433424e-03  2.84411051e-03
  4.33776488e-03  6.33146416e-03  2.90608518e-04 -1.17533320e-03
  1.45013606e-03  5.58296197e-04 -2.24757577e-03 -2.66428429e-03
  3.49656964e-03 -1.37887228e-03 -2.68635215e-04 -2.49800632e-03
  1.16151912e-04  8.42529273e-04  1.01058620e-03  1.90828120e-03
 -4.05207626e-03  3.68125727e-03 -1.12701534e-03 -2.24174402e-02
 -1.23606769e-02 -1.42499311e-02 -5.89267553e-03 -9.74096449e-03
 -1.49486573e-02 -8.74497949e-03 -1.10291966e-02 -2.93951696e-03
 -8.15955419e-03 -5.43744138e-03 -1.29671440e-03 -2.84996496e-03
 -7.12891000e-03 -1.68502768e-02 -9.42700464e-03 -6.19126474e-03
 -5.49626334e-03 -8.66091003e-03 -5.09352419e-03 -8.28292686e-03
  3.39555267e-01  1.61126701e-01  1.58762265e-01  1.71764393e-01
  1.80199958e-01  1.84525313e-01  1.67373065e-01  3.07082593e-01
  1.48794434e-01  1.49164713e-01  1.51627752e-01  1.56573314e-01
  1.63266799e-01  1.55434499e-01  1.47578008e-01  6.90058788e-02
  7.38958197e-02  7.35290477e-02  4.42213353e-02  6.11266814e-02
  5.50508047e-02 -1.96668458e-02 -2.24159849e-02 -2.99695424e-02
 -3.06496402e-02 -4.12330056e-02 -3.00218952e-02 -2.41378232e-02
  4.42102926e-02  4.69861941e-03  2.52233233e-03  6.41878954e-03
 -8.96067534e-04  1.24708981e-02  1.35033869e-02]

Gradient approximate =
[-7.09399295e-05  1.53828772e-05  1.89274374e-05 -3.97145838e-04
 -1.42453312e-03 -3.72867357e-04  7.85418435e-04  2.98752356e-03
  8.70881969e-04  1.42440766e-04  6.68355327e-04  1.65867586e-04
 -2.76685288e-04 -1.16328637e-03 -2.53283541e-04 -9.04132880e-05
 -3.79678318e-04 -1.41497991e-05  1.11895746e-02  5.16034823e-03
  4.52959668e-03  4.94718204e-03  5.12623533e-03  5.91423515e-03
  5.19188715e-03  8.62885361e-03  4.16942305e-03  3.86940810e-03
  4.09985511e-03  4.13541366e-03  4.59682540e-03  4.14917606e-03
 -1.13281259e-03 -5.58197779e-04 -5.31070916e-04 -5.09984690e-04
 -5.81027571e-04 -6.49877461e-04 -5.98608223e-04  1.57572517e-02
  7.41178890e-03  6.64033141e-03  3.46829570e-01  1.67095685e-01
  1.69890560e-01  1.76728402e-01  1.86941434e-01  1.87012784e-01
  1.74563268e-01  3.11957465e-01  1.49709840e-01  1.51883691e-01
  1.58310985e-01  1.62862008e-01  1.66287950e-01  1.55682102e-01
  3.31628528e-01  1.57130752e-01  1.58672309e-01  1.66359251e-01
  1.70986474e-01  1.76711505e-01  1.65474775e-01  3.40103324e-01
  1.59968204e-01  1.61795269e-01  1.69691003e-01  1.76152234e-01
  1.82257592e-01  1.70557339e-01  3.01324280e-01  1.42052646e-01
  1.43281295e-01  1.50334241e-01  1.56283024e-01  1.61372882e-01
  1.51133367e-01  0.00000000e+00  0.00000000e+00  0.00000000e+00
  0.00000000e+00  0.00000000e+00  0.00000000e+00  0.00000000e+00
  0.00000000e+00  0.00000000e+00  0.00000000e+00  0.00000000e+00
  0.00000000e+00  0.00000000e+00  0.00000000e+00  0.00000000e+00
  0.00000000e+00  0.00000000e+00  0.00000000e+00]

Diff = 
[1.43801352e-04 1.61078901e-03 6.49578389e-04 8.44951320e-04
 1.83782529e-03 1.22481613e-03 1.46717305e-03 7.05059986e-03
 4.72745184e-04 5.61293508e-04 3.15612741e-03 9.26506376e-04
 1.50996985e-05 1.20366829e-03 4.20663901e-03 1.24447650e-04
 5.90266743e-04 2.85757401e-03 5.17524033e-03 2.31623772e-03
 1.91831798e-04 1.38428213e-03 4.83562682e-03 7.08956836e-03
 3.74175109e-03 8.07055741e-03 6.41699882e-03 6.53369238e-03
 6.03285475e-04 5.51428594e-03 4.86546062e-03 6.64718239e-03
 1.24896450e-03 1.40072705e-03 1.54165712e-03 2.41826589e-03
 3.47104869e-03 4.33113473e-03 5.28407112e-04 3.81746919e-02
 1.97724658e-02 2.08902625e-02 3.52722245e-01 1.76836650e-01
 1.84839217e-01 1.85473382e-01 1.97970631e-01 1.89952301e-01
 1.82722822e-01 3.17394907e-01 1.51006555e-01 1.54733656e-01
 1.65439895e-01 1.79712285e-01 1.75714955e-01 1.61873367e-01
 3.37124791e-01 1.65791662e-01 1.63765833e-01 1.74642178e-01
 1.68568793e-01 1.55848039e-02 6.71251034e-03 1.68338931e-01
 2.02317539e-02 2.27300439e-02 2.31793785e-03 1.30930359e-01
 3.34631580e-02 2.13926256e-02 1.49696529e-01 1.45206680e-02
 1.99855042e-02 5.10025804e-03 8.70501635e-03 9.23670033e-02
 7.72375472e-02 7.35290477e-02 4.42213353e-02 6.11266814e-02
 5.50508047e-02 1.96668458e-02 2.24159849e-02 2.99695424e-02
 3.06496402e-02 4.12330056e-02 3.00218952e-02 2.41378232e-02
 4.42102926e-02 4.69861941e-03 2.52233233e-03 6.41878954e-03
 8.96067534e-04 1.24708981e-02 1.35033869e-02]

 Iteration 300:
############################
Gradient = 
[-2.06660172e-04 -2.56716956e-03 -9.13140108e-04 -3.60513722e-04
 -6.32715757e-03 -2.68516903e-03  1.22799930e-03  3.93001726e-03
  4.09353715e-03 -6.45131178e-04 -2.99836980e-03 -7.18259530e-04
 -3.22804504e-04  1.92433922e-05 -4.20779803e-03 -5.27993658e-04
 -1.96735375e-03 -2.93519204e-03  2.40871848e-02  1.10393197e-02
  1.16630709e-02  1.40544400e-02  8.58044319e-03  8.10864454e-03
  9.64830577e-03  2.15991720e-02  7.52955097e-03  6.16531567e-03
  1.26713042e-02  8.31114904e-03  1.04700832e-02  7.21758170e-03
  2.11515673e-02  1.04805924e-02  9.69213511e-03  1.11599588e-02
  5.78491894e-03  1.42385442e-02  8.53902585e-03  1.49828783e-02
  5.25383185e-03  1.55991526e-03  1.08498444e-02  7.68169990e-03
  4.65514668e-03  8.50020752e-03  9.53589133e-03  6.57607144e-03
  5.93940867e-04  3.89840166e-03  8.10069321e-03  7.67972291e-03
  2.49206721e-03  1.40990533e-03 -6.75700210e-04  1.44941501e-03
  2.81290738e-03  1.60027762e-05  4.36661620e-03  3.20759234e-04
  3.40282509e-01  1.58844274e-01  1.57482633e-01  1.70043173e-01
  1.81615615e-01  1.84903072e-01  1.69371042e-01  3.08863307e-01
  1.46963734e-01  1.48158945e-01  1.50686016e-01  1.58841046e-01
  1.64560052e-01  1.57783893e-01  7.44287993e-02  3.41618477e-02
  3.87107701e-02  3.67480461e-02 -1.07164452e-02  1.38095143e-02
  1.06452227e-02 -1.04958901e-01 -7.09289972e-02 -7.93513109e-02
 -8.11131777e-02 -1.01382307e-01 -8.32648892e-02 -7.49291043e-02
 -3.46903246e-02 -4.02356516e-02 -4.31547923e-02 -4.07028068e-02
 -4.74782708e-02 -3.24010385e-02 -2.90418451e-02]

Gradient approximate =
[-8.62822680e-05 -8.26530533e-05 -3.62430530e-06 -3.91151234e-04
 -1.41596126e-03 -3.70773212e-04  8.02518707e-04  3.03151671e-03
  9.08986122e-04  9.73659042e-05  4.74251616e-04  1.19502774e-04
 -2.70780307e-04 -1.15704408e-03 -2.48950300e-04 -1.13398926e-04
 -4.65323449e-04 -4.23636082e-05  1.21205318e-02  5.63400418e-03
  5.00458542e-03  5.37409312e-03  5.60794129e-03  6.40643276e-03
  5.65687968e-03  9.25813991e-03  4.47503092e-03  4.15955516e-03
  4.38167749e-03  4.44463556e-03  4.92021543e-03  4.44841575e-03
  2.68872258e-06 -2.07554840e-05 -4.27598201e-05  9.88551019e-06
 -4.59002747e-05 -5.39400435e-05 -6.32911545e-05  1.65918295e-02
  7.83962491e-03  7.07492532e-03  3.47922648e-01  1.65178312e-01
  1.68787402e-01  1.75407315e-01  1.88752916e-01  1.87724999e-01
  1.76640267e-01  3.13952121e-01  1.48300520e-01  1.51234616e-01
  1.57489466e-01  1.65603024e-01  1.67744628e-01  1.58298098e-01
  3.34092810e-01  1.55811376e-01  1.58248013e-01  1.65689604e-01
  1.73066689e-01  1.77892606e-01  1.67943654e-01  3.39955472e-01
  1.57174138e-01  1.59816048e-01  1.67477225e-01  1.77089421e-01
  1.82251257e-01  1.71930111e-01  3.04936877e-01  1.41261080e-01
  1.43281629e-01  1.50204425e-01  1.59069774e-01  1.63384885e-01
  1.54260709e-01  0.00000000e+00  0.00000000e+00  0.00000000e+00
  0.00000000e+00  0.00000000e+00  0.00000000e+00  0.00000000e+00
  0.00000000e+00  0.00000000e+00  0.00000000e+00  0.00000000e+00
  0.00000000e+00  0.00000000e+00  0.00000000e+00  0.00000000e+00
  0.00000000e+00  0.00000000e+00  0.00000000e+00]

Diff = 
[1.20377904e-04 2.48451650e-03 9.09515802e-04 3.06375112e-05
 4.91119631e-03 2.31439581e-03 4.25480591e-04 8.98500549e-04
 3.18455103e-03 7.42497082e-04 3.47262141e-03 8.37762304e-04
 5.20241974e-05 1.17628747e-03 3.95884773e-03 4.14594732e-04
 1.50203031e-03 2.89282843e-03 1.19666530e-02 5.40531556e-03
 6.65848544e-03 8.68034684e-03 2.97250190e-03 1.70221178e-03
 3.99142609e-03 1.23410321e-02 3.05452005e-03 2.00576051e-03
 8.28962671e-03 3.86651349e-03 5.54986782e-03 2.76916595e-03
 2.11488786e-02 1.05013479e-02 9.73489493e-03 1.11500732e-02
 5.83081921e-03 1.42924843e-02 8.60231701e-03 1.60895116e-03
 2.58579306e-03 5.51501006e-03 3.37072804e-01 1.57496612e-01
 1.64132256e-01 1.66907107e-01 1.79217024e-01 1.81148927e-01
 1.76046327e-01 3.10053719e-01 1.40199826e-01 1.43554893e-01
 1.54997399e-01 1.64193118e-01 1.68420328e-01 1.56848683e-01
 3.31279902e-01 1.55795373e-01 1.53881397e-01 1.65368845e-01
 1.67215820e-01 1.90483313e-02 1.04610204e-02 1.69912299e-01
 2.44414769e-02 2.50870233e-02 1.89381740e-03 1.31773886e-01
 3.52875231e-02 2.37711660e-02 1.54250861e-01 1.75799657e-02
 2.12784234e-02 7.57946786e-03 8.46409746e-02 1.29223037e-01
 1.15549938e-01 3.67480461e-02 1.07164452e-02 1.38095143e-02
 1.06452227e-02 1.04958901e-01 7.09289972e-02 7.93513109e-02
 8.11131777e-02 1.01382307e-01 8.32648892e-02 7.49291043e-02
 3.46903246e-02 4.02356516e-02 4.31547923e-02 4.07028068e-02
 4.74782708e-02 3.24010385e-02 2.90418451e-02]

 Iteration 400:
############################
Gradient = 
[-0.00113222 -0.00652993 -0.00236617 -0.00166199 -0.01150884 -0.00464975
  0.00227312  0.00734993  0.0052064  -0.00144763 -0.00636041 -0.00179193
 -0.00112351 -0.00360985 -0.00536175 -0.00140563 -0.00569844 -0.00408118
  0.04076512  0.01836469  0.01841863  0.02045035  0.0159951   0.01632034
  0.01697644  0.04015422  0.01585719  0.01390382  0.01999483  0.0165651
  0.01950891  0.01549257  0.03951562  0.01859689  0.01722205  0.01845051
  0.0140973   0.02301476  0.01668739  0.05344175  0.02289104  0.01788824
  0.02670073  0.0251321   0.02399902  0.02574552  0.02931068  0.01546902
  0.00903284  0.01213532  0.01688229  0.0173813   0.0114721   0.02070293
  0.00829949  0.00953255  0.01096174  0.00892258  0.01395932  0.00913697
  0.32492644  0.14503962  0.14392913  0.15590189  0.16627859  0.17240106
  0.15913417  0.30025912  0.13683694  0.13825622  0.14072168  0.14785607
  0.15625631  0.15105406  0.01700337  0.00698982  0.01092666  0.00784563
 -0.05793989 -0.02495096 -0.02622388 -0.14778959 -0.09689142 -0.10600812
 -0.10792893 -0.1362342  -0.11170953 -0.1028397  -0.07900386 -0.06714911
 -0.07078152 -0.06900384 -0.07128608 -0.0562562  -0.05213177]

Gradient approximate =
[-1.29175086e-04 -2.53581249e-04 -4.13799883e-05 -3.37656285e-04
 -1.20290609e-03 -2.98090832e-04  3.30861349e-04  1.16329856e-03
  3.53661207e-04  5.55161606e-05  3.55592109e-04  1.07341853e-04
 -3.25296015e-04 -1.32744511e-03 -2.87253112e-04 -1.11467924e-04
 -4.26020090e-04 -2.35021491e-05  6.53652163e-03  3.04639429e-03
  2.72622596e-03  2.78141266e-03  3.03248846e-03  3.49839363e-03
  3.08179160e-03  4.90482025e-03  2.43310040e-03  2.33471298e-03
  2.39029120e-03  2.41184327e-03  2.63603207e-03  2.41608681e-03
 -3.13235699e-03 -1.50415349e-03 -1.38163503e-03 -1.38577593e-03
 -1.52354629e-03 -1.70032041e-03 -1.53511283e-03  1.08521085e-02
  5.17700784e-03  4.73164520e-03  3.29861017e-01  1.49557074e-01
  1.52988591e-01  1.59492121e-01  1.70069523e-01  1.73774281e-01
  1.64883603e-01  3.03300333e-01  1.36809235e-01  1.39714026e-01
  1.45884852e-01  1.51422698e-01  1.57851322e-01  1.50224485e-01
  3.21340835e-01  1.43003100e-01  1.45495902e-01  1.52701366e-01
  1.60932953e-01  1.68207024e-01  1.60098961e-01  3.26685617e-01
  1.45075691e-01  1.47911047e-01  1.55128547e-01  1.63741348e-01
  1.71352995e-01  1.62944015e-01  2.97971293e-01  1.32544900e-01
  1.34824504e-01  1.41434160e-01  1.49532614e-01  1.56172010e-01
  1.48648685e-01  0.00000000e+00  0.00000000e+00  0.00000000e+00
  0.00000000e+00  0.00000000e+00  0.00000000e+00  0.00000000e+00
  0.00000000e+00  0.00000000e+00  0.00000000e+00  0.00000000e+00
  0.00000000e+00  0.00000000e+00  0.00000000e+00  0.00000000e+00
  0.00000000e+00  0.00000000e+00  0.00000000e+00]

Diff = 
[0.00100305 0.00627635 0.00232479 0.00132434 0.01030593 0.00435166
 0.00194225 0.00618663 0.00485274 0.00150314 0.006716   0.00189928
 0.00079821 0.0022824  0.0050745  0.00129416 0.00527242 0.00405768
 0.0342286  0.01531829 0.01569241 0.01766893 0.01296261 0.01282194
 0.01389465 0.0352494  0.01342408 0.01156911 0.01760454 0.01415326
 0.01687288 0.01307648 0.04264798 0.02010104 0.01860369 0.01983629
 0.01562084 0.02471508 0.0182225  0.04258965 0.01771403 0.01315659
 0.30316029 0.12442497 0.12898957 0.1337466  0.14075884 0.15830526
 0.15585076 0.29116502 0.11992695 0.12233272 0.13441275 0.13071977
 0.14955183 0.14069194 0.31037909 0.13408052 0.13153658 0.1435644
 0.16399348 0.0231674  0.01616983 0.17078373 0.0212029  0.02449001
 0.00400563 0.13651778 0.03451606 0.02468779 0.15724962 0.01531117
 0.02143181 0.0096199  0.13252925 0.14918219 0.13772203 0.00784563
 0.05793989 0.02495096 0.02622388 0.14778959 0.09689142 0.10600812
 0.10792893 0.1362342  0.11170953 0.1028397  0.07900386 0.06714911
 0.07078152 0.06900384 0.07128608 0.0562562  0.05213177]

 Iteration 500:
############################
Gradient = 
[-0.00334083 -0.01574413 -0.00591216 -0.00398194 -0.02075731 -0.00827682
  0.00152595  0.00308027  0.00346547 -0.00352951 -0.0150699  -0.00500466
 -0.00338539 -0.01323037 -0.00891035 -0.00352845 -0.01459042 -0.00729944
  0.05219919  0.02342284  0.02332267  0.02406129  0.02111341  0.02191203
  0.02203282  0.05331312  0.02179154  0.01968837  0.0243873   0.02240779
  0.0257973   0.02137464  0.05256231  0.02438755  0.02286095  0.02285257
  0.02005038  0.02911539  0.0225044   0.08307738  0.03675307  0.03133929
  0.03748622  0.03875173  0.03887931  0.03920478  0.0439781   0.02215736
  0.01573179  0.01751512  0.02343338  0.02450979  0.0182327   0.03571786
  0.01537762  0.01616712  0.01661469  0.01590925  0.0213343   0.01605426
  0.29775506  0.12347482  0.12202501  0.13339684  0.13895788  0.15083933
  0.13997724  0.28412488  0.1210948   0.12227162  0.12463304  0.12693362
  0.14101869  0.13751196 -0.01974995 -0.00948629 -0.00607525 -0.00977783
 -0.0914585  -0.0506909  -0.05104459 -0.16697872 -0.10875224 -0.11845203
 -0.12013816 -0.15398258 -0.12468587 -0.11617701 -0.10139206 -0.08141108
 -0.08572532 -0.0842426  -0.07833044 -0.0657204  -0.06168063]

Gradient approximate =
[ 1.88388660e-04  1.04838364e-03  3.80366652e-04  7.47357154e-05
  4.59844198e-04  2.27589205e-04 -5.40303269e-05 -3.32997463e-04
 -9.10787290e-05  3.90892416e-04  1.79517891e-03  5.83735189e-04
  5.71083181e-07  7.46846984e-05  1.68072141e-04  2.78059795e-04
  1.18535374e-03  4.85914708e-04 -3.39126802e-03 -1.69911826e-03
 -1.60596423e-03 -1.62390349e-03 -1.69259086e-03 -1.75574424e-03
 -1.63371888e-03 -2.70436654e-03 -1.25813525e-03 -1.06241827e-03
 -9.54496946e-04 -1.26147135e-03 -1.44122806e-03 -1.25162011e-03
 -9.18670488e-03 -4.49050857e-03 -4.15081392e-03 -4.00413209e-03
 -4.49365016e-03 -4.98168100e-03 -4.49661606e-03  6.89995918e-04
  3.32382215e-04  3.14333570e-04  2.98128607e-01  1.24790425e-01
  1.27335627e-01  1.33828251e-01  1.36932437e-01  1.49509562e-01
  1.43016220e-01  2.83694064e-01  1.18448148e-01  1.20753086e-01
  1.26920464e-01  1.24944554e-01  1.39782470e-01  1.34134993e-01
  2.97480871e-01  1.22378871e-01  1.24317232e-01  1.31302527e-01
  1.38441451e-01  1.50749093e-01  1.44586534e-01  3.03565933e-01
  1.26743160e-01  1.29286088e-01  1.35971451e-01  1.40005737e-01
  1.52661579e-01  1.46263516e-01  2.82841211e-01  1.18298807e-01
  1.20415062e-01  1.26611723e-01  1.30600799e-01  1.42079498e-01
  1.36269497e-01  0.00000000e+00  0.00000000e+00  0.00000000e+00
  0.00000000e+00  0.00000000e+00  0.00000000e+00  0.00000000e+00
  0.00000000e+00  0.00000000e+00  0.00000000e+00  0.00000000e+00
  0.00000000e+00  0.00000000e+00  0.00000000e+00  0.00000000e+00
  0.00000000e+00  0.00000000e+00  0.00000000e+00]

Diff = 
[0.00352922 0.01679251 0.00629252 0.00405668 0.02121715 0.00850441
 0.00157998 0.00341327 0.00355655 0.0039204  0.01686508 0.0055884
 0.00338596 0.01330505 0.00907843 0.00380651 0.01577577 0.00778536
 0.05559046 0.02512196 0.02492864 0.02568519 0.02280601 0.02366777
 0.02366654 0.05601749 0.02304967 0.02075078 0.02534179 0.02366926
 0.02723853 0.02262626 0.06174902 0.02887806 0.02701176 0.0268567
 0.02454403 0.03409707 0.02700102 0.08238738 0.03642069 0.03102496
 0.26064239 0.0860387  0.08845631 0.09462347 0.09295434 0.1273522
 0.12728443 0.26617894 0.09501477 0.0962433  0.10868777 0.0892267
 0.12440485 0.11796787 0.28086618 0.10646962 0.10298293 0.11524827
 0.15931361 0.02727427 0.02256152 0.1701691  0.01221472 0.02155324
 0.00400579 0.14411914 0.03156678 0.02399189 0.15820817 0.00863481
 0.02060363 0.01090024 0.15035075 0.15156579 0.14234474 0.00977783
 0.0914585  0.0506909  0.05104459 0.16697872 0.10875224 0.11845203
 0.12013816 0.15398258 0.12468587 0.11617701 0.10139206 0.08141108
 0.08572532 0.0842426  0.07833044 0.0657204  0.06168063]

 Iteration 600:
############################
Gradient = 
[-0.00659051 -0.02867871 -0.01112702 -0.00716899 -0.03304655 -0.01328602
 -0.00071459 -0.00693841 -0.00058034 -0.00669614 -0.02776095 -0.01001802
 -0.00674392 -0.02667582 -0.0142267  -0.00670453 -0.02730203 -0.01225825
  0.05792146  0.02647304  0.02650348  0.02542244  0.02419735  0.02518637
  0.02507267  0.0610011   0.02582375  0.02386802  0.02655225  0.02632714
  0.0298894   0.02534696  0.06029244  0.02839261  0.02700407  0.02512247
  0.02418243  0.03314627  0.0265224   0.09969643  0.04599038  0.04092628
  0.04293991  0.04769001  0.04842638  0.04804741  0.05244243  0.02670883
  0.02064428  0.02036299  0.02781967  0.02917011  0.02284517  0.04480043
  0.02032295  0.02104214  0.0197527   0.02073599  0.02625904  0.02084102
  0.26554878  0.09896629  0.09672448  0.10758169  0.1067607   0.12553908
  0.11696237  0.26489017  0.10312958  0.10367702  0.10594947  0.10133453
  0.12260127  0.12071817 -0.03761859 -0.0165387  -0.01343078 -0.01736891
 -0.11179153 -0.06419784 -0.0642858  -0.17480791 -0.11261861 -0.12290758
 -0.12425562 -0.16188904 -0.12915575 -0.12135112 -0.11088443 -0.08745736
 -0.09251197 -0.09117914 -0.07494018 -0.06648872 -0.0629595 ]

Gradient approximate =
[ 1.20552090e-03  5.16991223e-03  1.67649007e-03  1.13893417e-03
  4.75230570e-03  1.56868308e-03  1.67615506e-04  5.89064493e-04
  2.11912317e-04  1.42561622e-03  6.06136287e-03  1.93779436e-03
  1.06385567e-03  4.44294179e-03  1.54696501e-03  1.36882890e-03
  5.61648977e-03  1.87022984e-03 -1.43316473e-02 -7.38348083e-03
 -6.95470519e-03 -6.42053379e-03 -7.33452537e-03 -7.96515054e-03
 -7.26934812e-03 -1.10672784e-02 -5.71578110e-03 -5.28485793e-03
 -4.62369480e-03 -5.68233935e-03 -6.29779885e-03 -5.66993020e-03
 -1.60766954e-02 -8.27723137e-03 -7.76018583e-03 -7.01834041e-03
 -8.24580340e-03 -9.08616225e-03 -8.24305392e-03 -1.03303714e-02
 -5.33877100e-03 -5.01302831e-03  2.61053907e-01  9.68447982e-02
  9.80725209e-02  1.04609897e-01  9.83114925e-02  1.20914811e-01
  1.16661674e-01  2.60509587e-01  9.72813701e-02  9.85790460e-02
  1.04789086e-01  9.32538740e-02  1.17916625e-01  1.14126923e-01
  2.68841338e-01  9.87564801e-02  9.97239349e-02  1.06485501e-01
  1.11748448e-01  1.30036839e-01  1.25688708e-01  2.75486041e-01
  1.05931890e-01  1.07780288e-01  1.13930355e-01  1.11691571e-01
  1.30361104e-01  1.25874547e-01  2.63632383e-01  1.01745343e-01
  1.03338361e-01  1.09086375e-01  1.07219934e-01  1.24645578e-01
  1.20476877e-01  0.00000000e+00  0.00000000e+00  0.00000000e+00
  0.00000000e+00  0.00000000e+00  0.00000000e+00  0.00000000e+00
  0.00000000e+00  0.00000000e+00  0.00000000e+00  0.00000000e+00
  0.00000000e+00  0.00000000e+00  0.00000000e+00  0.00000000e+00
  0.00000000e+00  0.00000000e+00  0.00000000e+00]

Diff = 
[0.00779603 0.03384863 0.01280351 0.00830792 0.03779886 0.01485471
 0.00088221 0.00752748 0.00079225 0.00812176 0.03382231 0.01195582
 0.00780778 0.03111876 0.01577367 0.00807336 0.03291852 0.01412848
 0.0722531  0.03385652 0.03345819 0.03184298 0.03153188 0.03315152
 0.03234202 0.07206837 0.03153953 0.02915288 0.03117595 0.03200948
 0.03618719 0.03101689 0.07636914 0.03666984 0.03476425 0.03214081
 0.03242824 0.04223244 0.03476545 0.1100268  0.05132915 0.0459393
 0.218114   0.04915479 0.04964614 0.05656249 0.04586906 0.09420599
 0.09601739 0.2401466  0.0694617  0.06940893 0.08194392 0.04845344
 0.09759368 0.09308479 0.24908864 0.07802049 0.0734649  0.08564448
 0.15380033 0.03107055 0.02896423 0.16790435 0.00082881 0.01775879
 0.00303201 0.1531986  0.02723153 0.02219753 0.15768291 0.00041082
 0.01926291 0.0116318  0.14483852 0.14118428 0.13390765 0.01736891
 0.11179153 0.06419784 0.0642858  0.17480791 0.11261861 0.12290758
 0.12425562 0.16188904 0.12915575 0.12135112 0.11088443 0.08745736
 0.09251197 0.09117914 0.07494018 0.06648872 0.0629595 ]

 Iteration 700:
############################
Gradient = 
[-0.00981803 -0.04046272 -0.0162864  -0.01028602 -0.04407838 -0.01814076
 -0.00355942 -0.01862658 -0.00548612 -0.00992196 -0.03970369 -0.01519693
 -0.00995273 -0.03825752 -0.01927806 -0.00992394 -0.0391668  -0.01734203
  0.05838495  0.02771683  0.02803021  0.02521129  0.02548412  0.02635963
  0.02631688  0.0634643   0.02814986  0.02651151  0.02713476  0.028552
  0.03198813  0.02762299  0.06297782  0.03082507  0.02973976  0.02592399
  0.02674108  0.03532318  0.02897293  0.10148082  0.04960273  0.04540591
  0.04345676  0.05104182  0.05160075  0.05136093  0.05469244  0.02915678
  0.02366698  0.02128339  0.03011632  0.03140274  0.02537667  0.04775878
  0.02310722  0.02400048  0.02088169  0.0234116   0.02870996  0.02349901
  0.23493173  0.07536411  0.07204478  0.08245358  0.07571724  0.1008493
  0.09434238  0.24655455  0.08553207  0.0851549   0.08733292  0.07574991
  0.10400814  0.10360933 -0.04021968 -0.0167787  -0.01375248 -0.01761311
 -0.12239987 -0.06815681 -0.0683351  -0.17677745 -0.11162636 -0.1225492
 -0.1235261  -0.16450673 -0.12864341 -0.12167068 -0.11236893 -0.08806782
 -0.09397492 -0.09270378 -0.06590359 -0.06209895 -0.0593149 ]

Gradient approximate =
[ 0.00285136  0.01178812  0.00374784  0.00280153  0.0114451   0.00365313
  0.00108754  0.00430359  0.00137943  0.00308095  0.01278654  0.00405465
  0.00273893  0.01118789  0.00367107  0.00307952  0.01250338  0.00401967
 -0.02366675 -0.01313568 -0.01252217 -0.01082823 -0.01302612 -0.01412649
 -0.01296099 -0.01823832 -0.01030994 -0.00975902 -0.00807108 -0.01022528
 -0.01119665 -0.0102141  -0.0221321  -0.01234582 -0.01174251 -0.00997799
 -0.01226633 -0.01339792 -0.0122604  -0.01903305 -0.01062262 -0.01012255
  0.22631894  0.07052317  0.07029685  0.07678764  0.06166297  0.0927518
  0.09045055  0.23825674  0.07631163  0.07635386  0.08256248  0.06237858
  0.09564891  0.09349843  0.24109427  0.07585578  0.07564127  0.08211772
  0.08631622  0.10986491  0.10710184  0.24719334  0.08565264  0.08651929
  0.09212136  0.08400217  0.10794634  0.10519636  0.24421151  0.08546574
  0.08625951  0.09152706  0.0839675   0.10686016  0.10418746  0.
  0.          0.          0.          0.          0.          0.
  0.          0.          0.          0.          0.          0.
  0.          0.          0.          0.          0.        ]

Diff = 
[0.01266939 0.05225084 0.02003424 0.01308756 0.05552348 0.0217939
 0.00464696 0.02293017 0.00686555 0.01300291 0.05249022 0.01925158
 0.01269166 0.04944541 0.02294913 0.01300346 0.05167018 0.02136169
 0.08205171 0.04085251 0.04055239 0.03603952 0.03851024 0.04048611
 0.03927787 0.08170262 0.0384598  0.03627054 0.03520584 0.03877728
 0.04318478 0.0378371  0.08510992 0.04317089 0.04148227 0.03590198
 0.03900741 0.04872109 0.04123333 0.12051387 0.06022536 0.05552846
 0.18286219 0.01948135 0.0186961  0.02542671 0.00697054 0.06359502
 0.06678358 0.21697335 0.04619531 0.04495112 0.05718581 0.01461981
 0.07254169 0.06949795 0.22021258 0.05244419 0.04693131 0.05861871
 0.14861551 0.0345008  0.03505706 0.16473976 0.0099354  0.01433001
 0.00222102 0.16255238 0.02241428 0.02004146 0.15687859 0.00971583
 0.01774863 0.01208226 0.12418719 0.12363886 0.11793993 0.01761311
 0.12239987 0.06815681 0.0683351  0.17677745 0.11162636 0.1225492
 0.1235261  0.16450673 0.12864341 0.12167068 0.11236893 0.08806782
 0.09397492 0.09270378 0.06590359 0.06209895 0.0593149 ]

 Iteration 800:
############################
Gradient = 
[-0.01164777 -0.04527131 -0.01912896 -0.01201475 -0.04822361 -0.02066238
 -0.00596491 -0.02757559 -0.0095528  -0.01182956 -0.0450344  -0.01829715
 -0.01161111 -0.04219468 -0.02174022 -0.0118237  -0.04438833 -0.02031569
  0.05459484  0.02689797  0.02754688  0.02373344  0.02475926  0.02520374
  0.02554163  0.0612472   0.02833566  0.02709246  0.02631436  0.0286934
  0.03165988  0.02780383  0.06108442  0.03119163  0.03048698  0.02540045
  0.0272809   0.03514356  0.0293996   0.09049622  0.04648855  0.04337358
  0.03954496  0.04782077  0.04741595  0.04814587  0.05152567  0.02898463
  0.02416301  0.02052363  0.02986341  0.03071075  0.02536074  0.04537774
  0.02330157  0.02449098  0.02028566  0.02355929  0.02828283  0.02364419
  0.21087564  0.05531251  0.05085089  0.06075425  0.05000045  0.07965408
  0.07494675  0.23185562  0.07003195  0.06858458  0.07058211  0.05372268
  0.08727884  0.08817979 -0.03171705 -0.01314958 -0.01010944 -0.01360991
 -0.12785979 -0.06593532 -0.06629191 -0.17516104 -0.10772103 -0.11934377
 -0.11987935 -0.16525366 -0.12516068 -0.11902403 -0.10880859 -0.08543465
 -0.0923574  -0.09101578 -0.05527244 -0.0550527  -0.05310885]

Gradient approximate =
[ 0.00462159  0.01874533  0.00593606  0.0045931   0.01852685  0.0058685
  0.00243182  0.00973019  0.00307339  0.00485263  0.01979756  0.00626872
  0.00446542  0.0179073   0.00580429  0.00490316  0.01967742  0.00627406
 -0.03015449 -0.01826    -0.01761051 -0.01455993 -0.01810116 -0.01944509
 -0.01803783 -0.0231825  -0.01442154 -0.01386748 -0.01103864 -0.01429687
 -0.01543151 -0.01428596 -0.02640915 -0.01613773 -0.01554603 -0.01265056
 -0.01602071 -0.01727382 -0.01600965 -0.02388915 -0.01454552 -0.01403331
  0.19938974  0.04910263  0.04759173  0.05374342  0.03190848  0.06825121
  0.06756254  0.21990742  0.0575978   0.05636157  0.06237133  0.03651998
  0.07537123  0.0746011   0.21842504  0.05615386  0.05478767  0.06083737
  0.06580764  0.09279323  0.09134209  0.2227178   0.06816701  0.06795115
  0.07292861  0.0609718   0.08808766  0.08683011  0.22759402  0.07126229
  0.07111764  0.07584646  0.0643203   0.09090642  0.08953199  0.
  0.          0.          0.          0.          0.          0.
  0.          0.          0.          0.          0.          0.
  0.          0.          0.          0.          0.        ]

Diff = 
[1.62693668e-02 6.40166370e-02 2.50650198e-02 1.66078579e-02
 6.67504611e-02 2.65308722e-02 8.39673253e-03 3.73057827e-02
 1.26261938e-02 1.66821972e-02 6.48319602e-02 2.45658681e-02
 1.60765310e-02 6.01019815e-02 2.75445085e-02 1.67268559e-02
 6.40657528e-02 2.65897480e-02 8.47493293e-02 4.51579703e-02
 4.51573893e-02 3.82933699e-02 4.28604247e-02 4.46488352e-02
 4.35794621e-02 8.44296955e-02 4.27572023e-02 4.09599352e-02
 3.73530018e-02 4.29902714e-02 4.70913960e-02 4.20897826e-02
 8.74935700e-02 4.73293682e-02 4.60330057e-02 3.80510088e-02
 4.33016065e-02 5.24173835e-02 4.54092502e-02 1.14385362e-01
 6.10340721e-02 5.74068916e-02 1.59844783e-01 1.28186645e-03
 1.75777811e-04 5.59754391e-03 1.96171951e-02 3.92665831e-02
 4.33995295e-02 1.99383792e-01 2.77343880e-02 2.56508244e-02
 3.70105919e-02 8.85775432e-03 5.20696610e-02 5.01101111e-02
 1.98139382e-01 3.25945617e-02 2.65048404e-02 3.71931788e-02
 1.45068003e-01 3.74807261e-02 4.04911917e-02 1.61963549e-01
 1.81665587e-02 1.17029353e-02 2.01813707e-03 1.70883818e-01
 1.80557102e-02 1.82455313e-02 1.57011911e-01 1.75396175e-02
 1.61611949e-02 1.23333307e-02 9.60373478e-02 1.04055998e-01
 9.96414308e-02 1.36099106e-02 1.27859792e-01 6.59353195e-02
 6.62919092e-02 1.75161042e-01 1.07721026e-01 1.19343766e-01
 1.19879353e-01 1.65253657e-01 1.25160680e-01 1.19024031e-01
 1.08808587e-01 8.54346529e-02 9.23573952e-02 9.10157820e-02
 5.52724397e-02 5.50526991e-02 5.31088542e-02]

 Iteration 900:
############################
Gradient = 
[-0.01163454 -0.04192634 -0.01890327 -0.01190679 -0.04424238 -0.0201099
 -0.00726937 -0.03126532 -0.01170638 -0.01190206 -0.04220796 -0.01841251
 -0.01144396 -0.03823894 -0.02113763 -0.01189375 -0.04147972 -0.02028148
  0.04837699  0.02409373  0.02503379  0.02126015  0.02209876  0.02196586
  0.02282795  0.05590491  0.02624141  0.02537244  0.02425587  0.0266163
  0.02891734  0.02575877  0.05600518  0.0292189   0.02887496  0.02362185
  0.02553508  0.03248164  0.0275389   0.0737567   0.03826752  0.03609111
  0.03294038  0.03962799  0.03802676  0.03998681  0.04500941  0.026137
  0.02193845  0.01834895  0.02700897  0.02723487  0.02274298  0.03968982
  0.02093163  0.02240184  0.01828793  0.02120841  0.02518938  0.02130215
  0.19509223  0.03999822  0.03453949  0.04379856  0.03132816  0.0632121
  0.05998271  0.22169743  0.0575307   0.0550456   0.05673797  0.03704395
  0.07355859  0.0755193  -0.01742853 -0.00858056 -0.00560572 -0.00857309
 -0.13240493 -0.06128701 -0.06168394 -0.1713176  -0.10260941 -0.11504136
 -0.11504999 -0.16678811 -0.12044128 -0.11501963 -0.10277634 -0.08164811
 -0.08980568 -0.08825999 -0.04625794 -0.04757409 -0.04641026]

Gradient approximate =
[ 0.0059766   0.0237746   0.00754603  0.0059776   0.02372255  0.00752113
  0.00379324  0.01519953  0.00477733  0.0061984   0.0248045   0.00787706
  0.00573586  0.02252019  0.00729758  0.0062917   0.0248357   0.0079258
 -0.03387871 -0.02218203 -0.02159074 -0.01752758 -0.02200918 -0.0233534
 -0.02194509 -0.02580544 -0.01743474 -0.01695102 -0.01334103 -0.01730121
 -0.01839303 -0.01728665 -0.02870607 -0.0190176  -0.01850142 -0.01481566
 -0.01889266 -0.02007892 -0.01887264 -0.0254667  -0.01674925 -0.01631201
  0.18193219  0.03380488  0.03132764  0.03683087  0.01090225  0.04908363
  0.04964376  0.20655426  0.04243621  0.04010416  0.04565381  0.01755672
  0.05865259  0.05897592  0.20256919  0.04080736  0.03847885  0.04395748
  0.05131178  0.07981865  0.07940296  0.2043506   0.0547173   0.05351605
  0.05779357  0.04451962  0.07240044  0.07231935  0.21531903  0.06005031
  0.05897917  0.06312416  0.04988321  0.07803592  0.07771528  0.
  0.          0.          0.          0.          0.          0.
  0.          0.          0.          0.          0.          0.
  0.          0.          0.          0.          0.        ]

Diff = 
[0.01761113 0.06570094 0.0264493  0.01788439 0.06796493 0.02763103
 0.01106261 0.04646485 0.0164837  0.01810046 0.06701246 0.02628957
 0.01717983 0.06075913 0.02843521 0.01818545 0.06631542 0.02820727
 0.0822557  0.04627576 0.04662453 0.03878773 0.04410794 0.04531926
 0.04477304 0.08171035 0.04367615 0.04232346 0.0375969  0.04391751
 0.04731037 0.04304541 0.08471125 0.0482365  0.04737638 0.03843751
 0.04442774 0.05256056 0.04641153 0.0992234  0.05501677 0.05240312
 0.14899181 0.00582311 0.00669912 0.00315595 0.03410716 0.02294663
 0.02770531 0.18820531 0.01542724 0.01286929 0.02291083 0.0221331
 0.03772097 0.03657408 0.18428126 0.01959895 0.01328947 0.02265533
 0.14378045 0.03982043 0.04486347 0.16055205 0.02338914 0.00969606
 0.00218914 0.17717781 0.01486974 0.01727375 0.15858107 0.02300636
 0.01457942 0.01239514 0.06731174 0.08661648 0.08332099 0.00857309
 0.13240493 0.06128701 0.06168394 0.1713176  0.10260941 0.11504136
 0.11504999 0.16678811 0.12044128 0.11501963 0.10277634 0.08164811
 0.08980568 0.08825999 0.04625794 0.04757409 0.04641026]

 