Iteration 0:
############################
Gradient = 
[ 2.88436992e-06  4.42897251e-03  3.14361246e-04 -1.80217264e-05
 -1.19897402e-03 -3.54250198e-03  2.40825979e-05 -7.40069122e-03
  4.62020842e-03  1.06228752e-05  1.68837064e-03 -5.12219975e-03
  1.84575097e-05 -3.68108858e-03  3.82105949e-03  1.24065800e-05
 -3.92954866e-03  1.56829619e-03 -5.45871603e-04  4.57798159e-03
  5.61391514e-03 -2.17715209e-03 -4.36138686e-03 -5.86928909e-03
  1.80557171e-03  3.50400142e-04  5.92464859e-03  4.66789481e-03
  4.38222248e-03 -3.05251360e-03 -4.82950988e-04 -1.11022270e-03
 -2.75760303e-04  6.39804858e-03  5.34369414e-03 -1.19793789e-03
 -3.42815952e-04  1.44278504e-03 -4.21535425e-03 -2.15510949e-04
 -3.24791188e-03  6.36884010e-03 -6.70337077e-03 -5.62189974e-03
 -3.48387130e-03 -8.00381423e-04  4.51799594e-04  6.50976850e-03
  1.39380048e-03  6.84602734e-03 -1.81166269e-03  1.60428843e-03
  5.26826366e-03  2.81172493e-04 -4.78562819e-04 -5.17980143e-03
  1.16132422e-03  6.57814931e-03  6.85249873e-03  6.56768208e-03
  1.98812967e-02  6.20574554e-03  1.69942169e-02  8.02150869e-03
  4.17214615e-03  1.05227603e-02  5.48316980e-03 -3.80997654e-03
 -4.29876972e-03 -5.51886055e-03 -8.31603786e-03  3.99517390e-03
 -5.81834413e-03 -4.59994376e-03 -6.89701280e-03  7.49961467e-04
 -5.37571174e-03 -5.58216093e-03 -1.04210865e-02 -1.01332990e-02
 -4.45354347e-03  7.90179416e-03  2.60129112e-03  4.50739772e-03
  6.09750938e-03  1.01190547e-02  1.08642805e-02  7.77764947e-03
  1.25881136e-03 -6.83615000e-03 -4.48206467e-03 -1.25830037e-03
  8.78437968e-04  1.56506593e-03  1.54087073e-03  2.48182874e-02
  1.11241269e-02  9.77800529e-03  9.27846125e-03  1.13954220e-02
  1.37694251e-02  1.94907476e-02  2.96344389e-01  1.36060107e-01
  1.47627168e-01  1.43885363e-01  1.47487418e-01  1.49970365e-01
  1.60334389e-01  3.07713580e-01  1.48111136e-01  1.52862046e-01
  1.44437848e-01  1.66617174e-01  1.49447979e-01  1.64995926e-01
  3.51371893e-01  1.69896756e-01  1.75574344e-01  1.74463419e-01
  1.88678917e-01  1.82500283e-01  1.86878910e-01  3.11729494e-01
  1.49006479e-01  1.51723676e-01  1.52616774e-01  1.68334026e-01
  1.59674588e-01  1.67453692e-01  2.72416454e-01  1.31903836e-01
  1.33724568e-01  1.37884134e-01  1.36213781e-01  1.33916362e-01
  1.40986504e-01]

Gradient approximate =
[-2.51555887e-06  9.29665456e-06 -4.11781498e-06  6.12638384e-06
  3.27739902e-05 -1.11547771e-05 -4.34129177e-06 -7.42073825e-05
  1.86384996e-05 -5.77130566e-06 -3.09983150e-05 -4.15202428e-05
 -4.40561365e-06 -6.15757068e-05  9.50156842e-06 -3.26521921e-06
 -3.60210772e-05  1.09304943e-05 -8.46227755e-06  3.18813287e-05
  2.47948440e-05 -2.49619037e-05 -2.83764057e-05 -4.02280476e-05
  1.45114587e-06  1.28718185e-04  1.01620572e-04  8.77387696e-05
  7.50122386e-05  4.84726659e-05  5.41778000e-05  5.25509125e-05
 -4.48359971e-05  7.61298802e-06  1.44602752e-05 -1.89938731e-05
 -2.15759322e-05 -1.01343245e-05 -4.07063427e-05  2.10732454e-04
  1.00078124e-04  1.33726059e-04  2.71726146e-01  1.28173978e-01
  1.43807333e-01  1.45031707e-01  1.28377713e-01  1.33462492e-01
  1.25965752e-01  3.33143793e-01  1.57177314e-01  1.76194967e-01
  1.77759734e-01  1.57626131e-01  1.63578003e-01  1.54518651e-01
  3.37350325e-01  1.59442351e-01  1.78450890e-01  1.80015500e-01
  1.59618788e-01  1.65729764e-01  1.56871593e-01  2.83759398e-01
  1.34224078e-01  1.49838157e-01  1.51205807e-01  1.34528108e-01
  1.39580418e-01  1.32273825e-01  2.91576878e-01  1.37737254e-01
  1.54163258e-01  1.55510346e-01  1.38021944e-01  1.43271724e-01
  1.35354528e-01 -2.02758368e-03 -1.09058701e-03 -1.03957567e-03
 -1.05840885e-03 -1.03137655e-03 -1.06471076e-03 -1.09699770e-03
  0.00000000e+00  0.00000000e+00  0.00000000e+00  0.00000000e+00
  0.00000000e+00  0.00000000e+00  0.00000000e+00  0.00000000e+00
  0.00000000e+00  0.00000000e+00  0.00000000e+00  0.00000000e+00
  0.00000000e+00  0.00000000e+00  0.00000000e+00  0.00000000e+00
  0.00000000e+00  0.00000000e+00  0.00000000e+00  0.00000000e+00
  0.00000000e+00  0.00000000e+00  0.00000000e+00  0.00000000e+00
  0.00000000e+00  0.00000000e+00  0.00000000e+00  0.00000000e+00
  0.00000000e+00  0.00000000e+00  0.00000000e+00  0.00000000e+00
  0.00000000e+00  0.00000000e+00  0.00000000e+00  0.00000000e+00
  0.00000000e+00  0.00000000e+00  0.00000000e+00  0.00000000e+00
  0.00000000e+00  0.00000000e+00  0.00000000e+00  0.00000000e+00
  0.00000000e+00  0.00000000e+00  0.00000000e+00  0.00000000e+00
  0.00000000e+00  0.00000000e+00  0.00000000e+00  0.00000000e+00
  0.00000000e+00]

Diff = 
[5.39992879e-06 4.41967585e-03 3.18479061e-04 2.41481103e-05
 1.23174801e-03 3.53134720e-03 2.84238897e-05 7.32648383e-03
 4.60156992e-03 1.63941809e-05 1.71936896e-03 5.08067950e-03
 2.28631234e-05 3.61951287e-03 3.81155792e-03 1.56717992e-05
 3.89352759e-03 1.55736570e-03 5.37409325e-04 4.54610026e-03
 5.58912030e-03 2.15219018e-03 4.33301045e-03 5.82906104e-03
 1.80412057e-03 2.21681957e-04 5.82302801e-03 4.58015604e-03
 4.30721024e-03 3.10098627e-03 5.37128788e-04 1.16277361e-03
 2.30924306e-04 6.39043559e-03 5.32923386e-03 1.17894401e-03
 3.21240020e-04 1.45291936e-03 4.17464791e-03 4.26243403e-04
 3.34799001e-03 6.23511404e-03 2.78429517e-01 1.33795878e-01
 1.47291205e-01 1.45832088e-01 1.27925914e-01 1.26952724e-01
 1.24571952e-01 3.26297766e-01 1.58988977e-01 1.74590679e-01
 1.72491470e-01 1.57344958e-01 1.64056566e-01 1.59698452e-01
 3.36189001e-01 1.52864201e-01 1.71598392e-01 1.73447818e-01
 1.39737491e-01 1.59524018e-01 1.39877376e-01 2.75737890e-01
 1.30051932e-01 1.39315396e-01 1.45722637e-01 1.38338085e-01
 1.43879187e-01 1.37792686e-01 2.99892916e-01 1.33742080e-01
 1.59981603e-01 1.60110290e-01 1.44918957e-01 1.42521762e-01
 1.40730240e-01 3.55457725e-03 9.33049953e-03 9.09372334e-03
 3.39513461e-03 8.93317071e-03 3.66600187e-03 5.60439542e-03
 6.09750938e-03 1.01190547e-02 1.08642805e-02 7.77764947e-03
 1.25881136e-03 6.83615000e-03 4.48206467e-03 1.25830037e-03
 8.78437968e-04 1.56506593e-03 1.54087073e-03 2.48182874e-02
 1.11241269e-02 9.77800529e-03 9.27846125e-03 1.13954220e-02
 1.37694251e-02 1.94907476e-02 2.96344389e-01 1.36060107e-01
 1.47627168e-01 1.43885363e-01 1.47487418e-01 1.49970365e-01
 1.60334389e-01 3.07713580e-01 1.48111136e-01 1.52862046e-01
 1.44437848e-01 1.66617174e-01 1.49447979e-01 1.64995926e-01
 3.51371893e-01 1.69896756e-01 1.75574344e-01 1.74463419e-01
 1.88678917e-01 1.82500283e-01 1.86878910e-01 3.11729494e-01
 1.49006479e-01 1.51723676e-01 1.52616774e-01 1.68334026e-01
 1.59674588e-01 1.67453692e-01 2.72416454e-01 1.31903836e-01
 1.33724568e-01 1.37884134e-01 1.36213781e-01 1.33916362e-01
 1.40986504e-01]

 Iteration 100:
############################
Gradient = 
[-2.96069560e-06  4.08719926e-03  2.84986301e-04  4.47995639e-06
 -1.01200768e-03 -3.25639701e-03 -3.87823930e-06 -6.96289984e-03
  4.25381978e-03 -4.61294931e-06  1.48909141e-03 -4.76957300e-03
 -3.77872713e-06 -3.51458756e-03  3.51539301e-03 -2.54760765e-06
 -3.70487925e-03  1.44364711e-03 -1.01068229e-05  4.51449869e-03
  5.43615856e-03 -1.82421226e-03 -3.78956578e-03 -5.21546044e-03
  1.90205043e-03  1.01412008e-04  5.37171338e-03  4.21622554e-03
  3.95915511e-03 -2.94403503e-03 -5.58783756e-04 -1.14226410e-03
 -6.26243079e-05  6.03143345e-03  5.04850677e-03 -1.02570966e-03
 -2.17140247e-04  1.42952380e-03 -3.81163106e-03  1.89011843e-04
 -2.80877234e-03  6.07709228e-03 -6.05913683e-03 -5.02455797e-03
 -3.05474858e-03 -5.65705384e-04 -8.74381016e-05  5.76446804e-03
  1.05307605e-03  6.14833987e-03 -1.93711146e-03  1.26149377e-03
  4.65096636e-03 -5.78239096e-05 -6.19302602e-04 -4.94719253e-03
  9.60635893e-04  5.93549527e-03  6.21274743e-03  5.94637850e-03
 -1.96932883e-04 -5.22873202e-03 -3.23548946e-03 -7.61572072e-04
 -2.11392935e-03  5.72028796e-03  9.96727007e-04  1.47287256e-03
 -1.13039126e-03  2.02517568e-03  5.45076674e-03  7.08233938e-03
  1.81856807e-04 -4.12080889e-03  4.02552944e-03  8.04463026e-03
  8.22280558e-03  8.05261174e-03 -3.22212060e-03 -1.58994065e-03
  9.58262588e-03  8.98646143e-03 -9.74447861e-04  4.11285878e-03
 -7.68237731e-04  1.02416376e-02  2.42233241e-03  1.06884927e-03
  2.00875671e-03  6.39014820e-03 -2.86425573e-03 -1.17662607e-03
  5.79355304e-03  4.73041837e-03 -1.52407482e-03 -2.15078111e-03
 -7.84421498e-03 -7.47012161e-03 -2.54404339e-03 -4.61603521e-03
 -2.53731548e-03 -9.01318070e-04  2.73103487e-01  1.24188273e-01
  1.41035090e-01  1.44611941e-01  1.26924688e-01  1.38632775e-01
  1.26534968e-01  3.29314584e-01  1.54040118e-01  1.75140169e-01
  1.79849793e-01  1.61815863e-01  1.59569313e-01  1.46342194e-01
  3.30918793e-01  1.62658235e-01  1.80922407e-01  1.81983153e-01
  1.50990767e-01  1.57247558e-01  1.59398618e-01  2.73359748e-01
  1.23807584e-01  1.43989647e-01  1.39975386e-01  1.34791254e-01
  1.30695009e-01  1.21755750e-01  2.84858685e-01  1.40236775e-01
  1.46512616e-01  1.49294893e-01  1.39269151e-01  1.42218609e-01
  1.28234788e-01]

Gradient approximate =
[ 7.16374515e-06  5.02703679e-05  5.92564886e-06  1.30282030e-05
  5.05060327e-05 -1.22957022e-05 -2.31812347e-06 -5.56016500e-05
  2.32384378e-05 -7.86799070e-06 -2.58090793e-05 -3.05481729e-05
 -3.68894026e-06 -4.10319956e-05  2.01100114e-05 -6.55509425e-06
 -4.12507517e-05  1.29233313e-05  1.40897782e-05  3.94876976e-05
  3.50180662e-05 -1.30032807e-05 -1.40059830e-05 -2.70859468e-05
  1.26269661e-05  2.30542199e-04  1.55336584e-04  1.33987108e-04
  1.11218648e-04  1.02657067e-04  9.93326399e-05  9.91357596e-05
  2.46782517e-04  1.62695597e-04  1.49176398e-04  9.75890013e-05
  1.26202364e-04  1.22291524e-04  9.65211400e-05  1.96813594e-04
  9.02067687e-05  1.26891977e-04  2.78453747e-01  1.32018873e-01
  1.46861632e-01  1.41885736e-01  1.43286716e-01  1.50283372e-01
  1.40359875e-01  3.39355113e-01  1.61073780e-01  1.78784827e-01
  1.72946883e-01  1.74584792e-01  1.82889641e-01  1.71092396e-01
  3.14844582e-01  1.49418168e-01  1.66063691e-01  1.60440727e-01
  1.62017145e-01  1.69785732e-01  1.58732204e-01  3.22268941e-01
  1.52844971e-01  1.69973737e-01  1.64175169e-01  1.65962820e-01
  1.73797357e-01  1.62509630e-01  3.42648918e-01  1.62501170e-01
  1.80728046e-01  1.74452333e-01  1.76424575e-01  1.84945882e-01
  1.72732064e-01  7.69424278e-04  3.67541630e-04  3.58926022e-04
  4.40507977e-04  3.71971045e-04  3.69107520e-04  4.15760355e-04
  0.00000000e+00  0.00000000e+00  0.00000000e+00  0.00000000e+00
  0.00000000e+00  0.00000000e+00  0.00000000e+00  0.00000000e+00
  0.00000000e+00  0.00000000e+00  0.00000000e+00  0.00000000e+00
  0.00000000e+00  0.00000000e+00  0.00000000e+00  0.00000000e+00
  0.00000000e+00  0.00000000e+00  0.00000000e+00  0.00000000e+00
  0.00000000e+00  0.00000000e+00  0.00000000e+00  0.00000000e+00
  0.00000000e+00  0.00000000e+00  0.00000000e+00  0.00000000e+00
  0.00000000e+00  0.00000000e+00  0.00000000e+00  0.00000000e+00
  0.00000000e+00  0.00000000e+00  0.00000000e+00  0.00000000e+00
  0.00000000e+00  0.00000000e+00  0.00000000e+00  0.00000000e+00
  0.00000000e+00  0.00000000e+00  0.00000000e+00  0.00000000e+00
  0.00000000e+00  0.00000000e+00  0.00000000e+00  0.00000000e+00
  0.00000000e+00  0.00000000e+00  0.00000000e+00  0.00000000e+00
  0.00000000e+00]

Diff = 
[1.01244407e-05 4.03692889e-03 2.79060652e-04 8.54824657e-06
 1.06251371e-03 3.24410130e-03 1.56011583e-06 6.90729819e-03
 4.23058134e-03 3.25504139e-06 1.51490049e-03 4.73902483e-03
 8.97868670e-08 3.47355556e-03 3.49528299e-03 4.00748659e-06
 3.66362850e-03 1.43072377e-03 2.41966011e-05 4.47501099e-03
 5.40114050e-03 1.81120898e-03 3.77555979e-03 5.18837450e-03
 1.88942346e-03 1.29130191e-04 5.21637680e-03 4.08223843e-03
 3.84793646e-03 3.04669210e-03 6.58116396e-04 1.24139986e-03
 3.09406825e-04 5.86873785e-03 4.89933037e-03 1.12329866e-03
 3.43342611e-04 1.30723228e-03 3.90815220e-03 7.80175114e-06
 2.89897911e-03 5.95020030e-03 2.84512884e-01 1.37043431e-01
 1.49916381e-01 1.42451441e-01 1.43374154e-01 1.44518904e-01
 1.39306799e-01 3.33206773e-01 1.63010892e-01 1.77523333e-01
 1.68295916e-01 1.74642616e-01 1.83508943e-01 1.76039588e-01
 3.13883946e-01 1.43482672e-01 1.59850944e-01 1.54494349e-01
 1.62214077e-01 1.75014464e-01 1.61967693e-01 3.23030513e-01
 1.54958900e-01 1.64253449e-01 1.63178442e-01 1.64489947e-01
 1.74927748e-01 1.60484455e-01 3.37198151e-01 1.55418830e-01
 1.80546190e-01 1.78573141e-01 1.72399045e-01 1.76901252e-01
 1.64509259e-01 7.28318746e-03 3.58966223e-03 1.94886667e-03
 9.14211790e-03 8.61449039e-03 1.34355538e-03 3.69709842e-03
 7.68237731e-04 1.02416376e-02 2.42233241e-03 1.06884927e-03
 2.00875671e-03 6.39014820e-03 2.86425573e-03 1.17662607e-03
 5.79355304e-03 4.73041837e-03 1.52407482e-03 2.15078111e-03
 7.84421498e-03 7.47012161e-03 2.54404339e-03 4.61603521e-03
 2.53731548e-03 9.01318070e-04 2.73103487e-01 1.24188273e-01
 1.41035090e-01 1.44611941e-01 1.26924688e-01 1.38632775e-01
 1.26534968e-01 3.29314584e-01 1.54040118e-01 1.75140169e-01
 1.79849793e-01 1.61815863e-01 1.59569313e-01 1.46342194e-01
 3.30918793e-01 1.62658235e-01 1.80922407e-01 1.81983153e-01
 1.50990767e-01 1.57247558e-01 1.59398618e-01 2.73359748e-01
 1.23807584e-01 1.43989647e-01 1.39975386e-01 1.34791254e-01
 1.30695009e-01 1.21755750e-01 2.84858685e-01 1.40236775e-01
 1.46512616e-01 1.49294893e-01 1.39269151e-01 1.42218609e-01
 1.28234788e-01]

 Iteration 200:
############################
Gradient = 
[-3.24214576e-06  3.78783967e-03  2.64587357e-04  3.31500264e-06
 -9.43493892e-04 -3.01906426e-03 -3.53358147e-06 -6.45087427e-03
  3.94316777e-03 -3.77967547e-06  1.38483600e-03 -4.41935594e-03
 -3.28662896e-06 -3.25317305e-03  3.25947794e-03 -2.01714739e-06
 -3.43275018e-03  1.33724778e-03 -1.30549776e-05  4.18144632e-03
  5.03779313e-03 -1.69030062e-03 -3.51376946e-03 -4.83453909e-03
  1.76255780e-03  7.82780365e-05  4.96662284e-03  3.89711858e-03
  3.66113456e-03 -2.74034843e-03 -5.27707625e-04 -1.06884155e-03
 -7.60526464e-05  5.58461712e-03  4.67212742e-03 -9.57180663e-04
 -2.08279497e-04  1.31863621e-03 -3.53971183e-03  1.75267004e-04
 -2.61135466e-03  5.62683654e-03 -5.62005583e-03 -4.66359776e-03
 -2.83684723e-03 -5.29774316e-04 -8.39133683e-05  5.34528915e-03
  9.77635606e-04  5.69861537e-03 -1.79318496e-03  1.17000047e-03
  4.31162441e-03 -5.47859917e-05 -5.72208604e-04 -4.58396624e-03
  8.91164430e-04  5.50286521e-03  5.75939930e-03  5.51253777e-03
 -6.19854684e-04 -5.07813462e-03 -3.21997968e-03 -9.36790576e-04
 -2.31906835e-03  5.07793525e-03  6.89461341e-04  7.12126149e-04
 -1.38219350e-03  1.55701329e-03  4.71609516e-03  6.70601689e-03
 -1.69823142e-04 -4.17282740e-03  3.44387616e-03  7.30901697e-03
  7.47786873e-03  7.31329699e-03 -3.47817952e-03 -1.50748885e-03
  9.50703930e-03  8.61328387e-03 -1.00114339e-03  3.51014716e-03
 -1.03399127e-03  9.98225295e-03  2.30831605e-03  7.18307919e-04
  1.65577736e-03  5.68365485e-03 -3.04041831e-03 -1.04632944e-03
  5.33528067e-03  3.96117417e-03 -2.31348965e-03 -2.20398387e-03
 -7.61619953e-03 -7.37630170e-03 -3.29368355e-03 -5.31257660e-03
 -2.48572505e-03 -1.21617883e-03  2.74717109e-01  1.25771438e-01
  1.41778971e-01  1.45135894e-01  1.27580437e-01  1.37864194e-01
  1.26110210e-01  3.27953578e-01  1.54074485e-01  1.73934988e-01
  1.78337870e-01  1.61043110e-01  1.57601684e-01  1.44778747e-01
  3.29444200e-01  1.62064888e-01  1.79293739e-01  1.80314367e-01
  1.50190717e-01  1.55564691e-01  1.57660340e-01  2.72902752e-01
  1.24207814e-01  1.43009368e-01  1.39295259e-01  1.34380943e-01
  1.29444177e-01  1.20328227e-01  2.81097445e-01  1.38391841e-01
  1.44189701e-01  1.47226147e-01  1.37094933e-01  1.38648678e-01
  1.24796753e-01]

Gradient approximate =
[ 5.64574387e-06  4.30722058e-05  5.20560928e-06  1.06259557e-05
  4.07219680e-05 -1.18767596e-05 -2.02212691e-06 -5.03712005e-05
  2.16215446e-05 -6.47747189e-06 -2.04146677e-05 -2.80694690e-05
 -2.97536662e-06 -3.57855434e-05  1.85883309e-05 -5.20983923e-06
 -3.56983554e-05  1.12840559e-05  8.16659851e-06  3.34066463e-05
  3.03947356e-05 -1.32608835e-05 -1.55112323e-05 -2.69809575e-05
  9.87689708e-06  2.00974337e-04  1.36101432e-04  1.18417962e-04
  9.96251748e-05  8.82924711e-05  8.71228689e-05  8.68658478e-05
  2.13220113e-04  1.42185350e-04  1.30806093e-04  8.50032333e-05
  1.08678231e-04  1.06767359e-04  8.26078361e-05  1.84790185e-04
  8.37426550e-05  1.19250290e-04  2.80026010e-01  1.33216424e-01
  1.47353874e-01  1.42481725e-01  1.43743505e-01  1.50535437e-01
  1.40967712e-01  3.37219200e-01  1.60568772e-01  1.77282370e-01
  1.71606733e-01  1.73090529e-01  1.81049118e-01  1.69777018e-01
  3.13801632e-01  1.49405896e-01  1.65149496e-01  1.59678638e-01
  1.61086608e-01  1.68567009e-01  1.57982136e-01  3.20697003e-01
  1.52608769e-01  1.68758575e-01  1.63140774e-01  1.64740052e-01
  1.72275507e-01  1.61500266e-01  3.40300181e-01  1.61925935e-01
  1.79090559e-01  1.73015373e-01  1.74777160e-01  1.82955502e-01
  1.71311917e-01  7.02522116e-04  3.33039609e-04  3.27347300e-04
  4.06615359e-04  3.39826323e-04  3.33774801e-04  3.76054261e-04
  0.00000000e+00  0.00000000e+00  0.00000000e+00  0.00000000e+00
  0.00000000e+00  0.00000000e+00  0.00000000e+00  0.00000000e+00
  0.00000000e+00  0.00000000e+00  0.00000000e+00  0.00000000e+00
  0.00000000e+00  0.00000000e+00  0.00000000e+00  0.00000000e+00
  0.00000000e+00  0.00000000e+00  0.00000000e+00  0.00000000e+00
  0.00000000e+00  0.00000000e+00  0.00000000e+00  0.00000000e+00
  0.00000000e+00  0.00000000e+00  0.00000000e+00  0.00000000e+00
  0.00000000e+00  0.00000000e+00  0.00000000e+00  0.00000000e+00
  0.00000000e+00  0.00000000e+00  0.00000000e+00  0.00000000e+00
  0.00000000e+00  0.00000000e+00  0.00000000e+00  0.00000000e+00
  0.00000000e+00  0.00000000e+00  0.00000000e+00  0.00000000e+00
  0.00000000e+00  0.00000000e+00  0.00000000e+00  0.00000000e+00
  0.00000000e+00  0.00000000e+00  0.00000000e+00  0.00000000e+00
  0.00000000e+00]

Diff = 
[8.88788963e-06 3.74476746e-03 2.59381748e-04 7.31095303e-06
 9.84215860e-04 3.00718750e-03 1.51145456e-06 6.40050307e-03
 3.92154623e-03 2.69779643e-06 1.40525066e-03 4.39128647e-03
 3.11262343e-07 3.21738751e-03 3.24088961e-03 3.19269184e-06
 3.39705182e-03 1.32596372e-03 2.12215761e-05 4.14803967e-03
 5.00739839e-03 1.67703974e-03 3.49825822e-03 4.80755814e-03
 1.75268091e-03 1.22696301e-04 4.83052141e-03 3.77870062e-03
 3.56150939e-03 2.82864090e-03 6.14830494e-04 1.15570740e-03
 2.89272759e-04 5.44243177e-03 4.54132133e-03 1.04218390e-03
 3.16957728e-04 1.21186885e-03 3.62231966e-03 9.52318097e-06
 2.69509731e-03 5.50758625e-03 2.85646066e-01 1.37880021e-01
 1.50190721e-01 1.43011499e-01 1.43827418e-01 1.45190148e-01
 1.39990076e-01 3.31520585e-01 1.62361957e-01 1.76112370e-01
 1.67295109e-01 1.73145315e-01 1.81621327e-01 1.74360984e-01
 3.12910467e-01 1.43903031e-01 1.59390097e-01 1.54166100e-01
 1.61706463e-01 1.73645143e-01 1.61202116e-01 3.21633794e-01
 1.54927837e-01 1.63680639e-01 1.62451313e-01 1.64027926e-01
 1.73657701e-01 1.59943252e-01 3.35584085e-01 1.55219919e-01
 1.79260383e-01 1.77188201e-01 1.71333283e-01 1.75646485e-01
 1.63834049e-01 6.61077488e-03 3.81121913e-03 1.83483615e-03
 9.10042394e-03 8.27345755e-03 1.33491819e-03 3.13409290e-03
 1.03399127e-03 9.98225295e-03 2.30831605e-03 7.18307919e-04
 1.65577736e-03 5.68365485e-03 3.04041831e-03 1.04632944e-03
 5.33528067e-03 3.96117417e-03 2.31348965e-03 2.20398387e-03
 7.61619953e-03 7.37630170e-03 3.29368355e-03 5.31257660e-03
 2.48572505e-03 1.21617883e-03 2.74717109e-01 1.25771438e-01
 1.41778971e-01 1.45135894e-01 1.27580437e-01 1.37864194e-01
 1.26110210e-01 3.27953578e-01 1.54074485e-01 1.73934988e-01
 1.78337870e-01 1.61043110e-01 1.57601684e-01 1.44778747e-01
 3.29444200e-01 1.62064888e-01 1.79293739e-01 1.80314367e-01
 1.50190717e-01 1.55564691e-01 1.57660340e-01 2.72902752e-01
 1.24207814e-01 1.43009368e-01 1.39295259e-01 1.34380943e-01
 1.29444177e-01 1.20328227e-01 2.81097445e-01 1.38391841e-01
 1.44189701e-01 1.47226147e-01 1.37094933e-01 1.38648678e-01
 1.24796753e-01]

 Iteration 300:
############################
Gradient = 
[-3.42176686e-06  3.51069664e-03  2.45686215e-04  2.48264493e-06
 -8.78612706e-04 -2.79881911e-03 -3.27512216e-06 -5.97680582e-03
  3.65513867e-03 -3.17935561e-06  1.28715262e-03 -4.09504321e-03
 -2.90532744e-06 -3.01165415e-03  3.02211549e-03 -1.63013113e-06
 -3.18081277e-03  1.23883514e-03 -1.70798363e-05  3.87249642e-03
  4.66793626e-03 -1.56697806e-03 -3.25867138e-03 -4.48212741e-03
  1.63255529e-03  5.80216475e-05  4.59281947e-03  3.60262938e-03
  3.38574750e-03 -2.55008201e-03 -4.97793653e-04 -9.99654760e-04
 -8.66618902e-05  5.17181023e-03  4.32467910e-03 -8.92478172e-04
 -1.98609254e-04  1.21711452e-03 -3.28634329e-03  1.67388633e-04
 -2.42524259e-03  5.21208940e-03 -5.21089788e-03 -4.32624642e-03
 -2.63231710e-03 -4.93896560e-04 -7.97106967e-05  4.95699715e-03
  9.08001777e-04  5.28232195e-03 -1.65958160e-03  1.08566621e-03
  3.99755212e-03 -5.37312434e-05 -5.29539870e-04 -4.24827821e-03
  8.26002310e-04  5.10085109e-03  5.33836357e-03  5.10952721e-03
 -9.82154119e-04 -4.92280731e-03 -3.18991454e-03 -1.08301542e-03
 -2.49510706e-03  4.49928265e-03  4.21859321e-04  4.90304347e-05
 -1.59373879e-03  1.14503262e-03  4.05807251e-03  6.37691280e-03
 -4.71724772e-04 -4.19645402e-03  2.93788090e-03  6.64451187e-03
  6.80472405e-03  6.64615943e-03 -3.66798939e-03 -1.39511958e-03
  9.47251715e-03  8.37842008e-03 -9.41497185e-04  3.02318380e-03
 -1.20506934e-03  9.84500951e-03  2.28564427e-03  4.77612046e-04
  1.38279438e-03  5.04550378e-03 -3.15163501e-03 -8.71025644e-04
  4.95761144e-03  3.28781980e-03 -3.00484585e-03 -2.20290754e-03
 -7.34332034e-03 -7.26330907e-03 -4.01130779e-03 -5.95877188e-03
 -2.40742358e-03 -1.46044550e-03  2.76230380e-01  1.27253596e-01
  1.42474311e-01  1.45657767e-01  1.28284130e-01  1.37210467e-01
  1.25718280e-01  3.26693804e-01  1.54104657e-01  1.72821198e-01
  1.76976535e-01  1.60433597e-01  1.55862423e-01  1.43346267e-01
  3.28158990e-01  1.61551153e-01  1.77829614e-01  1.78850298e-01
  1.49625994e-01  1.54145858e-01  1.56118959e-01  2.72790271e-01
  1.24753745e-01  1.42281330e-01  1.38877863e-01  1.34283057e-01
  1.28523070e-01  1.19177608e-01  2.77854201e-01  1.36776656e-01
  1.42196682e-01  1.45502717e-01  1.35306632e-01  1.35557023e-01
  1.21762067e-01]

Gradient approximate =
[ 4.44599690e-06  3.71277897e-05  4.59769556e-06  8.67230954e-06
  3.28029115e-05 -1.14088028e-05 -1.75352843e-06 -4.56701010e-05
  2.01248507e-05 -5.33433520e-06 -1.60490998e-05 -2.58075694e-05
 -2.39354758e-06 -3.13194959e-05  1.71987646e-05 -4.14163814e-06
 -3.10652548e-05  9.91330795e-06  3.03254311e-06  2.81014012e-05
  2.62152855e-05 -1.35355083e-05 -1.67173542e-05 -2.68061817e-05
  7.38382466e-06  1.75416397e-04  1.19515737e-04  1.04794828e-04
  8.92490593e-05  7.59969732e-05  7.64546337e-05  7.61423524e-05
  1.84445426e-04  1.24540462e-04  1.14894594e-04  7.40521133e-05
  9.37186284e-05  9.33107058e-05  7.06854708e-05  1.73101342e-04
  7.76353071e-05  1.11817853e-04  2.81497258e-01  1.34338944e-01
  1.47813616e-01  1.43040700e-01  1.44169753e-01  1.50771094e-01
  1.41594785e-01  3.35243569e-01  1.60100744e-01  1.75895483e-01
  1.70371523e-01  1.71707697e-01  1.79353209e-01  1.68631715e-01
  3.12826279e-01  1.49389995e-01  1.64298919e-01  1.58970696e-01
  1.60220273e-01  1.67437748e-01  1.57349390e-01  3.19249919e-01
  1.52392183e-01  1.67640381e-01  1.62191136e-01  1.63614859e-01
  1.70876777e-01  1.60637632e-01  3.38129528e-01  1.61391679e-01
  1.77580621e-01  1.71691548e-01  1.73257603e-01  1.81124083e-01
  1.70072246e-01  6.42769289e-04  3.02435177e-04  2.99424450e-04
  3.76582461e-04  3.11105932e-04  3.02582657e-04  3.40735813e-04
  0.00000000e+00  0.00000000e+00  0.00000000e+00  0.00000000e+00
  0.00000000e+00  0.00000000e+00  0.00000000e+00  0.00000000e+00
  0.00000000e+00  0.00000000e+00  0.00000000e+00  0.00000000e+00
  0.00000000e+00  0.00000000e+00  0.00000000e+00  0.00000000e+00
  0.00000000e+00  0.00000000e+00  0.00000000e+00  0.00000000e+00
  0.00000000e+00  0.00000000e+00  0.00000000e+00  0.00000000e+00
  0.00000000e+00  0.00000000e+00  0.00000000e+00  0.00000000e+00
  0.00000000e+00  0.00000000e+00  0.00000000e+00  0.00000000e+00
  0.00000000e+00  0.00000000e+00  0.00000000e+00  0.00000000e+00
  0.00000000e+00  0.00000000e+00  0.00000000e+00  0.00000000e+00
  0.00000000e+00  0.00000000e+00  0.00000000e+00  0.00000000e+00
  0.00000000e+00  0.00000000e+00  0.00000000e+00  0.00000000e+00
  0.00000000e+00  0.00000000e+00  0.00000000e+00  0.00000000e+00
  0.00000000e+00]

Diff = 
[7.86776377e-06 3.47356885e-03 2.41088519e-04 6.18966461e-06
 9.11415618e-04 2.78741031e-03 1.52159373e-06 5.93113572e-03
 3.63501382e-03 2.15497959e-06 1.30320172e-03 4.06923564e-03
 5.11779860e-07 2.98033466e-03 3.00491672e-03 2.51150701e-06
 3.14974752e-03 1.22892184e-03 2.01123794e-05 3.84439502e-03
 4.64172097e-03 1.55344255e-03 3.24195403e-03 4.45532123e-03
 1.62517146e-03 1.17394749e-04 4.47330373e-03 3.49783455e-03
 3.29649844e-03 2.62607898e-03 5.74248287e-04 1.07579711e-03
 2.71107316e-04 5.04726977e-03 4.20978451e-03 9.66530285e-04
 2.92327882e-04 1.12380381e-03 3.35702876e-03 5.71270939e-06
 2.50287789e-03 5.10027154e-03 2.86708156e-01 1.38665191e-01
 1.50445933e-01 1.43534596e-01 1.44249464e-01 1.45814097e-01
 1.40686783e-01 3.29961247e-01 1.61760325e-01 1.74809816e-01
 1.66373971e-01 1.71761428e-01 1.79882749e-01 1.72879993e-01
 3.12000277e-01 1.44289144e-01 1.58960555e-01 1.53861169e-01
 1.61202427e-01 1.72360555e-01 1.60539305e-01 3.20332934e-01
 1.54887290e-01 1.63141099e-01 1.61769277e-01 1.63565828e-01
 1.72470516e-01 1.59492599e-01 3.34071456e-01 1.55014767e-01
 1.78052346e-01 1.75888002e-01 1.70319722e-01 1.74479571e-01
 1.63267521e-01 6.00339014e-03 3.97042457e-03 1.69454403e-03
 9.09593468e-03 8.06731415e-03 1.24407984e-03 2.68244799e-03
 1.20506934e-03 9.84500951e-03 2.28564427e-03 4.77612046e-04
 1.38279438e-03 5.04550378e-03 3.15163501e-03 8.71025644e-04
 4.95761144e-03 3.28781980e-03 3.00484585e-03 2.20290754e-03
 7.34332034e-03 7.26330907e-03 4.01130779e-03 5.95877188e-03
 2.40742358e-03 1.46044550e-03 2.76230380e-01 1.27253596e-01
 1.42474311e-01 1.45657767e-01 1.28284130e-01 1.37210467e-01
 1.25718280e-01 3.26693804e-01 1.54104657e-01 1.72821198e-01
 1.76976535e-01 1.60433597e-01 1.55862423e-01 1.43346267e-01
 3.28158990e-01 1.61551153e-01 1.77829614e-01 1.78850298e-01
 1.49625994e-01 1.54145858e-01 1.56118959e-01 2.72790271e-01
 1.24753745e-01 1.42281330e-01 1.38877863e-01 1.34283057e-01
 1.28523070e-01 1.19177608e-01 2.77854201e-01 1.36776656e-01
 1.42196682e-01 1.45502717e-01 1.35306632e-01 1.35557023e-01
 1.21762067e-01]

 Iteration 400:
############################
Gradient = 
[-3.53352105e-06  3.25402391e-03  2.28144775e-04  1.88553988e-06
 -8.17476346e-04 -2.59450377e-03 -3.07990030e-06 -5.53780879e-03
  3.38810120e-03 -2.74785145e-06  1.19582110e-03 -3.79466856e-03
 -2.61405687e-06 -2.78844238e-03  2.80196787e-03 -1.35204475e-06
 -2.94751674e-03  1.14777883e-03 -2.18592477e-05  3.58600489e-03
  4.32467329e-03 -1.45328824e-03 -3.02259837e-03 -4.15597135e-03
  1.51153038e-03  3.98207887e-05  4.24755190e-03  3.33059505e-03
  3.13107650e-03 -2.37266603e-03 -4.69287841e-04 -9.34729429e-04
 -9.54012493e-05  4.79004491e-03  4.00360154e-03 -8.31692524e-04
 -1.88664103e-04  1.12385855e-03 -3.05059908e-03  1.63889933e-04
 -2.25042438e-03  4.82961352e-03 -4.83000532e-03 -4.01148265e-03
 -2.44082058e-03 -4.58705166e-04 -7.51940090e-05  4.59716216e-03
  8.43594892e-04  4.89682831e-03 -1.53569509e-03  1.00777558e-03
  3.70671431e-03 -5.46790855e-05 -4.90976672e-04 -3.93810950e-03
  7.64798907e-04  4.72722771e-03  4.94724698e-03  4.73507072e-03
 -1.29338226e-03 -4.76594769e-03 -3.14923416e-03 -1.20533396e-03
 -2.64658046e-03  3.97667239e-03  1.87959249e-04 -5.28825687e-04
 -1.77078919e-03  7.82194201e-04  3.46803129e-03  6.08939610e-03
 -7.30645297e-04 -4.19694236e-03  2.49934208e-03  6.04454457e-03
  6.19662902e-03  6.04435924e-03 -3.79954455e-03 -1.25787658e-03
  9.47322906e-03  8.26168727e-03 -8.08100021e-04  2.63702060e-03
 -1.29516688e-03  9.81332250e-03  2.34024319e-03  3.31248105e-04
  1.17840054e-03  4.46635026e-03 -3.20732495e-03 -6.58856988e-04
  4.64969688e-03  2.69882136e-03 -3.60986786e-03 -2.15769061e-03
 -7.03555763e-03 -7.13833130e-03 -4.70515036e-03 -6.56927318e-03
 -2.31396956e-03 -1.64800629e-03  2.77646100e-01  1.28638731e-01
  1.43122583e-01  1.46174195e-01  1.29025891e-01  1.36656911e-01
  1.25341800e-01  3.25528890e-01  1.54131377e-01  1.71792300e-01
  1.75752266e-01  1.59968148e-01  1.54325498e-01  1.42017343e-01
  3.27043852e-01  1.61108991e-01  1.76514606e-01  1.77569840e-01
  1.49266820e-01  1.52957221e-01  1.54737197e-01  2.72976872e-01
  1.25425070e-01  1.41774286e-01  1.38689085e-01  1.34456480e-01
  1.27886408e-01  1.18255270e-01  2.75064074e-01  1.35362083e-01
  1.40491797e-01  1.44078512e-01  1.33852041e-01  1.32879806e-01
  1.19067249e-01]

Gradient approximate =
[ 3.49796414e-06  3.21950555e-05  4.07937017e-06  7.08110237e-06
  2.63879807e-05 -1.09115916e-05 -1.51228141e-06 -4.14444146e-05
  1.87362614e-05 -4.39360104e-06 -1.25185085e-05 -2.37399767e-05
 -1.91948679e-06 -2.75059953e-05  1.59262892e-05 -3.29354100e-06
 -2.71805489e-05  8.76066331e-06 -1.41528123e-06  2.34636333e-05
  2.24392416e-05 -1.38105860e-05 -1.76693549e-05 -2.65706768e-05
  5.12963227e-06  1.53303668e-04  1.05184135e-04  9.28637367e-05
  7.99726663e-05  6.54663901e-05  6.71344580e-05  6.67733557e-05
  1.59752507e-04  1.09329044e-04  1.01094595e-04  6.45288489e-05
  8.09347855e-05  8.16406076e-05  6.04727934e-05  1.61784472e-04
  7.18654003e-05  1.04622910e-04  2.82871810e-01  1.35389396e-01
  1.48242116e-01  1.43563799e-01  1.44566450e-01  1.50990874e-01
  1.42235631e-01  3.33416461e-01  1.59666846e-01  1.74615187e-01
  1.69232732e-01  1.70427839e-01  1.77790513e-01  1.67638730e-01
  3.11914864e-01  1.49371020e-01  1.63507829e-01  1.58313116e-01
  1.59413765e-01  1.66391714e-01  1.56821504e-01  3.17916326e-01
  1.52192713e-01  1.66610472e-01  1.61318216e-01  1.62578223e-01
  1.69590289e-01  1.59904836e-01  3.36123151e-01  1.60895231e-01
  1.76187868e-01  1.70471379e-01  1.71855242e-01  1.79438416e-01
  1.68993670e-01  5.89191103e-04  2.75192544e-04  2.74635061e-04
  3.49862470e-04  2.85352511e-04  2.74946361e-04  3.09204105e-04
  0.00000000e+00  0.00000000e+00  0.00000000e+00  0.00000000e+00
  0.00000000e+00  0.00000000e+00  0.00000000e+00  0.00000000e+00
  0.00000000e+00  0.00000000e+00  0.00000000e+00  0.00000000e+00
  0.00000000e+00  0.00000000e+00  0.00000000e+00  0.00000000e+00
  0.00000000e+00  0.00000000e+00  0.00000000e+00  0.00000000e+00
  0.00000000e+00  0.00000000e+00  0.00000000e+00  0.00000000e+00
  0.00000000e+00  0.00000000e+00  0.00000000e+00  0.00000000e+00
  0.00000000e+00  0.00000000e+00  0.00000000e+00  0.00000000e+00
  0.00000000e+00  0.00000000e+00  0.00000000e+00  0.00000000e+00
  0.00000000e+00  0.00000000e+00  0.00000000e+00  0.00000000e+00
  0.00000000e+00  0.00000000e+00  0.00000000e+00  0.00000000e+00
  0.00000000e+00  0.00000000e+00  0.00000000e+00  0.00000000e+00
  0.00000000e+00  0.00000000e+00  0.00000000e+00  0.00000000e+00
  0.00000000e+00]

Diff = 
[7.03148519e-06 3.22182886e-03 2.24065405e-04 5.19556249e-06
 8.43864327e-04 2.58359218e-03 1.56761889e-06 5.49636438e-03
 3.36936494e-03 1.64574959e-06 1.20833960e-03 3.77092859e-03
 6.94570079e-07 2.76093638e-03 2.78604158e-03 1.94149625e-06
 2.92033619e-03 1.13901817e-03 2.04439665e-05 3.56254126e-03
 4.30223405e-03 1.43947765e-03 3.00492901e-03 4.12940067e-03
 1.50640075e-03 1.13482879e-04 4.14236777e-03 3.23773131e-03
 3.05110384e-03 2.43813242e-03 5.36422299e-04 1.00150278e-03
 2.55153756e-04 4.68071586e-03 3.90250695e-03 8.96221372e-04
 2.69598888e-04 1.04221794e-03 3.11107187e-03 2.10546058e-06
 2.32228978e-03 4.72499061e-03 2.87701815e-01 1.39400879e-01
 1.50682936e-01 1.44022505e-01 1.44641644e-01 1.46393712e-01
 1.41392036e-01 3.28519633e-01 1.61202541e-01 1.73607412e-01
 1.65526017e-01 1.70482518e-01 1.78281490e-01 1.71576840e-01
 3.11150065e-01 1.44643792e-01 1.58560582e-01 1.53578046e-01
 1.60707147e-01 1.71157662e-01 1.59970738e-01 3.19121660e-01
 1.54839293e-01 1.62633800e-01 1.61130257e-01 1.63107049e-01
 1.71361078e-01 1.59122642e-01 3.32655120e-01 1.54805834e-01
 1.76918513e-01 1.74668321e-01 1.69355900e-01 1.73393872e-01
 1.62797041e-01 5.45516813e-03 4.07473710e-03 1.53251164e-03
 9.12336659e-03 7.97633476e-03 1.08304638e-03 2.32781650e-03
 1.29516688e-03 9.81332250e-03 2.34024319e-03 3.31248105e-04
 1.17840054e-03 4.46635026e-03 3.20732495e-03 6.58856988e-04
 4.64969688e-03 2.69882136e-03 3.60986786e-03 2.15769061e-03
 7.03555763e-03 7.13833130e-03 4.70515036e-03 6.56927318e-03
 2.31396956e-03 1.64800629e-03 2.77646100e-01 1.28638731e-01
 1.43122583e-01 1.46174195e-01 1.29025891e-01 1.36656911e-01
 1.25341800e-01 3.25528890e-01 1.54131377e-01 1.71792300e-01
 1.75752266e-01 1.59968148e-01 1.54325498e-01 1.42017343e-01
 3.27043852e-01 1.61108991e-01 1.76514606e-01 1.77569840e-01
 1.49266820e-01 1.52957221e-01 1.54737197e-01 2.72976872e-01
 1.25425070e-01 1.41774286e-01 1.38689085e-01 1.34456480e-01
 1.27886408e-01 1.18255270e-01 2.75064074e-01 1.35362083e-01
 1.40491797e-01 1.44078512e-01 1.33852041e-01 1.32879806e-01
 1.19067249e-01]

 Iteration 500:
############################
Gradient = 
[-3.59865728e-06  3.01624910e-03  2.11850261e-04  1.45635657e-06
 -7.60077137e-04 -2.40501355e-03 -2.93092953e-06 -5.13123327e-03
  3.14053779e-03 -2.43934007e-06  1.11056747e-03 -3.51642978e-03
 -2.39489647e-06 -2.58208499e-03  2.59779426e-03 -1.15438844e-06
 -2.73143638e-03  1.06350649e-03 -2.70981574e-05  3.32043880e-03
  4.00621409e-03 -1.34835942e-03 -2.80401420e-03 -3.85399579e-03
  1.39899232e-03  2.30915565e-05  3.92840468e-03  3.07911421e-03
  2.89542159e-03 -2.20745525e-03 -4.42321064e-04 -8.73991926e-04
 -1.02962927e-04  4.43670834e-03  3.70663688e-03 -7.74815888e-04
 -1.78812583e-04  1.03795770e-03 -2.83150960e-03  1.63736693e-04
 -2.08663823e-03  4.47660232e-03 -4.47568428e-03 -3.71814447e-03
 -2.26185193e-03 -4.24595388e-04 -7.05589800e-05  4.26361775e-03
  7.83950350e-04  4.53976695e-03 -1.42088798e-03  9.35745149e-04
  3.43730337e-03 -5.75070116e-05 -4.56151272e-04 -3.65152803e-03
  7.07292195e-04  4.37999508e-03  4.58389994e-03  4.38712608e-03
 -1.56142807e-03 -4.60996807e-03 -3.10102992e-03 -1.30788098e-03
 -2.77723656e-03  3.50359112e-03 -1.71749323e-05 -1.03180991e-03
 -1.91807027e-03  4.62609023e-04  2.93860619e-03  5.83876672e-03
 -9.52201673e-04 -4.17847691e-03  2.12122612e-03  5.50333015e-03
  5.64766136e-03  5.50190252e-03 -3.87965703e-03 -1.09987711e-03
  9.50432523e-03  8.24630325e-03 -6.11434413e-04  2.33905178e-03
 -1.31567094e-03  9.87305181e-03  2.46040318e-03  2.66189829e-04
  1.03312126e-03  3.93826296e-03 -3.21540895e-03 -4.16528493e-04
  4.40216056e-03  2.18423444e-03 -4.13866473e-03 -2.07643111e-03
 -6.70126375e-03 -7.00715483e-03 -5.38193917e-03 -7.15636752e-03
 -2.21490368e-03 -1.79053229e-03  2.78967798e-01  1.29931187e-01
  1.43725680e-01  1.46682808e-01  1.29797571e-01  1.36190643e-01
  1.24965899e-01  3.24452770e-01  1.54155342e-01  1.70842291e-01
  1.74653028e-01  1.59630229e-01  1.52967931e-01  1.40768348e-01
  3.26081963e-01  1.60731447e-01  1.75335139e-01  1.76454686e-01
  1.49087894e-01  1.51969656e-01  1.53483245e-01  2.73424091e-01
  1.26204653e-01  1.41461675e-01  1.38700233e-01  1.34866556e-01
  1.27495960e-01  1.17519946e-01  2.72670804e-01  1.34122747e-01
  1.39038983e-01  1.42914181e-01  1.32686739e-01  1.30562549e-01
  1.16658288e-01]

Gradient approximate =
[ 2.74908096e-06  2.80808643e-05  3.63350239e-06  5.78340931e-06
  2.11877671e-05 -1.03993925e-05 -1.29736666e-06 -3.76443254e-05
  1.74455050e-05 -3.61868535e-06 -9.66599467e-06 -2.18477236e-05
 -1.53359103e-06 -2.42392151e-05  1.47579948e-05 -2.62036171e-06
 -2.39064435e-05  7.78532794e-06 -5.26647170e-06  1.94013494e-05
  1.90289806e-05 -1.40742462e-05 -1.84062898e-05 -2.62835642e-05
  3.09621218e-06  1.34154281e-04  9.27745680e-05  8.24050006e-05
  7.16870141e-05  5.64425862e-05  5.89926463e-05  5.85901105e-05
  1.38543781e-04  9.61891256e-05  8.91106589e-05  5.62517299e-05
  6.99992642e-05  7.15151072e-05  5.17284549e-05  1.50870503e-04
  6.64168875e-05  9.76876069e-05  2.84154333e-01  1.36371016e-01
  1.48640882e-01  1.44052475e-01  1.44934859e-01  1.51195534e-01
  1.42885954e-01  3.31727085e-01  1.59264575e-01  1.73433343e-01
  1.68182704e-01  1.69243271e-01  1.76350656e-01  1.66782636e-01
  3.11063979e-01  1.49349584e-01  1.62772456e-01  1.57702505e-01
  1.58663115e-01  1.65423191e-01  1.56387733e-01  3.16686238e-01
  1.52008354e-01  1.65661198e-01  1.60515011e-01  1.61622235e-01
  1.68406382e-01  1.59287449e-01  3.34268630e-01  1.60433869e-01
  1.74903030e-01  1.69346458e-01  1.70560582e-01  1.77886659e-01
  1.68059523e-01  5.41011862e-04  2.50884247e-04  2.52564161e-04
  3.26021230e-04  2.62202633e-04  2.50399190e-04  2.80977708e-04
  0.00000000e+00  0.00000000e+00  0.00000000e+00  0.00000000e+00
  0.00000000e+00  0.00000000e+00  0.00000000e+00  0.00000000e+00
  0.00000000e+00  0.00000000e+00  0.00000000e+00  0.00000000e+00
  0.00000000e+00  0.00000000e+00  0.00000000e+00  0.00000000e+00
  0.00000000e+00  0.00000000e+00  0.00000000e+00  0.00000000e+00
  0.00000000e+00  0.00000000e+00  0.00000000e+00  0.00000000e+00
  0.00000000e+00  0.00000000e+00  0.00000000e+00  0.00000000e+00
  0.00000000e+00  0.00000000e+00  0.00000000e+00  0.00000000e+00
  0.00000000e+00  0.00000000e+00  0.00000000e+00  0.00000000e+00
  0.00000000e+00  0.00000000e+00  0.00000000e+00  0.00000000e+00
  0.00000000e+00  0.00000000e+00  0.00000000e+00  0.00000000e+00
  0.00000000e+00  0.00000000e+00  0.00000000e+00  0.00000000e+00
  0.00000000e+00  0.00000000e+00  0.00000000e+00  0.00000000e+00
  0.00000000e+00]

Diff = 
[6.34773825e-06 2.98816823e-03 2.08216758e-04 4.32705274e-06
 7.81264904e-04 2.39461416e-03 1.63356287e-06 5.09358895e-03
 3.12309228e-03 1.17934528e-06 1.12023346e-03 3.49458206e-03
 8.61305439e-07 2.55784577e-03 2.58303626e-03 1.46597327e-06
 2.70752994e-03 1.05572116e-03 2.18316857e-05 3.30103745e-03
 3.98718511e-03 1.33428518e-03 2.78560791e-03 3.82771222e-03
 1.39589611e-03 1.11062724e-04 3.83563012e-03 2.99670921e-03
 2.82373458e-03 2.26389784e-03 5.01313710e-04 9.32582037e-04
 2.41506708e-04 4.34051922e-03 3.61752622e-03 8.31067618e-04
 2.48811847e-04 9.66442597e-04 2.88323806e-03 1.28661906e-05
 2.15305512e-03 4.37891471e-03 2.88630018e-01 1.40089160e-01
 1.50902734e-01 1.44477071e-01 1.45005418e-01 1.46931916e-01
 1.42102004e-01 3.27187318e-01 1.60685463e-01 1.72497598e-01
 1.64745401e-01 1.69300778e-01 1.76806808e-01 1.70434164e-01
 3.10356686e-01 1.44969589e-01 1.58188556e-01 1.53315379e-01
 1.60224543e-01 1.70033159e-01 1.59488763e-01 3.17994119e-01
 1.54785591e-01 1.62157607e-01 1.60532186e-01 1.62654045e-01
 1.70324452e-01 1.58824840e-01 3.31330024e-01 1.54595103e-01
 1.75855232e-01 1.73524935e-01 1.68439356e-01 1.72383329e-01
 1.62411861e-01 4.96089066e-03 4.13054127e-03 1.35244127e-03
 9.17830400e-03 7.98410062e-03 8.61833603e-04 2.05807407e-03
 1.31567094e-03 9.87305181e-03 2.46040318e-03 2.66189829e-04
 1.03312126e-03 3.93826296e-03 3.21540895e-03 4.16528493e-04
 4.40216056e-03 2.18423444e-03 4.13866473e-03 2.07643111e-03
 6.70126375e-03 7.00715483e-03 5.38193917e-03 7.15636752e-03
 2.21490368e-03 1.79053229e-03 2.78967798e-01 1.29931187e-01
 1.43725680e-01 1.46682808e-01 1.29797571e-01 1.36190643e-01
 1.24965899e-01 3.24452770e-01 1.54155342e-01 1.70842291e-01
 1.74653028e-01 1.59630229e-01 1.52967931e-01 1.40768348e-01
 3.26081963e-01 1.60731447e-01 1.75335139e-01 1.76454686e-01
 1.49087894e-01 1.51969656e-01 1.53483245e-01 2.73424091e-01
 1.26204653e-01 1.41461675e-01 1.38700233e-01 1.34866556e-01
 1.27495960e-01 1.17519946e-01 2.72670804e-01 1.34122747e-01
 1.39038983e-01 1.42914181e-01 1.32686739e-01 1.30562549e-01
 1.16658288e-01]

 Iteration 600:
############################
Gradient = 
[-3.63052907e-06  2.79594366e-03  1.96707123e-04  1.14799768e-06
 -7.06331703e-04 -2.22930391e-03 -2.81557259e-06 -4.75464184e-03
  2.91103770e-03 -2.22073278e-06  1.03108844e-03 -3.25867038e-03
 -2.23269132e-06 -2.39125330e-03  2.40844315e-03 -1.01444351e-06
 -2.53126263e-03  9.85495938e-04 -3.25341598e-05  3.07436498e-03
  3.71088195e-03 -1.25140071e-03 -2.60151179e-03 -3.57429398e-03
  1.29446821e-03  7.42186649e-06  3.63323523e-03  2.84649973e-03
  2.67726372e-03 -2.05376668e-03 -4.16944246e-04 -8.17303049e-04
 -1.09852544e-04  4.10947709e-03  3.43177715e-03 -7.21772376e-04
 -1.69303752e-04  9.58648107e-04 -2.62809424e-03  1.66206639e-04
 -1.93346997e-03  4.15058863e-03 -4.14625423e-03 -3.44500665e-03
 -2.09480851e-03 -3.91800403e-04 -6.58951837e-05  3.95440840e-03
  7.28683524e-04  4.20899136e-03 -1.31452273e-03  8.69085977e-04
  3.18769508e-03 -6.20130247e-05 -4.24684558e-04 -3.38670897e-03
  6.53277954e-04  4.05733327e-03  4.24637042e-03  4.06384001e-03
 -1.79285670e-03 -4.45668114e-03 -3.04773696e-03 -1.39404433e-03
 -2.89020179e-03  3.07445134e-03 -1.97663473e-04 -1.46866661e-03
 -2.03949593e-03  1.81300788e-04  2.46347650e-03  5.62105356e-03
 -1.14108244e-03 -4.14441623e-03  1.79743270e-03  5.01572775e-03
  5.15257109e-03  5.01348596e-03 -3.91417714e-03 -9.24507180e-04
  9.56173753e-03  8.31816784e-03 -3.60309502e-04  2.11854809e-03
 -1.27613843e-03  1.00120299e-02  2.63628712e-03  2.71394650e-04
  9.39017036e-04  3.45444959e-03 -3.18260441e-03 -1.49606388e-04
  4.20683526e-03  1.73541572e-03 -4.60002200e-03 -1.96565247e-03
 -6.34748951e-03 -6.87447246e-03 -6.04721894e-03 -7.73042430e-03
 -2.11815822e-03 -1.89790832e-03  2.80199452e-01  1.31135485e-01
  1.44285732e-01  1.47181967e-01  1.30592392e-01  1.35800255e-01
  1.24577778e-01  3.23459662e-01  1.54177159e-01  1.69965587e-01
  1.73668045e-01  1.59405479e-01  1.51769331e-01  1.39578797e-01
  3.25258507e-01  1.60412404e-01  1.74279143e-01  1.75488808e-01
  1.49067545e-01  1.51157915e-01  1.52329754e-01  2.74099100e-01
  1.27077906e-01  1.41320733e-01  1.38886976e-01  1.35483800e-01
  1.27319143e-01  1.16936262e-01  2.70625277e-01  1.33036372e-01
  1.37806883e-01  1.41975873e-01  1.31772599e-01  1.28558395e-01
  1.14488848e-01]

Gradient approximate =
[ 2.15786722e-06  2.46307086e-05  3.24700711e-06  4.72386352e-06
  1.69702385e-05 -9.88259474e-06 -1.10740528e-06 -3.42250273e-05
  1.62442193e-05 -2.97974090e-06 -7.36448236e-06 -2.01140238e-05
 -1.21964439e-06 -2.14312368e-05  1.36832368e-05 -2.08597584e-06
 -2.11319295e-05  6.95474567e-06 -8.59968763e-06  1.58359237e-05
  1.59492886e-05 -1.43187551e-05 -1.89622984e-05 -2.59535859e-05
  1.26526789e-06  1.17555685e-04  8.20072232e-05  7.32283301e-05
  6.42915898e-05  4.87060747e-05  5.18803400e-05  5.14440157e-05
  1.20311847e-04  8.48162562e-05  7.86902921e-05  4.90612195e-05
  6.06356121e-05  6.27254115e-05  4.42446146e-05  1.40382719e-04
  6.12756335e-05  9.10277431e-05  2.85349630e-01  1.37287161e-01
  1.49011528e-01  1.44508341e-01  1.45276378e-01  1.51385929e-01
  1.43542357e-01  3.30165465e-01  1.58891670e-01  1.72342506e-01
  1.67214494e-01  1.68146943e-01  1.75024137e-01  1.66049937e-01
  3.10270367e-01  1.49326279e-01  1.62089291e-01  1.57135753e-01
  1.57964658e-01  1.64526871e-01  1.56038728e-01  3.15550773e-01
  1.51837449e-01  1.64785743e-01  1.59775339e-01  1.60739869e-01
  1.67316397e-01  1.58773045e-01  3.32554679e-01  1.60005188e-01
  1.73717735e-01  1.68309237e-01  1.69365076e-01  1.76458106e-01
  1.67255347e-01  4.97596173e-04  2.29160406e-04  2.32873967e-04
  3.04704684e-04  2.41359330e-04  2.28559138e-04  2.55660904e-04
  0.00000000e+00  0.00000000e+00  0.00000000e+00  0.00000000e+00
  0.00000000e+00  0.00000000e+00  0.00000000e+00  0.00000000e+00
  0.00000000e+00  0.00000000e+00  0.00000000e+00  0.00000000e+00
  0.00000000e+00  0.00000000e+00  0.00000000e+00  0.00000000e+00
  0.00000000e+00  0.00000000e+00  0.00000000e+00  0.00000000e+00
  0.00000000e+00  0.00000000e+00  0.00000000e+00  0.00000000e+00
  0.00000000e+00  0.00000000e+00  0.00000000e+00  0.00000000e+00
  0.00000000e+00  0.00000000e+00  0.00000000e+00  0.00000000e+00
  0.00000000e+00  0.00000000e+00  0.00000000e+00  0.00000000e+00
  0.00000000e+00  0.00000000e+00  0.00000000e+00  0.00000000e+00
  0.00000000e+00  0.00000000e+00  0.00000000e+00  0.00000000e+00
  0.00000000e+00  0.00000000e+00  0.00000000e+00  0.00000000e+00
  0.00000000e+00  0.00000000e+00  0.00000000e+00  0.00000000e+00
  0.00000000e+00]

Diff = 
[5.78839629e-06 2.77131295e-03 1.93460116e-04 3.57586585e-06
 7.23301942e-04 2.21942131e-03 1.70816731e-06 4.72041682e-03
 2.89479348e-03 7.59008120e-07 1.03845292e-03 3.23855636e-03
 1.01304694e-06 2.36982207e-03 2.39475992e-03 1.07153233e-06
 2.51013070e-03 9.78541192e-04 2.39344722e-05 3.05852906e-03
 3.69493266e-03 1.23708196e-03 2.58254949e-03 3.54834039e-03
 1.29320294e-03 1.10133819e-04 3.55122801e-03 2.77327140e-03
 2.61297214e-03 2.10247276e-03 4.68824586e-04 8.68747065e-04
 2.30164391e-04 4.02466083e-03 3.35308686e-03 7.70833595e-04
 2.29939364e-04 8.95922695e-04 2.67233885e-03 2.58239201e-05
 1.99474560e-03 4.05956089e-03 2.89495884e-01 1.40732168e-01
 1.51106336e-01 1.44900141e-01 1.45342273e-01 1.47431521e-01
 1.42813673e-01 3.25956474e-01 1.60206193e-01 1.71473420e-01
 1.64026799e-01 1.68208956e-01 1.75448822e-01 1.69436646e-01
 3.09617089e-01 1.45268946e-01 1.57842920e-01 1.53071913e-01
 1.59757515e-01 1.68983552e-01 1.59086465e-01 3.16944817e-01
 1.54727651e-01 1.61711292e-01 1.59973003e-01 1.62208536e-01
 1.69355893e-01 1.58591745e-01 3.30091203e-01 1.54384135e-01
 1.74858818e-01 1.72453653e-01 1.67567643e-01 1.71442378e-01
 1.62102776e-01 4.51588979e-03 4.14333755e-03 1.15738115e-03
 9.25703285e-03 8.07680851e-03 5.88868641e-04 1.86288718e-03
 1.27613843e-03 1.00120299e-02 2.63628712e-03 2.71394650e-04
 9.39017036e-04 3.45444959e-03 3.18260441e-03 1.49606388e-04
 4.20683526e-03 1.73541572e-03 4.60002200e-03 1.96565247e-03
 6.34748951e-03 6.87447246e-03 6.04721894e-03 7.73042430e-03
 2.11815822e-03 1.89790832e-03 2.80199452e-01 1.31135485e-01
 1.44285732e-01 1.47181967e-01 1.30592392e-01 1.35800255e-01
 1.24577778e-01 3.23459662e-01 1.54177159e-01 1.69965587e-01
 1.73668045e-01 1.59405479e-01 1.51769331e-01 1.39578797e-01
 3.25258507e-01 1.60412404e-01 1.74279143e-01 1.75488808e-01
 1.49067545e-01 1.51157915e-01 1.52329754e-01 2.74099100e-01
 1.27077906e-01 1.41320733e-01 1.38886976e-01 1.35483800e-01
 1.27319143e-01 1.16936262e-01 2.70625277e-01 1.33036372e-01
 1.37806883e-01 1.41975873e-01 1.31772599e-01 1.28558395e-01
 1.14488848e-01]

 Iteration 700:
############################
Gradient = 
[-3.63762255e-06  2.59180141e-03  1.82631852e-04  9.27126697e-07
 -6.56110143e-04 -2.06639321e-03 -2.72439378e-06 -4.40578966e-03
  2.69829030e-03 -2.06789241e-06  9.57067575e-04 -3.01986473e-03
 -2.11482962e-06 -2.21473156e-03  2.23284565e-03 -9.14642099e-07
 -2.34579391e-03  9.13269058e-04 -3.79390041e-05  2.84644173e-03
  3.43710490e-03 -1.16169686e-03 -2.41380413e-03 -3.31511591e-03
  1.19750110e-03 -7.47564782e-06  3.36012686e-03  2.63124298e-03
  2.47523659e-03 -1.91090535e-03 -3.93153331e-04 -7.64481854e-04
 -1.16439080e-04  3.80626814e-03  3.17722425e-03 -6.72439769e-04
 -1.60300415e-04  8.85281047e-04 -2.43938301e-03  1.70791220e-04
 -1.79041887e-03  3.84937788e-03 -3.84008072e-03 -3.19083222e-03
 -1.93903942e-03 -3.60444488e-04 -6.12282930e-05  3.66775204e-03
  6.77465635e-04  3.90254308e-03 -1.21598117e-03  8.07377427e-04
  2.95641608e-03 -6.79567359e-05 -3.96208102e-04 -3.14194475e-03
  6.02588622e-04  3.75757042e-03  3.93287050e-03  3.76351542e-03
 -1.99316772e-03 -4.30743839e-03 -2.99127845e-03 -1.46661979e-03
 -2.98810542e-03  2.68442389e-03 -3.56970503e-04 -1.84683657e-03
 -2.13833791e-03 -6.59741792e-05  2.03716996e-03  5.43286357e-03
 -1.30123767e-03 -4.09747519e-03  1.52261851e-03  4.57713340e-03
  4.70666819e-03  4.57437923e-03 -3.90816366e-03 -7.34569541e-04
  9.64202813e-03  8.46531552e-03 -6.21937228e-05  1.96629908e-03
 -1.18466111e-03  1.02196978e-02  2.85955482e-03  3.37417510e-04
  8.89376380e-04  3.00904425e-03 -3.11465364e-03  1.37252151e-04
  4.05655769e-03  1.34479796e-03 -5.00162994e-03 -1.83065602e-03
 -5.98023571e-03 -6.74411722e-03 -6.70559749e-03 -8.30024233e-03
 -2.03037165e-03 -1.97856607e-03  2.81345290e-01  1.32256198e-01
  1.44804981e-01  1.47670578e-01  1.31404673e-01  1.35475578e-01
  1.24166377e-01  3.22544051e-01  1.54197329e-01  1.69156975e-01
  1.72787611e-01  1.59281336e-01  1.50711534e-01  1.38430847e-01
  3.24560319e-01  1.60146416e-01  1.73335799e-01  1.74658064e-01
  1.49187079e-01  1.50499963e-01  1.51253065e-01  2.74973666e-01
  1.28032315e-01  1.41331798e-01  1.39228515e-01  1.36282918e-01
  1.27327954e-01  1.16473617e-01  2.68884358e-01  1.32083273e-01
  1.36768052e-01  1.41234258e-01  1.31076634e-01  1.26826758e-01
  1.12518876e-01]

Gradient approximate =
[ 1.69123160e-06  2.17210383e-05  2.90953261e-06  3.85769416e-06
  1.35482225e-05 -9.36900335e-06 -9.40436617e-07 -3.11458348e-05
  1.51251389e-05 -2.45247156e-06 -5.51082957e-06 -1.85241400e-05
 -9.64512914e-07 -1.90090677e-05  1.26926625e-05 -1.66175296e-06
 -1.87676430e-05  6.24270635e-06 -1.14839716e-05  1.26999722e-05
  1.31678823e-05 -1.45397605e-05 -1.93671967e-05 -2.55894417e-05
 -3.81092935e-07  1.03154150e-04  7.26456162e-05  6.51686349e-05
  5.76942849e-05  4.20698565e-05  4.56668503e-05  4.52043292e-05
  1.04625162e-04  7.49534568e-05  6.96174296e-05  4.28171787e-05
  5.26101185e-05  5.50911117e-05  3.78427023e-05  1.30336992e-04
  5.64282598e-05  8.46537485e-05  2.86462485e-01  1.38141213e-01
  1.49355690e-01  1.44933072e-01  1.45592447e-01  1.51562934e-01
  1.44202145e-01  3.28722341e-01  1.58546051e-01  1.71335823e-01
  1.66321751e-01  1.67132345e-01  1.73802219e-01  1.65428754e-01
  3.09530872e-01  1.49301627e-01  1.61455027e-01  1.56609961e-01
  1.57314960e-01  1.63697790e-01  1.55766290e-01  3.14501949e-01
  1.51678588e-01  1.63977974e-01  1.59093684e-01  1.59924828e-01
  1.66312514e-01  1.58350847e-01  3.30970960e-01  1.59607001e-01
  1.72624356e-01  1.67352871e-01  1.68260966e-01  1.75143015e-01
  1.66568516e-01  4.58409604e-04  2.09726245e-04  2.15281457e-04
  2.85616726e-04  2.22572043e-04  2.09105886e-04  2.32920354e-04
  0.00000000e+00  0.00000000e+00  0.00000000e+00  0.00000000e+00
  0.00000000e+00  0.00000000e+00  0.00000000e+00  0.00000000e+00
  0.00000000e+00  0.00000000e+00  0.00000000e+00  0.00000000e+00
  0.00000000e+00  0.00000000e+00  0.00000000e+00  0.00000000e+00
  0.00000000e+00  0.00000000e+00  0.00000000e+00  0.00000000e+00
  0.00000000e+00  0.00000000e+00  0.00000000e+00  0.00000000e+00
  0.00000000e+00  0.00000000e+00  0.00000000e+00  0.00000000e+00
  0.00000000e+00  0.00000000e+00  0.00000000e+00  0.00000000e+00
  0.00000000e+00  0.00000000e+00  0.00000000e+00  0.00000000e+00
  0.00000000e+00  0.00000000e+00  0.00000000e+00  0.00000000e+00
  0.00000000e+00  0.00000000e+00  0.00000000e+00  0.00000000e+00
  0.00000000e+00  0.00000000e+00  0.00000000e+00  0.00000000e+00
  0.00000000e+00  0.00000000e+00  0.00000000e+00  0.00000000e+00
  0.00000000e+00]

Diff = 
[5.32885415e-06 2.57008038e-03 1.79722319e-04 2.93056747e-06
 6.69658365e-04 2.05702421e-03 1.78395717e-06 4.37464383e-03
 2.68316516e-03 3.84579150e-07 9.62578405e-04 3.00134059e-03
 1.15031670e-06 2.19572249e-03 2.22015299e-03 7.47110858e-07
 2.32702627e-03 9.07026351e-04 2.64550325e-05 2.83374176e-03
 3.42393702e-03 1.14715710e-03 2.39443694e-03 3.28952647e-03
 1.19788220e-03 1.10629797e-04 3.28748125e-03 2.56607435e-03
 2.41754231e-03 1.95297521e-03 4.38820181e-04 8.09686184e-04
 2.21064241e-04 3.73131469e-03 3.10760682e-03 7.15256947e-04
 2.12910534e-04 8.30189935e-04 2.47722572e-03 4.04542277e-05
 1.84684713e-03 3.76472413e-03 2.90302566e-01 1.41332045e-01
 1.51294729e-01 1.45293517e-01 1.45653675e-01 1.47895182e-01
 1.43524679e-01 3.24819798e-01 1.59762032e-01 1.70528446e-01
 1.63365335e-01 1.67200302e-01 1.74198427e-01 1.68570699e-01
 3.08928283e-01 1.45544056e-01 1.57522156e-01 1.52846446e-01
 1.59308128e-01 1.68005228e-01 1.58757569e-01 3.15968569e-01
 1.54666693e-01 1.61293550e-01 1.59450654e-01 1.61771665e-01
 1.68450852e-01 1.58416821e-01 3.28933790e-01 1.54174138e-01
 1.73925594e-01 1.71450346e-01 1.66738348e-01 1.70565882e-01
 1.61861848e-01 4.11596963e-03 4.11788991e-03 9.49850998e-04
 9.35641140e-03 8.24274347e-03 2.71299609e-04 1.73337872e-03
 1.18466111e-03 1.02196978e-02 2.85955482e-03 3.37417510e-04
 8.89376380e-04 3.00904425e-03 3.11465364e-03 1.37252151e-04
 4.05655769e-03 1.34479796e-03 5.00162994e-03 1.83065602e-03
 5.98023571e-03 6.74411722e-03 6.70559749e-03 8.30024233e-03
 2.03037165e-03 1.97856607e-03 2.81345290e-01 1.32256198e-01
 1.44804981e-01 1.47670578e-01 1.31404673e-01 1.35475578e-01
 1.24166377e-01 3.22544051e-01 1.54197329e-01 1.69156975e-01
 1.72787611e-01 1.59281336e-01 1.50711534e-01 1.38430847e-01
 3.24560319e-01 1.60146416e-01 1.73335799e-01 1.74658064e-01
 1.49187079e-01 1.50499963e-01 1.51253065e-01 2.74973666e-01
 1.28032315e-01 1.41331798e-01 1.39228515e-01 1.36282918e-01
 1.27327954e-01 1.16473617e-01 2.68884358e-01 1.32083273e-01
 1.36768052e-01 1.41234258e-01 1.31076634e-01 1.26826758e-01
 1.12518876e-01]

 Iteration 800:
############################
Gradient = 
[-3.62545712e-06  2.40262265e-03  1.69549642e-04  7.69848485e-07
 -6.09255360e-04 -1.91536282e-03 -2.65033933e-06 -4.08260714e-03
  2.50107847e-03 -1.96304376e-06  8.88185987e-04 -2.79860560e-03
 -2.03095725e-06 -2.05140659e-03  2.07000935e-03 -8.41792027e-07
 -2.17392684e-03  8.46386952e-04 -4.31179098e-05  2.63541216e-03
  3.18340867e-03 -1.07860250e-03 -2.23971495e-03 -3.07485656e-03
  1.10764938e-03 -2.17975291e-05  3.10735304e-03  2.43198614e-03
  2.28810446e-03 -1.77818176e-03 -3.70907156e-04 -7.15322564e-04
 -1.22990722e-04  3.52520179e-03  2.94135866e-03 -6.26665315e-04
 -1.51903080e-04  8.17299479e-04 -2.26443109e-03  1.77126636e-04
 -1.65694196e-03  3.57099836e-03 -3.55559639e-03 -2.95440615e-03
 -1.79387865e-03 -3.30580401e-04 -5.65487112e-05  3.40201283e-03
  6.30007143e-04  3.61862595e-03 -1.12467614e-03  7.50248752e-04
  2.74211945e-03 -7.50861882e-05 -3.70376825e-04 -2.91564813e-03
  5.55078886e-04  3.47915985e-03  3.64175156e-03  3.48458729e-03
 -2.16699435e-03 -4.16323420e-03 -2.93317467e-03 -1.52792874e-03
 -3.07317410e-03  2.32930799e-03 -4.98026916e-04 -2.17270305e-03
 -2.21735471e-03 -2.82864955e-04  1.65491163e-03  5.27126768e-03
 -1.43602380e-03 -4.03986307e-03  1.29206311e-03  4.18339750e-03
  4.30573597e-03  4.18033459e-03 -3.86601683e-03 -5.32397167e-04
  9.74227276e-03  8.67749504e-03  2.76528406e-04  1.87433551e-03
 -1.04814696e-03  1.04868216e-02  3.12307367e-03  4.56111930e-04
  8.78477223e-04  2.59694131e-03 -3.01650224e-03  4.40120945e-04
  3.94500659e-03  1.00571274e-03 -5.35026367e-03 -1.67578927e-03
 -5.60464878e-03 -6.61924182e-03 -7.36093487e-03 -8.87332137e-03
 -1.95713224e-03 -2.03974396e-03  2.82409652e-01  1.33297862e-01
  1.45285700e-01  1.48147951e-01  1.32229626e-01  1.35207492e-01
  1.23722118e-01  3.21700686e-01  1.54216248e-01  1.68411573e-01
  1.72002953e-01  1.59246755e-01  1.49778297e-01  1.37308902e-01
  3.23975618e-01  1.59928582e-01  1.72495343e-01  1.73949898e-01
  1.49430271e-01  1.49976461e-01  1.50232595e-01  2.76023344e-01
  1.29057070e-01  1.41477773e-01  1.39706950e-01  1.37242037e-01
  1.27498126e-01  1.16105333e-01  2.67409950e-01  1.31245949e-01
  1.35898331e-01  1.40663765e-01  1.30570100e-01  1.25332245e-01
  1.10713517e-01]

Gradient approximate =
[ 1.32311717e-06  1.92527772e-05  2.61328514e-06  3.14884563e-06
  1.07713061e-05 -8.86404283e-06 -7.94497801e-07 -2.83704282e-05
  1.40818401e-05 -2.01699990e-06 -4.02127442e-06 -1.70650671e-05
 -7.57434115e-07 -1.69122072e-05  1.17782561e-05 -1.32499123e-06
 -1.67414460e-05  5.62818236e-06 -1.39801193e-05  9.93567673e-06
  1.06549392e-05 -1.47351686e-05 -1.96469241e-05 -2.51991761e-05
 -1.86035187e-06  9.06459752e-05  6.44893716e-05  5.80823922e-05
  5.18106891e-05  3.63743036e-05  4.02375577e-05  3.97560473e-05
  9.11160125e-05  6.63835298e-05  6.17069129e-05  3.73965792e-05
  4.57245908e-05  4.84561413e-05  3.23687011e-05  1.20742127e-04
  5.18615217e-05  7.85711007e-05  2.87497581e-01  1.38936504e-01
  1.49674968e-01  1.45328345e-01  1.45884491e-01  1.51727398e-01
  1.44863179e-01  3.27389087e-01  1.58225773e-01  1.70406968e-01
  1.65498641e-01  1.66193441e-01  1.72676839e-01  1.64908580e-01
  3.08842407e-01  1.49276058e-01  1.60866525e-01  1.56122401e-01
  1.56710784e-01  1.62931284e-01  1.55563187e-01  3.13532545e-01
  1.51530536e-01  1.63232332e-01  1.58465081e-01  1.59171425e-01
  1.65387629e-01  1.58011450e-01  3.29507948e-01  1.59237285e-01
  1.71615905e-01  1.66471113e-01  1.67241168e-01  1.73932482e-01
  1.65987928e-01  4.22991018e-04  1.92328180e-04  1.99544881e-04
  2.68503650e-04  2.05623849e-04  1.91764702e-04  2.12468891e-04
  0.00000000e+00  0.00000000e+00  0.00000000e+00  0.00000000e+00
  0.00000000e+00  0.00000000e+00  0.00000000e+00  0.00000000e+00
  0.00000000e+00  0.00000000e+00  0.00000000e+00  0.00000000e+00
  0.00000000e+00  0.00000000e+00  0.00000000e+00  0.00000000e+00
  0.00000000e+00  0.00000000e+00  0.00000000e+00  0.00000000e+00
  0.00000000e+00  0.00000000e+00  0.00000000e+00  0.00000000e+00
  0.00000000e+00  0.00000000e+00  0.00000000e+00  0.00000000e+00
  0.00000000e+00  0.00000000e+00  0.00000000e+00  0.00000000e+00
  0.00000000e+00  0.00000000e+00  0.00000000e+00  0.00000000e+00
  0.00000000e+00  0.00000000e+00  0.00000000e+00  0.00000000e+00
  0.00000000e+00  0.00000000e+00  0.00000000e+00  0.00000000e+00
  0.00000000e+00  0.00000000e+00  0.00000000e+00  0.00000000e+00
  0.00000000e+00  0.00000000e+00  0.00000000e+00  0.00000000e+00
  0.00000000e+00]

Diff = 
[4.94857429e-06 2.38336987e-03 1.66936356e-04 2.37899714e-06
 6.20026666e-04 1.90649877e-03 1.85584153e-06 4.05423672e-03
 2.48699663e-03 5.39561377e-08 8.92207261e-04 2.78154053e-03
 1.27352313e-06 2.03449438e-03 2.05823109e-03 4.83199201e-07
 2.15718540e-03 8.40758769e-04 2.91377905e-05 2.62547648e-03
 3.17275373e-03 1.06386733e-03 2.22006803e-03 3.04965738e-03
 1.10950974e-03 1.12443504e-04 3.04286366e-03 2.37390374e-03
 2.23629377e-03 1.81455607e-03 4.11144714e-04 7.55078611e-04
 2.14106735e-04 3.45881826e-03 2.87965175e-03 6.64061894e-04
 1.97627671e-04 7.68843337e-04 2.29679979e-03 5.63845091e-05
 1.70880348e-03 3.49242726e-03 2.91053177e-01 1.41890910e-01
 1.51468846e-01 1.45658925e-01 1.45941040e-01 1.48325385e-01
 1.44233172e-01 3.23770461e-01 1.59350449e-01 1.69656719e-01
 1.62756522e-01 1.66268527e-01 1.73047216e-01 1.67824228e-01
 3.08287328e-01 1.45796898e-01 1.57224773e-01 1.52637814e-01
 1.58877778e-01 1.67094518e-01 1.58496362e-01 3.15060474e-01
 1.54603710e-01 1.60903024e-01 1.58963108e-01 1.61344128e-01
 1.67604983e-01 1.58294315e-01 3.27853037e-01 1.53966018e-01
 1.73051928e-01 1.70510976e-01 1.65949105e-01 1.69749085e-01
 1.61682192e-01 3.75734357e-03 4.05834502e-03 7.31942048e-04
 9.47376911e-03 8.47187120e-03 8.47637041e-05 1.66186662e-03
 1.04814696e-03 1.04868216e-02 3.12307367e-03 4.56111930e-04
 8.78477223e-04 2.59694131e-03 3.01650224e-03 4.40120945e-04
 3.94500659e-03 1.00571274e-03 5.35026367e-03 1.67578927e-03
 5.60464878e-03 6.61924182e-03 7.36093487e-03 8.87332137e-03
 1.95713224e-03 2.03974396e-03 2.82409652e-01 1.33297862e-01
 1.45285700e-01 1.48147951e-01 1.32229626e-01 1.35207492e-01
 1.23722118e-01 3.21700686e-01 1.54216248e-01 1.68411573e-01
 1.72002953e-01 1.59246755e-01 1.49778297e-01 1.37308902e-01
 3.23975618e-01 1.59928582e-01 1.72495343e-01 1.73949898e-01
 1.49430271e-01 1.49976461e-01 1.50232595e-01 2.76023344e-01
 1.29057070e-01 1.41477773e-01 1.39706950e-01 1.37242037e-01
 1.27498126e-01 1.16105333e-01 2.67409950e-01 1.31245949e-01
 1.35898331e-01 1.40663765e-01 1.30570100e-01 1.25332245e-01
 1.10713517e-01]

 Iteration 900:
############################
Gradient = 
[-3.59777138e-06  2.22730194e-03  1.57392256e-04  6.58806784e-07
 -5.65595876e-04 -1.77535554e-03 -2.58814494e-06 -3.78318469e-03
  2.31827229e-03 -1.89298399e-06  8.24129335e-04 -2.59359356e-03
 -1.97267672e-06 -1.90025832e-03  1.91901280e-03 -7.86292348e-07
 -2.01464740e-03  7.84445936e-04 -4.79077657e-05  2.44009865e-03
  2.94841059e-03 -1.00153623e-03 -2.07816953e-03 -2.85204436e-03
  1.02448658e-03 -3.56741822e-05  2.87334961e-03  2.24750043e-03
  2.11474442e-03 -1.65492364e-03 -3.50140327e-04 -6.69606588e-04
 -1.29700877e-04  3.26457280e-03  2.72271483e-03 -5.84277234e-04
 -1.44167359e-04  7.54220255e-04 -2.10232816e-03  1.84945256e-04
 -1.53248350e-03  3.31366394e-03 -3.29131365e-03 -2.73455694e-03
 -1.65866712e-03 -3.02215591e-04 -5.18308761e-05  3.15568084e-03
  5.86046365e-04  3.35558573e-03 -1.04005795e-03  6.97366185e-04
  2.54356624e-03 -8.31550732e-05 -3.46875594e-04 -2.70635109e-03
  5.10615995e-04  3.22066322e-03  3.37148559e-03  3.22560456e-03
 -2.31825886e-03 -4.02478470e-03 -2.87462633e-03 -1.57990853e-03
 -3.14730452e-03  2.00542915e-03 -6.23325915e-04 -2.45178319e-03
 -2.27889085e-03 -4.72532971e-04  1.31250605e-03  5.13371364e-03
 -1.54831543e-03 -3.97338903e-03  1.10156546e-03  3.83076028e-03
  3.94596315e-03  3.82751632e-03 -3.79158371e-03 -3.19941398e-04
  9.85996967e-03  8.94584427e-03  6.50356410e-04  1.83571198e-03
 -8.72539128e-04  1.08052696e-02  3.42069387e-03  6.20396645e-04
  9.01400513e-04  2.21366472e-03 -2.89243948e-03  7.55665909e-04
  3.86657375e-03  7.12249557e-04 -5.65192650e-03 -1.50465134e-03
 -5.22517426e-03 -6.50245728e-03 -8.01648997e-03 -9.45607631e-03
 -1.90316835e-03 -2.08769162e-03  2.83396888e-01  1.34264920e-01
  1.45730131e-01  1.48613701e-01  1.33063194e-01  1.34987787e-01
  1.23236699e-01  3.20924575e-01  1.54234210e-01  1.67724810e-01
  1.71306113e-01  1.59291970e-01  1.48955047e-01  1.36199295e-01
  3.23493797e-01  1.59754458e-01  1.71748923e-01  1.73353097e-01
  1.49782954e-01  1.49570352e-01  1.49250364e-01  2.77226831e-01
  1.30142769e-01  1.41743700e-01  1.40306777e-01  1.38342112e-01
  1.27808478e-01  1.15807977e-01  2.66168242e-01  1.30508759e-01
  1.35176345e-01  1.40241966e-01  1.30227779e-01  1.24043808e-01
  1.09042273e-01]

Gradient approximate =
[ 1.03284048e-06  1.71462622e-05  2.35168107e-06  2.56817234e-06
  8.51782422e-06 -8.37179881e-06 -6.67563782e-07 -2.58663357e-05
  1.31089961e-05 -1.65709890e-06 -2.82784907e-06 -1.57252389e-05
 -5.89488458e-07 -1.50905022e-05  1.09329634e-05 -1.05753406e-06
 -1.49950918e-05  5.09423170e-06 -1.61411617e-05  7.49339257e-06
  8.38317415e-06 -1.49048063e-05 -1.98239292e-05 -2.47903897e-05
 -3.18896243e-06  7.97700750e-05  5.73684300e-05  5.18448817e-05
  4.65641947e-05  3.14831428e-05  3.54919338e-05  3.49979734e-05
  7.94705834e-05  5.89221116e-05  5.47997558e-05  3.26917005e-05
  3.98108191e-05  4.26855218e-05  2.76899792e-05  1.11600937e-04
  4.75624007e-05  7.27812077e-05  2.88459438e-01  1.39676276e-01
  1.49970895e-01  1.45695794e-01  1.46153892e-01  1.51880118e-01
  1.45523769e-01  3.26157663e-01  1.57929009e-01  1.69550077e-01
  1.64739781e-01  1.65324621e-01  1.71640550e-01  1.64480084e-01
  3.08201956e-01  1.49249909e-01  1.60320793e-01  1.55670487e-01
  1.56149059e-01  1.62222961e-01  1.55423000e-01  3.12635988e-01
  1.51392197e-01  1.62543753e-01  1.57885032e-01  1.58474496e-01
  1.64535260e-01  1.57746608e-01  3.28156831e-01  1.58894144e-01
  1.70685948e-01  1.65658230e-01  1.66299178e-01  1.72818337e-01
  1.65503775e-01  3.90934596e-04  1.76743813e-04  1.85453088e-04
  2.53143584e-04  1.90323091e-04  1.76296060e-04  1.94054901e-04
  0.00000000e+00  0.00000000e+00  0.00000000e+00  0.00000000e+00
  0.00000000e+00  0.00000000e+00  0.00000000e+00  0.00000000e+00
  0.00000000e+00  0.00000000e+00  0.00000000e+00  0.00000000e+00
  0.00000000e+00  0.00000000e+00  0.00000000e+00  0.00000000e+00
  0.00000000e+00  0.00000000e+00  0.00000000e+00  0.00000000e+00
  0.00000000e+00  0.00000000e+00  0.00000000e+00  0.00000000e+00
  0.00000000e+00  0.00000000e+00  0.00000000e+00  0.00000000e+00
  0.00000000e+00  0.00000000e+00  0.00000000e+00  0.00000000e+00
  0.00000000e+00  0.00000000e+00  0.00000000e+00  0.00000000e+00
  0.00000000e+00  0.00000000e+00  0.00000000e+00  0.00000000e+00
  0.00000000e+00  0.00000000e+00  0.00000000e+00  0.00000000e+00
  0.00000000e+00  0.00000000e+00  0.00000000e+00  0.00000000e+00
  0.00000000e+00  0.00000000e+00  0.00000000e+00  0.00000000e+00
  0.00000000e+00]

Diff = 
[4.63061186e-06 2.21015568e-03 1.55040575e-04 1.90936556e-06
 5.74113700e-04 1.76698375e-03 1.92058116e-06 3.75731835e-03
 2.30516329e-03 2.35885083e-07 8.26957184e-04 2.57786832e-03
 1.38318827e-06 1.88516781e-03 1.90807984e-03 2.71241712e-07
 1.99965231e-03 7.79351704e-04 3.17666040e-05 2.43260526e-03
 2.94002741e-03 9.86631421e-04 2.05834560e-03 2.82725397e-03
 1.02767554e-03 1.15444257e-04 2.81598118e-03 2.19565554e-03
 2.06818023e-03 1.68640678e-03 3.85632261e-04 7.04604562e-04
 2.09171460e-04 3.20565068e-03 2.66791507e-03 6.16968934e-04
 1.83978179e-04 7.11534733e-04 2.13001814e-03 7.33443183e-05
 1.58004590e-03 3.24088273e-03 2.91750752e-01 1.42410833e-01
 1.51629563e-01 1.45998009e-01 1.46205723e-01 1.48724437e-01
 1.44937723e-01 3.22802077e-01 1.58969067e-01 1.68852711e-01
 1.62196215e-01 1.65407776e-01 1.71987425e-01 1.67186436e-01
 3.07691340e-01 1.46029245e-01 1.56949307e-01 1.52444882e-01
 1.58467318e-01 1.66247745e-01 1.58297626e-01 3.14215897e-01
 1.54539502e-01 1.60538323e-01 1.58508358e-01 1.60926279e-01
 1.66814151e-01 1.58219141e-01 3.26844325e-01 1.53760430e-01
 1.72234264e-01 1.69631619e-01 1.65197613e-01 1.68987577e-01
 1.61557812e-01 3.43658172e-03 3.96832752e-03 5.05394487e-04
 9.60682608e-03 8.75552118e-03 4.74060350e-04 1.64165708e-03
 8.72539128e-04 1.08052696e-02 3.42069387e-03 6.20396645e-04
 9.01400513e-04 2.21366472e-03 2.89243948e-03 7.55665909e-04
 3.86657375e-03 7.12249557e-04 5.65192650e-03 1.50465134e-03
 5.22517426e-03 6.50245728e-03 8.01648997e-03 9.45607631e-03
 1.90316835e-03 2.08769162e-03 2.83396888e-01 1.34264920e-01
 1.45730131e-01 1.48613701e-01 1.33063194e-01 1.34987787e-01
 1.23236699e-01 3.20924575e-01 1.54234210e-01 1.67724810e-01
 1.71306113e-01 1.59291970e-01 1.48955047e-01 1.36199295e-01
 3.23493797e-01 1.59754458e-01 1.71748923e-01 1.73353097e-01
 1.49782954e-01 1.49570352e-01 1.49250364e-01 2.77226831e-01
 1.30142769e-01 1.41743700e-01 1.40306777e-01 1.38342112e-01
 1.27808478e-01 1.15807977e-01 2.66168242e-01 1.30508759e-01
 1.35176345e-01 1.40241966e-01 1.30227779e-01 1.24043808e-01
 1.09042273e-01]

 