Iteration 0:
############################
Gradient = 
[0.00933108 0.01862175 0.01885915 0.00260735 0.01654891 0.01538573
 0.30236941 0.14285796 0.17893481 0.31881993 0.14532327 0.18742053
 0.30969351 0.16176822 0.16327319 0.26815289 0.11546748 0.13673227
 0.28173112 0.1448905  0.15225789]

Gradient approximate =
[0.00933108 0.02548937 0.01065402 0.00260735 0.01162362 0.00635852
 0.30236941 0.1382643  0.17237644 0.31881993 0.148875   0.17463338
 0.30969351 0.14564455 0.16585448 0.26815289 0.12161076 0.14796599
 0.28173112 0.13511302 0.15383432]

Diff = 
[1.44771556e-11 6.86762503e-03 8.20512416e-03 3.44098504e-11
 4.92528610e-03 9.02720967e-03 3.59429153e-12 4.59365878e-03
 6.55836556e-03 1.19790289e-11 3.55173307e-03 1.27871445e-02
 1.98859262e-11 1.61236700e-02 2.58129521e-03 2.41437981e-11
 6.14328091e-03 1.12337141e-02 8.98542352e-12 9.77748283e-03
 1.57642469e-03]

 Iteration 100:
############################
Gradient = 
[-0.02206655 -0.09115774 -0.01805816 -0.0293816  -0.09651745 -0.0221073
  0.20479525  0.09483214  0.11971635  0.2167281   0.08874476  0.11768629
  0.21127543  0.10070593  0.09561676  0.18438634  0.07321352  0.08596488
  0.19243056  0.09010097  0.09051865]

Gradient approximate =
[-0.02206655 -0.09285143 -0.02695491 -0.0293816  -0.11121093 -0.03263524
  0.20479525  0.10963271  0.13772139  0.2167281   0.11157231  0.13018384
  0.21127543  0.1063795   0.11965378  0.18438634  0.09480624  0.11553344
  0.19243056  0.09980242  0.1122099 ]

Diff = 
[4.16418601e-11 1.69369357e-03 8.89674794e-03 1.35161327e-12
 1.46934864e-02 1.05279348e-02 6.25835217e-11 1.48005720e-02
 1.80050332e-02 5.40258116e-11 2.28275533e-02 1.24975512e-02
 6.83173795e-11 5.67356609e-03 2.40370225e-02 9.13381037e-11
 2.15927174e-02 2.95685542e-02 9.90689475e-11 9.70144333e-03
 2.16912462e-02]

 Iteration 200:
############################
Gradient = 
[-0.02518082 -0.083834   -0.01794678 -0.02839538 -0.07478612 -0.01732948
  0.13377303  0.06858818  0.08004837  0.14473861  0.05174362  0.0684904
  0.14342024  0.0583522   0.04878883  0.12385391  0.04789024  0.05087884
  0.13071333  0.05249806  0.04751736]

Gradient approximate =
[-0.02518082 -0.10133771 -0.0301989  -0.02839538 -0.10487888 -0.03147673
  0.13377303  0.09729449  0.11505757  0.14473861  0.08645041  0.09671575
  0.14342024  0.07743275  0.08494918  0.12385391  0.07976138  0.09205795
  0.13071333  0.07423227  0.0808175 ]

Diff = 
[3.98879367e-11 1.75037083e-02 1.22521235e-02 5.26436533e-13
 3.00927528e-02 1.41472504e-02 1.30637112e-10 2.87063101e-02
 3.50092015e-02 1.11115200e-10 3.47067885e-02 2.82253525e-02
 1.17390681e-10 1.90805565e-02 3.61603522e-02 1.23060201e-10
 3.18711424e-02 4.11791108e-02 1.29554339e-10 2.17342147e-02
 3.33001342e-02]

 Iteration 300:
############################
Gradient = 
[-0.01967114 -0.0492787  -0.00889572 -0.02097549 -0.03725266 -0.00698845
  0.08807583  0.04313975  0.04548138  0.10039932  0.0229944   0.03246041
  0.10187308  0.02785371  0.01698511  0.08606762  0.02589606  0.02300561
  0.09282518  0.02477121  0.01775795]

Gradient approximate =
[-0.01967114 -0.07808432 -0.02343297 -0.02097549 -0.07673244 -0.02316879
  0.08807583  0.08130096  0.09103558  0.10039932  0.06392099  0.06906467
  0.10187308  0.05409469  0.05853438  0.08606762  0.06397195  0.07033153
  0.09282518  0.05292872  0.05642253]

Diff = 
[5.32104222e-12 2.88056212e-02 1.45372541e-02 4.87375765e-12
 3.94797774e-02 1.61803377e-02 1.46791718e-10 3.81612040e-02
 4.55542068e-02 1.37471340e-10 4.09265822e-02 3.66042619e-02
 1.48317761e-10 2.62409851e-02 4.15492783e-02 1.35350467e-10
 3.80758884e-02 4.73259234e-02 1.45852441e-10 2.81575096e-02
 3.86645786e-02]

 Iteration 400:
############################
Gradient = 
[-0.01462522 -0.02430911 -0.00232882 -0.01532834 -0.01381902 -0.00056167
  0.06128704  0.02398153  0.02225642  0.07505275  0.00501962  0.01097694
  0.07787514  0.00937735 -0.00108976  0.06418852  0.01071884  0.00574606
  0.07094002  0.00779201  0.00068483]

Gradient approximate =
[-0.01462522 -0.05921096 -0.01777615 -0.01532834 -0.0574628  -0.01733305
  0.06128704  0.06775517  0.07342815  0.07505275  0.04820132  0.05111475
  0.07787514  0.03865183  0.04166701  0.06418852  0.05181813  0.05539349
  0.07094003  0.03859777  0.04078302]

Diff = 
[2.35856334e-11 3.49018483e-02 1.54473289e-02 1.66864925e-11
 4.36437880e-02 1.67713768e-02 1.59754439e-10 4.37736440e-02
 5.11717352e-02 1.52658483e-10 4.31816966e-02 4.01378125e-02
 1.44180320e-10 2.92744787e-02 4.27567694e-02 1.49217361e-10
 4.10992921e-02 4.96474288e-02 1.52430610e-10 3.08057649e-02
 4.00981863e-02]

 Iteration 500:
############################
Gradient = 
[-0.01116924 -0.00985224  0.00128435 -0.01163843 -0.00124539  0.00272875
  0.04572555  0.01158276  0.0082707   0.06028841 -0.00490314 -0.00079296
  0.06363862 -0.00096557 -0.01047404  0.05135284  0.00160036 -0.00378386
  0.05798033 -0.00170416 -0.00825766]

Gradient approximate =
[-0.01116924 -0.04754969 -0.01422137 -0.01163843 -0.04606419 -0.013828
  0.04572555  0.05830514  0.06194234  0.06028841  0.03820822  0.0401164
  0.06363862  0.02894452  0.03121706  0.05135284  0.04368343  0.04595396
  0.05798033  0.0295456   0.03111917]

Diff = 
[1.67844263e-11 3.76974469e-02 1.55057232e-02 5.76988110e-12
 4.48188040e-02 1.65567405e-02 1.52734971e-10 4.67223859e-02
 5.36716460e-02 1.55322866e-10 4.31113611e-02 4.09093575e-02
 1.54995808e-10 2.99100926e-02 4.16911029e-02 1.41067401e-10
 4.20830683e-02 4.97378188e-02 1.52333826e-10 3.12497594e-02
 3.93768252e-02]

 Iteration 600:
############################
Gradient = 
[-0.00884699 -0.00186213  0.00308388 -0.00919558  0.00517444  0.00424705
  0.03648107  0.00396934  0.00015352  0.05118873 -0.00999078 -0.00698597
  0.05465614 -0.0065404  -0.01496536  0.04345024 -0.00356711 -0.00872433
  0.04982733 -0.00678048 -0.01260874]

Gradient approximate =
[-0.00884699 -0.04049364 -0.01203352 -0.00919558 -0.03925321 -0.01170051
  0.03648107  0.05196558  0.05448424  0.05118873  0.03180923  0.03321024
  0.05465614  0.02268698  0.02451852  0.04345024  0.03831055  0.03990734
  0.04982733  0.02370663  0.02495226]

Diff = 
[1.40271614e-11 3.86315060e-02 1.51173995e-02 3.98981959e-11
 4.44276519e-02 1.59475579e-02 1.50021003e-10 4.79962395e-02
 5.43307213e-02 1.48360706e-10 4.18000109e-02 4.01962100e-02
 1.50683049e-10 2.92273748e-02 3.94838871e-02 1.63157078e-10
 4.18776669e-02 4.86316673e-02 1.68620021e-10 3.04871136e-02
 3.75609992e-02]

 Iteration 700:
############################
Gradient = 
[-0.0072229   0.00247718  0.00388422 -0.00749565  0.00826033  0.00482532
  0.03080178 -0.0006297  -0.00447352  0.04515715 -0.0123704  -0.01009674
  0.04853919 -0.00942334 -0.01679409  0.03826213 -0.00639364 -0.01110009
  0.04429343 -0.00936418 -0.01446003]

Gradient approximate =
[-0.0072229  -0.0360679  -0.01063183 -0.00749565 -0.0349949  -0.01034274
  0.03080178  0.04762123  0.04945699  0.04515715  0.02750444  0.02861944
  0.04853919  0.01842251  0.01996662  0.03826213  0.0346156   0.03582334
  0.04429343  0.01972793  0.02077789]

Diff = 
[1.23296963e-11 3.85450718e-02 1.45160531e-02 2.27883363e-11
 4.32552330e-02 1.51680544e-02 1.60733812e-10 4.82509234e-02
 5.39305078e-02 1.48917351e-10 3.98748444e-02 3.87161805e-02
 1.44928611e-10 2.78458571e-02 3.67607092e-02 1.67362513e-10
 4.10092474e-02 4.69234292e-02 1.63297674e-10 2.90921108e-02
 3.52379242e-02]

 Iteration 800:
############################
Gradient = 
[-0.00602467  0.00477389  0.00415003 -0.00624364  0.0095534   0.0049172
  0.02716453 -0.00339453 -0.00705857  0.04082996 -0.01327381 -0.01151853
  0.04402669 -0.01079697 -0.0171974   0.03460092 -0.00787484 -0.01207481
  0.04022312 -0.01055815 -0.01497227]

Gradient approximate =
[-0.00602467 -0.03313597 -0.00967844 -0.00624364 -0.03217164 -0.00941861
  0.02716453  0.04449703  0.04587286  0.04082996  0.02440855  0.02534551
  0.04402669  0.01531681  0.01666203  0.03460092  0.03190956  0.03286667
  0.04022312  0.01682835  0.01775259]

Diff = 
[1.79173247e-11 3.79098522e-02 1.38284654e-02 6.36905025e-12
 4.17250467e-02 1.43358107e-02 1.55904522e-10 4.78915621e-02
 5.29314305e-02 1.70076037e-10 3.76823556e-02 3.68640371e-02
 1.76586558e-10 2.61137825e-02 3.38594286e-02 1.58292823e-10
 3.97843943e-02 4.49414748e-02 1.60172244e-10 2.73865037e-02
 3.27248554e-02]

 Iteration 900:
############################
Gradient = 
[-0.00509419  0.00591999  0.00413533 -0.00527224  0.00988955  0.00476545
  0.02471468 -0.00505069 -0.00845015  0.03748142 -0.01338667 -0.0120163
  0.04044467 -0.01132256 -0.01685302  0.03182347 -0.0085885  -0.01229486
  0.03699924 -0.01097832 -0.01478001]

Gradient approximate =
[-0.00509419 -0.03107044 -0.00898657 -0.00527224 -0.03017465 -0.00874545
  0.02471468  0.04211289  0.04315241  0.03748142  0.02202326  0.02283961
  0.04044467  0.01290397  0.01410644  0.03182347  0.02979002  0.03056918
  0.03699924  0.01457119  0.01541049]

Diff = 
[7.94001496e-12 3.69904360e-02 1.31219026e-02 3.70503715e-12
 4.00641999e-02 1.35108979e-02 1.56171513e-10 4.71635813e-02
 5.16025607e-02 1.55906281e-10 3.54099259e-02 3.48559096e-02
 1.58225974e-10 2.42265231e-02 3.09594539e-02 1.69381238e-10
 3.83785191e-02 4.28640424e-02 1.60178724e-10 2.55495064e-02
 3.01905009e-02]

 