Iteration 0:
############################
Gradient = 
[-0.0058076  -0.022684   -0.0122389  -0.00239427  0.00222028 -0.00290508
  0.29587653  0.14868947  0.18032958  0.31486561  0.16169996  0.180613
  0.30234157  0.15259833  0.16169776  0.30150491  0.15727039  0.17634818
  0.28409208  0.13840374  0.15502614]

Gradient approximate =
[-5.80759751e-03 -2.40029118e-02 -9.19628986e-03 -2.39427448e-03
 -2.44418814e-04 -5.61024426e-03  2.95876531e-01  1.50695008e-01
  1.81379808e-01  3.14865607e-01  1.59794817e-01  1.77911922e-01
  3.02341573e-01  1.54053993e-01  1.63452994e-01  3.01504912e-01
  1.57196104e-01  1.74434687e-01  2.84092078e-01  1.39701812e-01
  1.58200234e-01]

Diff = 
[6.63561914e-12 1.31891236e-03 3.04261058e-03 4.22241365e-12
 2.46470287e-03 2.70516013e-03 1.60759739e-11 2.00553458e-03
 1.05022512e-03 1.77263204e-11 1.90514607e-03 2.70107321e-03
 2.79520851e-12 1.45566285e-03 1.75523457e-03 4.70068429e-13
 7.42880710e-05 1.91349421e-03 5.48344703e-12 1.29807261e-03
 3.17409876e-03]

 Iteration 100:
############################
Gradient = 
[-0.03393546 -0.12662227 -0.04415836 -0.03322082 -0.11380286 -0.0382624
  0.18974233  0.12108984  0.13784216  0.20801     0.12155758  0.12895357
  0.19834986  0.10671408  0.10753715  0.19687901  0.12298041  0.12945207
  0.18626245  0.09777404  0.10469727]

Gradient approximate =
[-0.03393546 -0.13097861 -0.04222561 -0.03322082 -0.11874458 -0.04184755
  0.18974233  0.12754323  0.14413353  0.20801     0.12435029  0.13137204
  0.19834986  0.11249023  0.11375573  0.19687901  0.12754411  0.13258598
  0.18626245  0.10300016  0.11217912]

Diff = 
[7.06197600e-12 4.35633871e-03 1.93274630e-03 5.28015132e-12
 4.94171932e-03 3.58515327e-03 8.68983496e-11 6.45338634e-03
 6.29136785e-03 7.41069983e-11 2.79271246e-03 2.41847120e-03
 8.39852632e-11 5.77614318e-03 6.21857988e-03 9.73538750e-11
 4.56369787e-03 3.13390573e-03 1.00683073e-10 5.22611779e-03
 7.48184785e-03]

 Iteration 200:
############################
Gradient = 
[-0.02830766 -0.09642777 -0.03457803 -0.02802134 -0.08819191 -0.02939408
  0.10984014  0.09229559  0.10065358  0.13011689  0.08218026  0.08420935
  0.12472128  0.06492695  0.06361881  0.11960854  0.08778448  0.08814047
  0.11675486  0.06068787  0.06268105]

Gradient approximate =
[-0.02830766 -0.10469436 -0.03401972 -0.02802134 -0.09668258 -0.03416442
  0.10984014  0.1023668   0.11096616  0.13011689  0.08840783  0.09020623
  0.12472128  0.07357317  0.07268941  0.11960854  0.09591265  0.09493654
  0.11675486  0.0685688   0.07295616]

Diff = 
[3.25096547e-12 8.26659011e-03 5.58308612e-04 2.33316665e-11
 8.49066239e-03 4.77033370e-03 1.35759709e-10 1.00712095e-02
 1.03125849e-02 1.37587192e-10 6.22757284e-03 5.99687991e-03
 1.27230740e-10 8.64622478e-03 9.07059456e-03 1.33128342e-10
 8.12817020e-03 6.79607128e-03 1.31199357e-10 7.88093687e-03
 1.02751111e-02]

 Iteration 300:
############################
Gradient = 
[-0.01809887 -0.05507673 -0.02116295 -0.0182921  -0.05104302 -0.01702777
  0.06095097  0.062415    0.06758869  0.08236625  0.04852084  0.0489454
  0.08171231  0.03453442  0.03299716  0.07229668  0.05505343  0.05375222
  0.07614286  0.03273565  0.03286582]

Gradient approximate =
[-0.01809887 -0.06584746 -0.02152865 -0.0182921  -0.06183804 -0.02256658
  0.06095097  0.07506642  0.08070011  0.08236625  0.05691333  0.05714299
  0.08171231  0.04481596  0.04365359  0.07229668  0.06555515  0.06289948
  0.07614286  0.04215509  0.04471024]

Diff = 
[1.89852752e-11 1.07707307e-02 3.65698793e-04 2.78124745e-13
 1.07950281e-02 5.53881105e-03 1.50751307e-10 1.26514194e-02
 1.31114213e-02 1.51508028e-10 8.39248482e-03 8.19759535e-03
 1.47204915e-10 1.02815409e-02 1.06564250e-02 1.48786428e-10
 1.05017255e-02 9.14725861e-03 1.55966712e-10 9.41944157e-03
 1.18444284e-02]

 Iteration 400:
############################
Gradient = 
[-0.01115695 -0.03002656 -0.01283301 -0.01153787 -0.0280804  -0.0093462
  0.03292136  0.04140328  0.04532954  0.05500116  0.02668574  0.02664102
  0.05760477  0.01603015  0.01454625  0.0452837   0.03315222  0.03153281
  0.05338901  0.01546278  0.01486595]

Gradient approximate =
[-0.01115695 -0.04218984 -0.01375785 -0.01153787 -0.04017173 -0.01531713
  0.03292136  0.05577509  0.06031143  0.05500116  0.03631419  0.03607957
  0.05760477  0.02713625  0.02597635  0.0452837   0.04510912  0.04208467
  0.05338901  0.02566903  0.02748773]

Diff = 
[2.50881312e-11 1.21632716e-02 9.24838192e-04 2.49223125e-11
 1.20913294e-02 5.97093086e-03 1.40391317e-10 1.43718147e-02
 1.49818807e-02 1.65444554e-10 9.62845316e-03 9.43855418e-03
 1.49482662e-10 1.11061012e-02 1.14300968e-02 1.48664116e-10
 1.19568983e-02 1.05518601e-02 1.73376841e-10 1.02062502e-02
 1.26217885e-02]

 Iteration 500:
############################
Gradient = 
[-0.00680946 -0.01584388 -0.0080184  -0.00722066 -0.01487094 -0.00492585
  0.01659991  0.02798435  0.03130406  0.03912503  0.01342693  0.01322056
  0.04374384  0.00509829  0.0036873   0.02967763  0.01964872  0.01803033
  0.04032231  0.00521551  0.00429815]

Gradient approximate =
[-0.00680946 -0.02875696 -0.00928664 -0.00722066 -0.02766497 -0.0111302
  0.01659991  0.04350536  0.04755578  0.03912503  0.02371193  0.02331103
  0.04374384  0.01654471  0.01540915  0.02967763  0.0324752   0.02939705
  0.04032231  0.01575544  0.01722758]

Diff = 
[3.27539922e-11 1.29130857e-02 1.26823561e-03 8.20749545e-12
 1.27940237e-02 6.20435135e-03 1.54617499e-10 1.55210043e-02
 1.62517143e-02 1.66874785e-10 1.02849963e-02 1.00904723e-02
 1.60522214e-10 1.14464144e-02 1.17218504e-02 1.60264656e-10
 1.28264765e-02 1.13667201e-02 1.49326086e-10 1.05399312e-02
 1.29294315e-02]

 Iteration 600:
############################
Gradient = 
[-0.00402238 -0.00768303 -0.00518472 -0.00439765 -0.00717488 -0.00236252
  0.00686232  0.01954566  0.02251115  0.0296745   0.00544107  0.00517207
  0.03552501 -0.00137408 -0.00272584  0.02044037  0.01142453  0.00988431
  0.03258855 -0.00084815 -0.00191576]

Gradient approximate =
[-0.00402238 -0.02097993 -0.00667089 -0.00439765 -0.02032873 -0.00868576
  0.00686232  0.03585467  0.03965593  0.0296745   0.01603273  0.01556109
  0.03552501  0.01012652  0.00900387  0.02044037  0.02476241  0.02170933
  0.03258855  0.00975724  0.01104554]

Diff = 
[1.00046100e-12 1.32968957e-02 1.48616967e-03 2.85881770e-11
 1.31538465e-02 6.32323577e-03 1.55394143e-10 1.63090079e-02
 1.71447797e-02 1.48232086e-10 1.05916630e-02 1.03890153e-02
 1.62220952e-10 1.15005965e-02 1.17297113e-02 1.59462589e-10
 1.33378758e-02 1.18250174e-02 1.56677865e-10 1.06053922e-02
 1.29613000e-02]

 Iteration 700:
############################
Gradient = 
[-0.00215749 -0.0029091  -0.00347388 -0.00246936 -0.00262338 -0.00085935
  0.00095315  0.01422282  0.01695187  0.02391252  0.0006192   0.00032542
  0.03051709 -0.00522379 -0.00653071  0.01485752  0.00640272  0.00495685
  0.02788583 -0.00444291 -0.00557954]

Gradient approximate =
[-0.00215749 -0.01637745 -0.00510326 -0.00246936 -0.01593579 -0.00723468
  0.00095315  0.03109252  0.0347527   0.02391252  0.0113066   0.01080066
  0.03051709  0.00616119  0.00503881  0.01485752  0.02003369  0.01702483
  0.02788583  0.00606908  0.00725123]

Diff = 
[5.33151691e-12 1.34683520e-02 1.62938780e-03 2.22818140e-11
 1.33124085e-02 6.37532363e-03 1.71963300e-10 1.68697018e-02
 1.78008298e-02 1.60441733e-10 1.06874007e-02 1.04752487e-02
 1.61696382e-10 1.13849855e-02 1.15695197e-02 1.60969755e-10
 1.36309696e-02 1.20679811e-02 1.50422508e-10 1.05119887e-02
 1.28307663e-02]

 Iteration 800:
############################
Gradient = 
[-8.47430199e-04 -1.09524679e-04 -2.41966446e-03 -1.08482111e-03
  7.47819551e-05  2.14129302e-05 -2.66093460e-03  1.08430481e-02
  1.33980595e-02  2.03216404e-02 -2.29755684e-03 -2.59961921e-03
  2.73854515e-02 -7.51491799e-03 -8.78792701e-03  1.14264159e-02
  3.32210240e-03  1.97038627e-03  2.49501088e-02 -6.57084215e-03
 -7.73429530e-03]

Gradient approximate =
[-0.00084743 -0.0136248  -0.00414672 -0.00108482 -0.01327688 -0.00636679
 -0.00266093  0.02812964  0.03170434  0.02032164  0.00835809  0.00783385
  0.02738545  0.00365339  0.00252165  0.01142642  0.01711258  0.01415093
  0.02495011  0.00375359  0.00487024]

Diff = 
[7.34473170e-12 1.35152742e-02 1.72705323e-03 3.89572272e-13
 1.33516622e-02 6.38820557e-03 1.55785340e-10 1.72865950e-02
 1.83062824e-02 1.50762940e-10 1.06556460e-02 1.04334674e-02
 1.71752917e-10 1.11683126e-02 1.13095794e-02 1.54474631e-10
 1.37904820e-02 1.21805476e-02 1.57830887e-10 1.03244296e-02
 1.26045348e-02]

 Iteration 900:
############################
Gradient = 
[ 1.21953045e-04  1.50385889e-03 -1.76050269e-03 -3.72588449e-05
  1.64801237e-03  5.27378966e-04 -4.86856275e-03  8.68188476e-03
  1.10990264e-02  1.80326317e-02 -4.05886080e-03 -4.36127805e-03
  2.53704135e-02 -8.87094904e-03 -1.01177640e-02  9.28623457e-03
  1.42458738e-03  1.62536926e-04  2.30624744e-02 -7.82100776e-03
 -8.98822339e-03]

Gradient approximate =
[ 1.21953032e-04 -1.19857361e-02 -3.55695226e-03 -3.72588738e-05
 -1.16725704e-02 -5.85089626e-03 -4.86856259e-03  2.62937719e-02
  2.98139719e-02  1.80326319e-02  6.48794344e-03  5.95318998e-03
  2.53704136e-02  2.02065932e-03  8.72845480e-04  9.28623474e-03
  1.52924792e-02  1.23766386e-02  2.30624746e-02  2.26028332e-03
  3.33402097e-03]

Diff = 
[1.27738243e-11 1.34895950e-02 1.79644957e-03 2.88575030e-11
 1.33205828e-02 6.37827522e-03 1.60296732e-10 1.76118871e-02
 1.87149455e-02 1.66219306e-10 1.05468042e-02 1.03144680e-02
 1.58136667e-10 1.08916084e-02 1.09906095e-02 1.69189562e-10
 1.38678919e-02 1.22141017e-02 1.54312667e-10 1.00812911e-02
 1.23222444e-02]

 