Iteration 0:
############################
Gradient = 
[-0.00487065 -0.02721302 -0.0104208  -0.01208825 -0.04610139 -0.01070775
 -0.00112321 -0.00133195 -0.00107152  0.00134434 -0.017139   -0.0027601
  0.25486986  0.13405443  0.09826237  0.13216628  0.13899158  0.31206207
  0.16237588  0.13441944  0.1609947   0.16728719  0.29605975  0.15201334
  0.13247553  0.14867758  0.15839378  0.28992528  0.14906383  0.1185033
  0.14728013  0.15712098  0.28106275  0.14468815  0.1247258   0.14685385
  0.14977299]

Gradient approximate =
[-0.00487065 -0.02732151 -0.01099626 -0.01208825 -0.04494479 -0.01032381
 -0.00112321 -0.0011056  -0.0022963   0.00134434 -0.01758992 -0.00257287
  0.25486986  0.13484561  0.09821503  0.13297734  0.14011454  0.31206207
  0.16143209  0.13455136  0.16005671  0.16738648  0.29605975  0.15132339
  0.13336554  0.14992514  0.15730403  0.28992528  0.14992671  0.11986182
  0.14638944  0.15787675  0.28106275  0.14589286  0.1249142   0.1470037
  0.14873575]

Diff = 
[1.25388198e-11 1.08492575e-04 5.75456473e-04 2.00315459e-13
 1.15660316e-03 3.83937677e-04 4.85244679e-12 2.26355636e-04
 1.22477442e-03 2.03859677e-11 4.50920042e-04 1.87234312e-04
 3.84594578e-11 7.91173855e-04 4.73444003e-05 8.11067118e-04
 1.12295992e-03 2.54884447e-11 9.43792455e-04 1.31915000e-04
 9.37992594e-04 9.92906490e-05 2.03537187e-12 6.89951181e-04
 8.90012834e-04 1.24755853e-03 1.08975691e-03 1.71292425e-11
 8.62880756e-04 1.35851511e-03 8.90690099e-04 7.55771039e-04
 1.05660480e-11 1.20471700e-03 1.88408255e-04 1.49851997e-04
 1.03724574e-03]

 Iteration 100:
############################
Gradient = 
[-0.02623198 -0.10506762 -0.03418749 -0.02820345 -0.10345118 -0.02841891
 -0.02447724 -0.08840502 -0.02806085 -0.02292889 -0.10528905 -0.03026743
  0.14433286  0.09867636  0.0750018   0.09140875  0.09954113  0.18078582
  0.1068507   0.09230846  0.10252694  0.1079618   0.1716089   0.0937162
  0.08631821  0.08899297  0.09691949  0.16452653  0.10064043  0.08348286
  0.09498243  0.10474319  0.16233587  0.09050903  0.08220196  0.09085105
  0.09250043]

Gradient approximate =
[-0.02623198 -0.10640957 -0.03517281 -0.02820345 -0.1035869  -0.0283816
 -0.02447724 -0.08908239 -0.02957576 -0.02292889 -0.10691807 -0.03040801
  0.14433287  0.10117947  0.07623038  0.09385182  0.10241307  0.18078582
  0.10789462  0.09411971  0.10352339  0.11008793  0.1716089   0.09484369
  0.08883433  0.09198969  0.09771407  0.16452653  0.10334444  0.08633442
  0.09586572  0.10742494  0.16233587  0.09345264  0.08392653  0.0927502
  0.0932495 ]

Diff = 
[9.51672074e-12 1.34194771e-03 9.85321869e-04 2.88376857e-11
 1.35719104e-04 3.73151246e-05 1.38959261e-11 6.77367620e-04
 1.51490760e-03 2.56454059e-11 1.62902542e-03 1.40578346e-04
 1.24797145e-10 2.50310754e-03 1.22857866e-03 2.44306152e-03
 2.87194676e-03 8.60133631e-11 1.04391800e-03 1.81125181e-03
 9.96449720e-04 2.12612950e-03 1.02946651e-10 1.12749756e-03
 2.51612148e-03 2.99671473e-03 7.94572806e-04 9.87655235e-11
 2.70400809e-03 2.85156432e-03 8.83293078e-04 2.68174922e-03
 1.02088421e-10 2.94360581e-03 1.72456540e-03 1.89914668e-03
 7.49070092e-04]

 Iteration 200:
############################
Gradient = 
[-0.01808312 -0.06841829 -0.02224557 -0.02060646 -0.06882148 -0.01793245
 -0.01866494 -0.06275579 -0.0201603  -0.01563385 -0.07008556 -0.01977286
  0.06814238  0.06594426  0.05173947  0.06028656  0.06544415  0.09545888
  0.05957013  0.05376804  0.05748159  0.05941202  0.09324233  0.04689094
  0.04534714  0.04389327  0.04892489  0.08221574  0.0586445   0.05110103
  0.05530164  0.06131034  0.08725     0.04614544  0.04436651  0.04799716
  0.04744211]

Gradient approximate =
[-0.01808312 -0.07109284 -0.02366383 -0.02060646 -0.07028378 -0.01825357
 -0.01866494 -0.06460823 -0.02204961 -0.01563385 -0.07306554 -0.02030026
  0.06814238  0.06967626  0.05391824  0.06385846  0.06954627  0.09545888
  0.06184427  0.05666371  0.05965902  0.0627741   0.09324233  0.04904933
  0.04883403  0.04786332  0.05078827  0.08221574  0.06252919  0.05495435
  0.05729612  0.06522188  0.08725     0.05009327  0.04702598  0.05091669
  0.04921871]

Diff = 
[9.90425797e-12 2.67454620e-03 1.41826305e-03 1.54071547e-12
 1.46229495e-03 3.21123508e-04 1.83452073e-11 1.85243760e-03
 1.88931074e-03 6.96486271e-12 2.97997698e-03 5.27398466e-04
 1.51490070e-10 3.73199521e-03 2.17876819e-03 3.57189951e-03
 4.10211640e-03 1.33483308e-10 2.27414376e-03 2.89567509e-03
 2.17743346e-03 3.36208176e-03 1.48501156e-10 2.15839521e-03
 3.48689152e-03 3.97005270e-03 1.86338639e-03 1.42202736e-10
 3.88468992e-03 3.85331524e-03 1.99448132e-03 3.91153613e-03
 1.48644194e-10 3.94782186e-03 2.65947444e-03 2.91952571e-03
 1.77660529e-03]

 Iteration 300:
############################
Gradient = 
[-0.00953984 -0.03527328 -0.01149088 -0.01214093 -0.03466334 -0.00749726
 -0.01098866 -0.03341705 -0.01104373 -0.00740635 -0.03687137 -0.00958562
  0.02667932  0.0410803   0.03193857  0.03736916  0.0400385   0.05149488
  0.02910301  0.02722434  0.0286508   0.02845104  0.05437226  0.0194076
  0.01979847  0.01736448  0.0209451   0.0399373   0.03062397  0.0277844
  0.02926133  0.03267631  0.04966842  0.01939222  0.0201144   0.02206653
  0.02051455]

Gradient approximate =
[-0.00953984 -0.03869987 -0.01315395 -0.01214093 -0.03687781 -0.00800219
 -0.01098866 -0.03597103 -0.01316099 -0.00740635 -0.04062817 -0.01032579
  0.02667932  0.04559775  0.03473331  0.04165775  0.04491399  0.05149488
  0.03201818  0.03070792  0.03145172  0.0324476   0.05437226  0.02203982
  0.02375317  0.02177175  0.02330847  0.0399373   0.03515663  0.03221285
  0.03187014  0.0372704   0.04966842  0.0238094   0.02323839  0.02549013
  0.02277833]

Diff = 
[1.84658504e-11 3.42658460e-03 1.66307259e-03 2.47285491e-11
 2.21447171e-03 5.04929643e-04 4.31089713e-12 2.55398071e-03
 2.11725754e-03 1.89164301e-11 3.75679977e-03 7.40170442e-04
 1.62889705e-10 4.51744861e-03 2.79473736e-03 4.28858274e-03
 4.87549486e-03 1.62078240e-10 2.91517924e-03 3.48358701e-03
 2.80091572e-03 3.99655538e-03 1.54816125e-10 2.63221552e-03
 3.95469606e-03 4.40727343e-03 2.36336670e-03 1.57349841e-10
 4.53265806e-03 4.42844876e-03 2.60881747e-03 4.59408641e-03
 1.66024756e-10 4.41718033e-03 3.12399089e-03 3.42360037e-03
 2.26377693e-03]

 Iteration 400:
############################
Gradient = 
[-0.00463231 -0.01816084 -0.00589071 -0.00722512 -0.01644182 -0.00187224
 -0.00638188 -0.01746237 -0.00604767 -0.00264669 -0.0195471  -0.00420227
  0.00543762  0.02649663  0.01958369  0.02383634  0.02524073  0.03032266
  0.01309906  0.01282328  0.01337503  0.01224119  0.03627252  0.00580498
  0.00686659  0.00414487  0.00711402  0.01949764  0.0155823   0.01477077
  0.0151708   0.01737166  0.03201813  0.00593208  0.00755618  0.00888172
  0.00697563]

Gradient approximate =
[-0.00463231 -0.0219721  -0.00767894 -0.00722512 -0.01902299 -0.00244267
 -0.00638188 -0.02038335 -0.00828852 -0.00264669 -0.02371088 -0.00504106
  0.00543762  0.03150869  0.0227554   0.02857281  0.03059346  0.03032266
  0.01631679  0.01659488  0.01647788  0.01652884  0.03627252  0.00861402
  0.01100965  0.00870174  0.00967526  0.01949764  0.02044845  0.01950733
  0.01810071  0.02232763  0.03201813  0.01052724  0.01087665  0.01252561
  0.00943351]

Diff = 
[3.90355717e-12 3.81126171e-03 1.78823192e-03 1.79683950e-11
 2.58117269e-03 5.70424395e-04 2.09199151e-12 2.92098578e-03
 2.24085449e-03 1.24767917e-11 4.16378479e-03 8.38783082e-04
 1.65757022e-10 5.01205627e-03 3.17171308e-03 4.73647037e-03
 5.35273959e-03 1.49678558e-10 3.21772994e-03 3.77160566e-03
 3.10284480e-03 4.28765521e-03 1.63691907e-10 2.80904145e-03
 4.14305320e-03 4.55687107e-03 2.56123962e-03 1.69510374e-10
 4.86614482e-03 4.73656070e-03 2.92991108e-03 4.95597180e-03
 1.60367407e-10 4.59516350e-03 3.32046516e-03 3.64389025e-03
 2.45787514e-03]

 Iteration 500:
############################
Gradient = 
[-1.92769997e-03 -9.83790191e-03 -3.14528294e-03 -4.58129202e-03
 -7.55564539e-03  9.00978805e-04 -3.82917826e-03 -9.62893877e-03
 -3.58958628e-03 -1.95435950e-05 -1.10042533e-02 -1.52577402e-03
 -5.67313684e-03  1.83734759e-02  1.24411326e-02  1.62572714e-02
  1.70364945e-02  1.99697375e-02  4.99888543e-03  5.45690103e-03
  5.59480447e-03  4.04686241e-03  2.77173209e-02 -7.39114645e-04
  6.32943410e-04 -2.23221867e-03  4.48256050e-04  9.41965849e-03
  7.83073502e-03  7.97066782e-03  7.85919130e-03  9.50648030e-03
  2.36271316e-02 -6.12719850e-04  1.37148390e-03  2.41467579e-03
  3.69091599e-04]

Gradient approximate =
[-1.92770000e-03 -1.38511492e-02 -4.99868022e-03 -4.58129201e-03
 -1.03084179e-02  3.25564249e-04 -3.82917829e-03 -1.27455034e-02
 -5.90028089e-03 -1.95435912e-05 -1.53890680e-02 -2.40516648e-03
 -5.67313669e-03  2.37148364e-02  1.58472822e-02  2.12878117e-02
  2.26991053e-02  1.99697377e-02  8.34536142e-03  9.35920433e-03
  8.83319102e-03  8.44968710e-03  2.77173210e-02  2.10228142e-03
  4.82671043e-03  2.33363746e-03  3.06039260e-03  9.41965865e-03
  1.28656930e-02  1.28717884e-02  1.09554393e-02  1.46569933e-02
  2.36271318e-02  4.01675536e-03  4.75352897e-03  6.13758223e-03
  2.87637865e-03]

Diff = 
[3.11641691e-11 4.01324728e-03 1.85339728e-03 7.85315302e-12
 2.75277250e-03 5.75414556e-04 2.50651834e-11 3.11656466e-03
 2.31069461e-03 3.79698263e-12 4.38481468e-03 8.79392457e-04
 1.48084168e-10 5.34136055e-03 3.40614964e-03 5.03054024e-03
 5.66261079e-03 1.56566999e-10 3.34647599e-03 3.90230330e-03
 3.23838655e-03 4.40282469e-03 1.60521988e-10 2.84139606e-03
 4.19376702e-03 4.56585613e-03 2.61213655e-03 1.61594347e-10
 5.03495800e-03 4.90112057e-03 3.09624798e-03 5.15051300e-03
 1.45890619e-10 4.62947521e-03 3.38204506e-03 3.72290643e-03
 2.50728705e-03]

 Iteration 600:
############################
Gradient = 
[-0.00036454 -0.00581354 -0.00180451 -0.00313511 -0.00333694  0.00223951
 -0.00237225 -0.00589715 -0.00242437  0.00149843 -0.00677061 -0.00018871
 -0.01164403  0.01384571  0.00832878  0.01202904  0.01248523  0.01478815
  0.00089361  0.00172778  0.00163227 -0.00010314  0.02357785 -0.00388563
 -0.00232404 -0.00529605 -0.00277338  0.00432369  0.00383218  0.00446254
  0.00406681  0.00546327  0.01956181 -0.00378059 -0.00164637 -0.00074873
 -0.00285699]

Gradient approximate =
[-0.00036454 -0.00994018 -0.00369373 -0.00313511 -0.00616729  0.00168864
 -0.00237225 -0.00912628 -0.0047789   0.00149843 -0.01128465 -0.00107985
 -0.01164403  0.01942443  0.01188735  0.01726779  0.01836504  0.01478815
  0.00428091  0.0056808   0.00492156  0.00432594  0.02357785 -0.00108132
  0.00185459 -0.00078887 -0.00018121  0.00432369  0.00895117  0.00945376
  0.00724922  0.01072241  0.01956181  0.00081353  0.00173118  0.00298406
 -0.00037086]

Diff = 
[1.22946812e-11 4.12663585e-03 1.88922092e-03 2.88457843e-12
 2.83035045e-03 5.50874552e-04 1.60100670e-11 3.22913403e-03
 2.35452512e-03 5.86685041e-12 4.51403582e-03 8.91141696e-04
 1.63586247e-10 5.57871996e-03 3.55856700e-03 5.23875371e-03
 5.87981074e-03 1.60222216e-10 3.38730167e-03 3.95302363e-03
 3.28929665e-03 4.42908011e-03 1.49132557e-10 2.80431003e-03
 4.17863230e-03 4.50717660e-03 2.59216676e-03 1.47456040e-10
 5.11898341e-03 4.99122701e-03 3.18241174e-03 5.25914339e-03
 1.49367765e-10 4.59411401e-03 3.37754892e-03 3.73278466e-03
 2.48613676e-03]

 Iteration 700:
############################
Gradient = 
[ 0.00061311 -0.00390029 -0.00115576 -0.00230817 -0.00143269  0.00286513
 -0.00148214 -0.00420029 -0.00190359  0.00244595 -0.00466409  0.00048496
 -0.01491922  0.01129402  0.00592181  0.00965876  0.00993527  0.01214225
 -0.00120378 -0.00015857 -0.00040418 -0.00222086  0.02152249 -0.00540213
 -0.00370098 -0.0067658  -0.00434309  0.0016923   0.00175016  0.00265658
  0.00208082  0.00337045  0.01755736 -0.0053095  -0.00311943 -0.0023036
 -0.00444251]

Gradient approximate =
[ 0.00061311 -0.00809771 -0.00306651 -0.00230817 -0.00429677  0.00235288
 -0.00148214 -0.00750312 -0.00428988  0.00244595 -0.00926174 -0.00040346
 -0.01491922  0.01705861  0.00958527  0.01505773  0.01598066  0.01214225
  0.00217964  0.00380471  0.00289277  0.0021893   0.02152249 -0.00266833
  0.00043151 -0.00234979 -0.00180526  0.0016923   0.00690927  0.00769955
  0.00530765  0.00869393  0.01755736 -0.00078444  0.00022139  0.00140519
 -0.00201207]

Diff = 
[3.17306227e-11 4.19742138e-03 1.91075540e-03 6.97280341e-12
 2.86408586e-03 5.12246986e-04 2.34782159e-11 3.30282695e-03
 2.38628884e-03 1.33654281e-11 4.59764693e-03 8.88415817e-04
 1.61893035e-10 5.76459298e-03 3.66345567e-03 5.39897088e-03
 6.04538641e-03 1.64645800e-10 3.38342056e-03 3.96328132e-03
 3.29695029e-03 4.41016164e-03 1.54601186e-10 2.73380176e-03
 4.13248639e-03 4.41600700e-03 2.53783567e-03 1.57703620e-10
 5.15910631e-03 5.04296876e-03 3.22683495e-03 5.32348395e-03
 1.63479948e-10 4.52506474e-03 3.34082173e-03 3.70878620e-03
 2.43044243e-03]

 Iteration 800:
############################
Gradient = 
[ 0.00128777 -0.00303501 -0.00085142 -0.00180371 -0.00068393  0.00313508
 -0.0008848  -0.00351278 -0.0017033   0.00309743 -0.00362346  0.00082583
 -0.01674334  0.00983725  0.00447787  0.00832614  0.00849037  0.01076412
 -0.00228664 -0.00111323 -0.00146594 -0.00331096  0.02046417 -0.00613488
 -0.00432039 -0.00746821 -0.00511818  0.00030507  0.00065137  0.00172968
  0.0010247   0.00227805  0.01654834 -0.00604205 -0.00384379 -0.00307621
 -0.00522994]

Gradient approximate =
[ 1.28777210e-03 -7.28332197e-03 -2.77686700e-03 -1.80371386e-03
 -3.56286330e-03  2.66785669e-03 -8.84797138e-04 -6.87231450e-03
 -4.11622529e-03  3.09742905e-03 -8.28206913e-03 -5.25462629e-05
 -1.67433393e-02  1.57585324e-02  8.21810288e-03  1.38583740e-02
  1.46722621e-02  1.07641201e-02  1.06995660e-03  2.83983389e-03
  1.81630112e-03  1.05714274e-03  2.04641682e-02 -3.48771328e-03
 -2.48305767e-04 -3.15894073e-03 -2.65150278e-03  3.05070038e-04
  5.82761171e-03  6.80466414e-03  4.27396402e-03  7.64287225e-03
  1.65483397e-02 -1.60224542e-03 -5.55462820e-04  5.91855835e-04
 -2.87223764e-03]

Diff = 
[9.32150407e-12 4.24831031e-03 1.92545168e-03 9.55989996e-12
 2.87893763e-03 4.67219083e-04 1.02529881e-11 3.35953882e-03
 2.41292844e-03 2.64698046e-11 4.65861020e-03 8.78380459e-04
 1.61413553e-10 5.92128375e-03 3.74022857e-03 5.53223730e-03
 6.18189322e-03 1.58495191e-10 3.35659837e-03 3.95306696e-03
 3.28224344e-03 4.36810503e-03 1.55172278e-10 2.64716802e-03
 4.07208631e-03 4.30927275e-03 2.46667474e-03 1.60539545e-10
 5.17624206e-03 5.07498020e-03 3.24926235e-03 5.36481739e-03
 1.58525252e-10 4.43979962e-03 3.28832329e-03 3.66806819e-03
 2.35770034e-03]

 Iteration 900:
############################
Gradient = 
[ 1.80425357e-03 -2.69009774e-03 -7.18929908e-04 -1.46910819e-03
 -5.12630065e-04  3.22787285e-03 -4.38715149e-04 -3.32148584e-03
 -1.66091147e-03  3.59383627e-03 -3.12137749e-03  9.98475354e-04
 -1.77729944e-02  8.99373857e-03  3.58552622e-03  7.57943897e-03
  7.66150135e-03  1.00287265e-02 -2.85387217e-03 -1.59650635e-03
 -2.03231631e-03 -3.87792686e-03  1.98875854e-02 -6.49001686e-03
 -4.57992988e-03 -7.80089092e-03 -5.50998342e-03 -4.46084352e-04
  5.97791155e-05  1.25914986e-03  4.49473640e-04  1.70176802e-03
  1.60250368e-02 -6.38715593e-03 -4.20782731e-03 -3.46863350e-03
 -5.62794582e-03]

Gradient approximate =
[ 0.00180425 -0.00698069 -0.00265596 -0.00146911 -0.00340001  0.00280825
 -0.00043872 -0.00673159 -0.0040988   0.00359384 -0.00782986  0.00013383
 -0.01777299  0.01505495  0.00738544  0.0132298   0.01396334  0.01002873
  0.00046399  0.00233598  0.00122345  0.00043616  0.01988759 -0.00393728
 -0.00057449 -0.00360577 -0.00312286 -0.00044608  0.00524093  0.00635605
  0.00370935  0.00709586  0.01602504 -0.00204034 -0.00097982  0.00015034
 -0.00335151]

Diff = 
[2.13127062e-11 4.29058806e-03 1.93702550e-03 1.26508899e-11
 2.88738123e-03 4.19626121e-04 2.36541359e-11 3.41010105e-03
 2.43788637e-03 3.80368870e-12 4.70848151e-03 8.64644339e-04
 1.52123699e-10 6.06121045e-03 3.79991188e-03 5.65036400e-03
 6.30183959e-03 1.71744187e-10 3.31786126e-03 3.93249035e-03
 3.25577052e-03 4.31408574e-03 1.60492519e-10 2.55273266e-03
 4.00543796e-03 4.19512411e-03 2.38712703e-03 1.55480092e-10
 5.18114705e-03 5.09690355e-03 3.25987859e-03 5.39408840e-03
 1.64080357e-10 4.34681295e-03 3.22800847e-03 3.61897202e-03
 2.27643257e-03]

 