Iteration 0:
############################
Gradient = 
[-2.00036653e-03 -1.85764485e-04 -3.18851954e-03 -7.16054026e-03
 -3.59879413e-02 -1.76667596e-02  3.08187802e-01  1.49246280e-01
  1.43527113e-01  2.89912161e-01  1.43184386e-01  1.40053713e-01
  2.97927481e-01  1.48336083e-01  1.46043928e-01  2.77628110e-01
  1.33605432e-01  1.34724944e-01  2.97229397e-01  1.49023619e-01
  1.40179836e-01]

Gradient approximate =
[-2.00036651e-03  2.00044405e-04 -3.59967461e-03 -7.16054025e-03
 -3.59987719e-02 -1.69552451e-02  3.08187802e-01  1.48948901e-01
  1.44506726e-01  2.89912161e-01  1.43116270e-01  1.39445466e-01
  2.97927481e-01  1.48102102e-01  1.45713481e-01  2.77628110e-01
  1.33615201e-01  1.34658659e-01  2.97229397e-01  1.49890426e-01
  1.41113628e-01]

Diff = 
[2.34938184e-11 3.85808890e-04 4.11155073e-04 7.37343606e-12
 1.08305865e-05 7.11514556e-04 1.99576466e-11 2.97378451e-04
 9.79612965e-04 7.50599582e-12 6.81157135e-05 6.08246106e-04
 1.54585234e-11 2.33980811e-04 3.30446961e-04 2.48743248e-11
 9.76930832e-06 6.62843144e-05 6.50274279e-12 8.66807082e-04
 9.33792619e-04]

 Iteration 100:
############################
Gradient = 
[-0.03166167 -0.11311486 -0.03874055 -0.03446612 -0.13912438 -0.04980186
  0.20445692  0.1224767   0.12916162  0.19636372  0.10999419  0.114011
  0.20140381  0.10884014  0.11160097  0.18687136  0.10584385  0.11563274
  0.19646746  0.1089729   0.10632795]

Gradient approximate =
[-0.03166167 -0.11342113 -0.03940093 -0.03446612 -0.14013978 -0.04946798
  0.20445692  0.12349922  0.1314759   0.19636372  0.1111661   0.11465489
  0.20140381  0.10987175  0.11254539  0.18687136  0.10702096  0.11679652
  0.19646746  0.11111033  0.10848203]

Diff = 
[3.76401688e-11 3.06261904e-04 6.60385222e-04 2.54999077e-11
 1.01539389e-03 3.33879944e-04 7.52865270e-11 1.02252139e-03
 2.31428544e-03 7.82805210e-11 1.17191102e-03 6.43887218e-04
 7.89070198e-11 1.03160466e-03 9.44418874e-04 9.09449738e-11
 1.17710497e-03 1.16377902e-03 7.10036752e-11 2.13742481e-03
 2.15407392e-03]

 Iteration 200:
############################
Gradient = 
[-0.02950765 -0.10051914 -0.03438743 -0.02851527 -0.1094953  -0.03978575
  0.12038256  0.10002208  0.10648321  0.12355305  0.07919602  0.0822198
  0.12825288  0.07244565  0.07448687  0.11481797  0.08096669  0.08924516
  0.12004004  0.07122539  0.06899737]

Gradient approximate =
[-0.02950765 -0.10195069 -0.03543157 -0.02851527 -0.11180633 -0.03991649
  0.12038256  0.10216306  0.10998871  0.12355305  0.08131534  0.0838499
  0.12825288  0.07438042  0.07636016  0.11481798  0.08308189  0.09144239
  0.12004004  0.07426047  0.07202685]

Diff = 
[3.74346734e-12 1.43155116e-03 1.04414135e-03 7.05741021e-13
 2.31103276e-03 1.30739448e-04 1.38580605e-10 2.14098583e-03
 3.50550482e-03 1.32470201e-10 2.11932039e-03 1.63009804e-03
 1.07343134e-10 1.93476664e-03 1.87329272e-03 1.44678436e-10
 2.11519658e-03 2.19723343e-03 1.28409408e-10 3.03508384e-03
 3.02947134e-03]

 Iteration 300:
############################
Gradient = 
[-0.01969268 -0.06212508 -0.02173769 -0.01699467 -0.06430418 -0.0246394
  0.06584296  0.0722278   0.07563439  0.07676874  0.04968697  0.05083099
  0.08230298  0.04246219  0.04351492  0.06813015  0.05383358  0.0589866
  0.07451575  0.04087652  0.03852532]

Gradient approximate =
[-0.01969268 -0.06436024 -0.02305931 -0.01699467 -0.06746719 -0.0250866
  0.06584296  0.07522376  0.08004316  0.07676874  0.05244188  0.05311654
  0.08230298  0.04496066  0.04596682  0.06813015  0.05661601  0.0619168
  0.07451575  0.04446035  0.04208051]

Diff = 
[5.82441040e-12 2.23515627e-03 1.32162464e-03 7.56353313e-12
 3.16300917e-03 4.47204997e-04 1.46285914e-10 2.99595860e-03
 4.40877086e-03 1.45400803e-10 2.75491052e-03 2.28554210e-03
 1.48067322e-10 2.49847613e-03 2.45189626e-03 1.40777556e-10
 2.78243110e-03 2.93020130e-03 1.43026188e-10 3.58383350e-03
 3.55518933e-03]

 Iteration 400:
############################
Gradient = 
[-0.01239939 -0.03662014 -0.01325139 -0.00916998 -0.0370384  -0.01535328
  0.03375497  0.05094737  0.05263937  0.0494518   0.0293291   0.02959815
  0.05563552  0.02294949  0.02352416  0.04075158  0.03407097  0.03753384
  0.04924982  0.02182443  0.01955527]

Gradient approximate =
[-0.01239939 -0.03933634 -0.01474375 -0.00916998 -0.04069367 -0.01599547
  0.03375497  0.05455015  0.0576794   0.0494518   0.03247036  0.03227651
  0.05563552  0.02576646  0.02630239  0.04075158  0.03728468  0.04093727
  0.04924982  0.02571291  0.02339207]

Diff = 
[1.90983028e-11 2.71620630e-03 1.49235131e-03 6.45924460e-12
 3.65527468e-03 6.42192167e-04 1.59811754e-10 3.60278253e-03
 5.04003413e-03 1.56393599e-10 3.14125873e-03 2.67836007e-03
 1.66283882e-10 2.81697184e-03 2.77822095e-03 1.62847937e-10
 3.21371258e-03 3.40343575e-03 1.51805672e-10 3.88848032e-03
 3.83679952e-03]

 Iteration 500:
############################
Gradient = 
[-0.00771131 -0.02179933 -0.00829035 -0.00426882 -0.02161464 -0.01004381
  0.01472832  0.03679139  0.03764172  0.03345534  0.01655672  0.01643354
  0.04000149  0.01094384  0.01127021  0.02467418  0.02134841  0.02395117
  0.034912    0.01046527  0.00829471]

Gradient approximate =
[-0.00771131 -0.02480003 -0.00988783 -0.00426882 -0.02555519 -0.01081013
  0.01472832  0.04082602  0.0431258   0.03345534  0.01992167  0.01933609
  0.04000149  0.01392505  0.01421704  0.02467418  0.02483342  0.02765565
  0.034912    0.01450997  0.01226566]

Diff = 
[2.52129680e-11 3.00070167e-03 1.59747141e-03 3.05136966e-11
 3.94055369e-03 7.66315352e-04 1.67449115e-10 4.03463502e-03
 5.48407696e-03 1.67236558e-10 3.36494823e-03 2.90255183e-03
 1.68821526e-10 2.98120314e-03 2.94682808e-03 1.59184832e-10
 3.48501067e-03 3.70447487e-03 1.64425203e-10 4.04469925e-03
 3.97095952e-03]

 Iteration 600:
############################
Gradient = 
[-0.00467237 -0.01312934 -0.00538545 -0.00110769 -0.01261938 -0.00692502
  0.00313978  0.02763369  0.02806909  0.02388377  0.00867033  0.00835319
  0.03061371  0.00358291  0.00375632  0.01503615  0.01336874  0.01550619
  0.02653044  0.00369191  0.00159127]

Gradient approximate =
[-0.00467237 -0.01630037 -0.00704979 -0.00110769 -0.01672672 -0.00777453
  0.00313978  0.03198576  0.03387676  0.02388377  0.01215795  0.01137612
  0.03061371  0.00663374  0.00677522  0.01503615  0.01702365  0.01940393
  0.02653044  0.00780446  0.00560887]

Diff = 
[6.48418298e-12 3.17102744e-03 1.66434431e-03 3.38011737e-13
 4.10733312e-03 8.49507878e-04 1.61797957e-10 4.35206561e-03
 5.80767770e-03 1.61744531e-10 3.48761569e-03 3.02293624e-03
 1.61357826e-10 3.05083322e-03 3.01890031e-03 1.59574257e-10
 3.65490991e-03 3.89773986e-03 1.59907282e-10 4.11254975e-03
 4.01759861e-03]

 Iteration 700:
############################
Gradient = 
[-0.0026284  -0.00794954 -0.00365535  0.00102905 -0.00719603 -0.00503177
 -0.00408124  0.02170957  0.0219467   0.01804614  0.0037925   0.00336972
  0.02486167 -0.00095672 -0.0008939   0.00915403  0.00837482  0.01024648
  0.02152032 -0.0003751  -0.00243447]

Gradient approximate =
[-0.0026284  -0.01122345 -0.00536399  0.00102905 -0.01139994 -0.00594006
 -0.00408124  0.02630512  0.02800109  0.01804614  0.0073404   0.00644921
  0.02486167  0.00210559  0.00213764  0.00915403  0.01213615  0.01427046
  0.02152032  0.00375244  0.00157746]

Diff = 
[9.91885480e-12 3.27391574e-03 1.70864692e-03 1.25284323e-11
 4.20391323e-03 9.08288108e-04 1.39213406e-10 4.59554921e-03
 6.05438672e-03 1.56664074e-10 3.54789101e-03 3.07948931e-03
 1.57175037e-10 3.06231568e-03 3.03153969e-03 1.53895126e-10
 3.76132752e-03 4.02398358e-03 1.68346545e-10 4.12754011e-03
 4.01192678e-03]

 Iteration 800:
############################
Gradient = 
[-0.0011909  -0.00480975 -0.00261383  0.00254877 -0.00384788 -0.00385191
 -0.00865171  0.01785441  0.01801045  0.01443513  0.00076324  0.00027822
  0.02128388 -0.00377098 -0.00379899  0.00552039  0.00524122  0.00695607
  0.01847816 -0.00282828 -0.00486818]

Gradient approximate =
[-0.0011909  -0.00814597 -0.00435326  0.00254877 -0.00810555 -0.00480397
 -0.00865171  0.02264548  0.02426225  0.01443513  0.00433274  0.00337478
  0.02128388 -0.00073314 -0.00079175  0.00552039  0.0090692   0.01106447
  0.01847816  0.00128243 -0.00089345]

Diff = 
[1.63786925e-11 3.33621791e-03 1.73943128e-03 1.05136941e-11
 4.25767540e-03 9.52061726e-04 1.53111612e-10 4.79107322e-03
 6.25179807e-03 1.57021254e-10 3.56950361e-03 3.09656660e-03
 1.60845705e-10 3.03784576e-03 3.00723650e-03 1.66211513e-10
 3.82797298e-03 4.10839985e-03 1.52559521e-10 4.11071583e-03
 3.97473755e-03]

 Iteration 900:
############################
Gradient = 
[-0.00012955 -0.0028978  -0.00198682  0.00368832 -0.00175242 -0.00310214
 -0.01157159  0.0153297   0.0154711   0.01217813 -0.0011235  -0.00164763
  0.01903298 -0.00551988 -0.00562947  0.00325969  0.00326952  0.00489094
  0.01660904 -0.00430909 -0.00634509]

Gradient approximate =
[-0.00012955 -0.00627165 -0.00374889  0.00368832 -0.00603723 -0.00408853
 -0.01157159  0.020285    0.02188856  0.01217813  0.00244357  0.00144148
  0.01903298 -0.00252882 -0.00266971  0.00325969  0.00713915  0.00905754
  0.01660904 -0.0002344  -0.00242663]

Diff = 
[3.41941685e-12 3.37384609e-03 1.76206963e-03 1.50622353e-11
 4.28481707e-03 9.86394965e-04 1.63581367e-10 4.95529472e-03
 6.41745781e-03 1.52242718e-10 3.56707046e-03 3.08910448e-03
 1.60651294e-10 2.99105744e-03 2.95976316e-03 1.53332617e-10
 3.86962933e-03 4.16660678e-03 1.54165382e-10 4.07468861e-03
 3.91845784e-03]

 