Iteration 0:
############################
Gradient = 
[ 2.04035892e-04  1.30827626e-03 -7.23050647e-04 -4.76234274e-06
 -2.16145945e-04 -6.47705035e-04 -2.86023250e-04 -9.58735195e-04
  8.58531008e-04  2.26578377e-04  4.46686077e-04 -2.43394037e-04
 -1.77497943e-03 -2.03914032e-03 -2.66487887e-04 -4.73045855e-04
  1.54114505e-04 -1.22747397e-02 -6.75930269e-03 -6.03301680e-03
 -5.16190286e-03 -6.96109795e-03  2.99983437e-01  1.53238122e-01
  1.49812655e-01  2.88826240e-01  1.47869788e-01  1.44563379e-01
  3.18523903e-01  1.64365316e-01  1.57961592e-01  2.94295815e-01
  1.52215153e-01  1.45733921e-01  3.02876612e-01  1.57030157e-01
  1.51194151e-01]

Gradient approximate =
[ 4.86911800e-05  2.47611265e-06  9.95173388e-05  2.34359621e-05
  1.40879266e-04 -2.94366886e-05 -1.21175014e-04 -3.02548204e-04
 -9.13044040e-05  1.63267291e-04  2.97178959e-01  1.52812833e-01
  1.50376207e-01  2.90669685e-01  1.50221888e-01  1.45648385e-01
  3.11349353e-01  1.53412262e-01  1.51727344e-01  2.96869471e-01
  1.51224048e-01  1.46806450e-01  2.99983437e-01  1.54601108e-01
  1.49891330e-01  0.00000000e+00  0.00000000e+00  0.00000000e+00
  0.00000000e+00  0.00000000e+00  0.00000000e+00  0.00000000e+00
  0.00000000e+00  0.00000000e+00  0.00000000e+00  0.00000000e+00
  0.00000000e+00]

Diff = 
[1.55344712e-04 1.30580015e-03 8.22567985e-04 2.81983048e-05
 3.57025211e-04 6.18268346e-04 1.64848236e-04 6.56186991e-04
 9.49835412e-04 6.33110859e-05 2.96732273e-01 1.53056228e-01
 1.52151187e-01 2.92708825e-01 1.50488376e-01 1.46121431e-01
 3.11195239e-01 1.65687002e-01 1.58486647e-01 3.02902488e-01
 1.56385951e-01 1.53767548e-01 1.43890455e-12 1.36298578e-03
 7.86743297e-05 2.88826240e-01 1.47869788e-01 1.44563379e-01
 3.18523903e-01 1.64365316e-01 1.57961592e-01 2.94295815e-01
 1.52215153e-01 1.45733921e-01 3.02876612e-01 1.57030157e-01
 1.51194151e-01]

 Iteration 100:
############################
Gradient = 
[ 1.80946103e-04  4.00439246e-04 -6.27005594e-04 -1.82533592e-05
  3.51803177e-06 -6.90644684e-04 -2.94022469e-04 -2.91694295e-04
  7.57926155e-04  2.09383572e-04  5.00808201e-04 -2.92784052e-04
 -1.60155146e-03 -1.74256139e-03 -1.83349055e-04 -3.16548114e-04
  1.26553090e-04 -1.21847251e-02 -6.53931817e-03 -5.92435854e-03
 -4.99905747e-03 -6.88671986e-03  2.96591804e-01  1.52493349e-01
  1.50385151e-01  2.89918902e-01  1.49940243e-01  1.46896828e-01
  3.12198273e-01  1.61296096e-01  1.56632287e-01  3.02464662e-01
  1.57203227e-01  1.51454920e-01  1.89180106e-01  9.39315830e-02
  9.29503149e-02]

Gradient approximate =
[-1.35279712e-04 -5.45572525e-04 -1.39335437e-04  6.90397917e-05
  2.73970717e-04  3.85771703e-05  4.09562650e-05  1.81646997e-04
  1.30887061e-04  1.50504098e-04  2.97172377e-01  1.52872218e-01
  1.57821557e-01  2.93790432e-01  1.53309081e-01  1.50411657e-01
  3.15911127e-01  1.59102443e-01  1.56426658e-01  3.01551253e-01
  1.55012129e-01  1.51734071e-01  2.96591804e-01  1.52905971e-01
  1.49686643e-01  0.00000000e+00  0.00000000e+00  0.00000000e+00
  0.00000000e+00  0.00000000e+00  0.00000000e+00  0.00000000e+00
  0.00000000e+00  0.00000000e+00  0.00000000e+00  0.00000000e+00
  0.00000000e+00]

Diff = 
[3.16225815e-04 9.46011771e-04 4.87670157e-04 8.72931509e-05
 2.70452685e-04 7.29221854e-04 3.34978734e-04 4.73341292e-04
 6.27039094e-04 5.88794735e-05 2.96671569e-01 1.53165002e-01
 1.59423108e-01 2.95532993e-01 1.53492430e-01 1.50728205e-01
 3.15784574e-01 1.71287168e-01 1.62965976e-01 3.07475612e-01
 1.60011186e-01 1.58620791e-01 7.26591010e-12 4.12622350e-04
 6.98507347e-04 2.89918902e-01 1.49940243e-01 1.46896828e-01
 3.12198273e-01 1.61296096e-01 1.56632287e-01 3.02464662e-01
 1.57203227e-01 1.51454920e-01 1.89180106e-01 9.39315830e-02
 9.29503149e-02]

 Iteration 200:
############################
Gradient = 
[ 6.18417397e-05 -3.60585557e-04 -6.58348548e-04  3.16357095e-06
  2.16600879e-04 -6.86221478e-04 -2.22741202e-04  3.76484604e-04
  7.23706645e-04  2.16786264e-04  5.04947474e-04 -2.68391155e-04
  2.47406769e-03  3.18068033e-04  1.80146287e-03  1.83679661e-03
  1.97736606e-03 -1.03639429e-02 -5.47922183e-03 -4.94155422e-03
 -3.96185010e-03 -5.96722182e-03  2.96562148e-01  1.52453534e-01
  1.52086141e-01  2.90087270e-01  1.49992017e-01  1.48655941e-01
  3.14240083e-01  1.62497187e-01  1.59581225e-01  3.05234966e-01
  1.58674442e-01  1.54725651e-01  8.81972801e-02  3.95919372e-02
  4.02281565e-02]

Gradient approximate =
[-1.72670815e-04 -6.73838561e-04 -1.61879334e-04  7.88640309e-05
  3.06381251e-04  5.35031730e-05  7.35638794e-05  2.97683604e-04
  1.62329048e-04  1.50046018e-04  2.97134080e-01  1.52836508e-01
  1.60890120e-01  2.94620457e-01  1.54039436e-01  1.52892299e-01
  3.18590335e-01  1.61030529e-01  1.59721435e-01  3.04764496e-01
  1.56884578e-01  1.55328856e-01  2.96562148e-01  1.52862851e-01
  1.51385858e-01  0.00000000e+00  0.00000000e+00  0.00000000e+00
  0.00000000e+00  0.00000000e+00  0.00000000e+00  0.00000000e+00
  0.00000000e+00  0.00000000e+00  0.00000000e+00  0.00000000e+00
  0.00000000e+00]

Diff = 
[2.34512555e-04 3.13253004e-04 4.96469214e-04 7.57004599e-05
 8.97803729e-05 7.39724651e-04 2.96305081e-04 7.88009993e-05
 5.61377597e-04 6.67402461e-05 2.96629133e-01 1.53104899e-01
 1.58416052e-01 2.94302389e-01 1.52237973e-01 1.51055502e-01
 3.16612969e-01 1.71394472e-01 1.65200657e-01 3.09706050e-01
 1.60846428e-01 1.61296078e-01 1.24206201e-12 4.09317116e-04
 7.00283632e-04 2.90087270e-01 1.49992017e-01 1.48655941e-01
 3.14240083e-01 1.62497187e-01 1.59581225e-01 3.05234966e-01
 1.58674442e-01 1.54725651e-01 8.81972801e-02 3.95919372e-02
 4.02281565e-02]

 Iteration 300:
############################
Gradient = 
[-1.84727219e-04 -1.60977303e-03 -8.40685217e-04  7.47428752e-05
  5.96491549e-04 -6.13688172e-04  3.49244870e-06  1.58399402e-03
  8.81711796e-04  2.15643215e-04  4.73746405e-04 -2.43429715e-04
  1.10546141e-02  4.50380229e-03  5.91417117e-03  6.32140782e-03
  5.86168394e-03 -4.03322578e-03 -2.28920414e-03 -1.80384862e-03
 -5.70663280e-04 -2.98976613e-03  2.95688572e-01  1.51012279e-01
  1.52597494e-01  2.88543239e-01  1.48175233e-01  1.48846824e-01
  3.14691236e-01  1.61791506e-01  1.61009166e-01  3.06866453e-01
  1.58521140e-01  1.56731299e-01  4.83526395e-03 -5.65313896e-03
 -4.59268937e-03]

Gradient approximate =
[-1.84502562e-04 -7.08042198e-04 -1.54929873e-04  7.22845295e-05
  2.77244232e-04  5.10109754e-05  5.38264788e-05  2.10563609e-04
  1.27702242e-04  1.58535611e-04  2.96292967e-01  1.51419321e-01
  1.62084384e-01  2.93370745e-01  1.52562939e-01  1.53435538e-01
  3.19312016e-01  1.59576970e-01  1.60794266e-01  3.06095540e-01
  1.56343328e-01  1.56977497e-01  2.95688572e-01  1.51426294e-01
  1.52001677e-01  0.00000000e+00  0.00000000e+00  0.00000000e+00
  0.00000000e+00  0.00000000e+00  0.00000000e+00  0.00000000e+00
  0.00000000e+00  0.00000000e+00  0.00000000e+00  0.00000000e+00
  0.00000000e+00]

Diff = 
[2.24656872e-07 9.01730834e-04 6.85755344e-04 2.45834573e-06
 3.19247317e-04 6.64699147e-04 5.03340301e-05 1.37343041e-03
 7.54009554e-04 5.71076037e-05 2.95819220e-01 1.51662750e-01
 1.51029770e-01 2.88866943e-01 1.46648768e-01 1.47114131e-01
 3.13450332e-01 1.63610196e-01 1.63083470e-01 3.07899388e-01
 1.56913991e-01 1.59967263e-01 1.12234111e-11 4.14015205e-04
 5.95817239e-04 2.88543239e-01 1.48175233e-01 1.48846824e-01
 3.14691236e-01 1.61791506e-01 1.61009166e-01 3.06866453e-01
 1.58521140e-01 1.56731299e-01 4.83526395e-03 5.65313896e-03
 4.59268937e-03]

 Iteration 400:
############################
Gradient = 
[-5.00969808e-04 -3.19633038e-03 -1.08503301e-03  1.29636837e-04
  8.05478987e-04 -5.31782344e-04  2.43508288e-04  2.68991635e-03
  1.08440941e-03  1.81346623e-04  2.45487529e-04 -2.25090464e-04
  2.11097630e-02  9.39545168e-03  1.06509151e-02  1.14587616e-02
  1.03529567e-02  3.89947987e-03  1.65577042e-03  2.04876258e-03
  3.56633882e-03  6.76740106e-04  2.93612872e-01  1.47586894e-01
  1.51255816e-01  2.84575331e-01  1.43737296e-01  1.46655742e-01
  3.12640180e-01  1.58239974e-01  1.59947457e-01  3.06613342e-01
  1.55901765e-01  1.56593973e-01 -5.81718896e-02 -3.96749449e-02
 -3.92525646e-02]

Gradient approximate =
[-1.58759148e-04 -6.04557930e-04 -1.05178879e-04  4.04505496e-05
  1.53761845e-04  2.22654317e-05 -4.23443192e-05 -1.72260586e-04
 -1.73857817e-06  1.76634249e-04  2.94296829e-01  1.48043068e-01
  1.60295654e-01  2.89095085e-01  1.47908123e-01  1.50992949e-01
  3.16938016e-01  1.53122342e-01  1.58339547e-01  3.04449925e-01
  1.52192379e-01  1.55488944e-01  2.93612872e-01  1.48015190e-01
  1.50916977e-01  0.00000000e+00  0.00000000e+00  0.00000000e+00
  0.00000000e+00  0.00000000e+00  0.00000000e+00  0.00000000e+00
  0.00000000e+00  0.00000000e+00  0.00000000e+00  0.00000000e+00
  0.00000000e+00]

Diff = 
[3.42210660e-04 2.59177245e-03 9.79854134e-04 8.91862872e-05
 6.51717141e-04 5.54047776e-04 2.85852608e-04 2.86217693e-03
 1.08614799e-03 4.71237367e-06 2.94051341e-01 1.48268159e-01
 1.39185891e-01 2.79699633e-01 1.37257207e-01 1.39534188e-01
 3.06585059e-01 1.49222863e-01 1.56683777e-01 3.02401163e-01
 1.48626040e-01 1.54812204e-01 6.10805850e-12 4.28296425e-04
 3.38838368e-04 2.84575331e-01 1.43737296e-01 1.46655742e-01
 3.12640180e-01 1.58239974e-01 1.59947457e-01 3.06613342e-01
 1.55901765e-01 1.56593973e-01 5.81718896e-02 3.96749449e-02
 3.92525646e-02]

 Iteration 500:
############################
Gradient = 
[-8.80725210e-04 -5.15907171e-03 -1.36674065e-03  9.35124209e-05
  4.91980980e-04 -5.11974045e-04  3.71941097e-04  3.13956699e-03
  1.20119533e-03  6.83825103e-05 -4.16257642e-04 -2.51347181e-04
  3.05661290e-02  1.40647557e-02  1.50085657e-02  1.61188453e-02
  1.45075295e-02  1.14382419e-02  5.44447459e-03  5.64495459e-03
  7.36029442e-03  4.11606023e-03  2.90418527e-01  1.42237239e-01
  1.48057707e-01  2.78203216e-01  1.36762631e-01  1.42074539e-01
  3.08009415e-01  1.51843464e-01  1.56307068e-01  3.04412016e-01
  1.50790080e-01  1.54214237e-01 -1.02783931e-01 -6.29978817e-02
 -6.40118633e-02]

Gradient approximate =
[-7.82207898e-05 -2.98978624e-04  8.00185695e-06  1.79176673e-06
  5.48246781e-06 -1.03802167e-05 -1.93051535e-04 -7.68133990e-04
 -1.99417838e-04  2.19648293e-04  2.91286711e-01  1.42785764e-01
  1.55502274e-01  2.81792033e-01  1.40154221e-01  1.45558887e-01
  3.11383008e-01  1.41678406e-01  1.52237633e-01  2.99769137e-01
  1.44434031e-01  1.50766411e-01  2.90418527e-01  1.42688711e-01
  1.48132710e-01  0.00000000e+00  0.00000000e+00  0.00000000e+00
  0.00000000e+00  0.00000000e+00  0.00000000e+00  0.00000000e+00
  0.00000000e+00  0.00000000e+00  0.00000000e+00  0.00000000e+00
  0.00000000e+00]

Diff = 
[8.02504420e-04 4.86009308e-03 1.37474251e-03 9.17206542e-05
 4.86498512e-04 5.01593829e-04 5.64992632e-04 3.90770098e-03
 1.40061317e-03 1.51265783e-04 2.91702969e-01 1.43037111e-01
 1.24936145e-01 2.67727278e-01 1.25145656e-01 1.29440042e-01
 2.96875479e-01 1.30240164e-01 1.46793158e-01 2.94124182e-01
 1.37073737e-01 1.46650351e-01 1.57334701e-11 4.51471926e-04
 7.50024811e-05 2.78203216e-01 1.36762631e-01 1.42074539e-01
 3.08009415e-01 1.51843464e-01 1.56307068e-01 3.04412016e-01
 1.50790080e-01 1.54214237e-01 1.02783931e-01 6.29978817e-02
 6.40118633e-02]

 Iteration 600:
############################
Gradient = 
[-1.32688078e-03 -7.54264848e-03 -1.67944618e-03 -7.02252347e-05
 -5.17147627e-04 -5.88812385e-04  3.30327502e-04  2.67757459e-03
  1.17333817e-03 -1.47991477e-04 -1.64209544e-03 -3.44154641e-04
  3.84344789e-02  1.81116065e-02  1.85568318e-02  1.98170190e-02
  1.79215076e-02  1.76482060e-02  8.67767808e-03  8.56282197e-03
  1.03432704e-02  6.93063084e-03  2.86481848e-01  1.35397314e-01
  1.43395488e-01  2.69864852e-01  1.27812127e-01  1.35565144e-01
  3.01224423e-01  1.43163227e-01  1.50534854e-01  3.00600170e-01
  1.43638139e-01  1.49959667e-01 -1.33153651e-01 -7.77031567e-02
 -8.06919705e-02]

Gradient approximate =
[ 8.26484858e-05  3.04739649e-04  2.15332800e-04 -5.24157162e-06
 -2.32093678e-05 -1.91397342e-06 -3.46053415e-04 -1.37913144e-03
 -4.02755498e-04  3.16252811e-04  2.87744568e-01  1.36112356e-01
  1.48352636e-01  2.72010837e-01  1.29990299e-01  1.37745388e-01
  3.03199672e-01  1.26221486e-01  1.43071581e-01  2.92590193e-01
  1.33758686e-01  1.43352658e-01  2.86481848e-01  1.35884322e-01
  1.44023871e-01  0.00000000e+00  0.00000000e+00  0.00000000e+00
  0.00000000e+00  0.00000000e+00  0.00000000e+00  0.00000000e+00
  0.00000000e+00  0.00000000e+00  0.00000000e+00  0.00000000e+00
  0.00000000e+00]

Diff = 
[1.40952927e-03 7.84738813e-03 1.89477898e-03 6.49836631e-05
 4.93938259e-04 5.86898412e-04 6.76380917e-04 4.05670603e-03
 1.57609367e-03 4.64244287e-04 2.89386663e-01 1.36456511e-01
 1.09918158e-01 2.53899230e-01 1.11433467e-01 1.17928369e-01
 2.85278164e-01 1.08573280e-01 1.34393903e-01 2.84027371e-01
 1.23415416e-01 1.36422027e-01 9.92367299e-12 4.87008279e-04
 6.28383630e-04 2.69864852e-01 1.27812127e-01 1.35565144e-01
 3.01224423e-01 1.43163227e-01 1.50534854e-01 3.00600170e-01
 1.43638139e-01 1.49959667e-01 1.33153651e-01 7.77031567e-02
 8.06919705e-02]

 Iteration 700:
############################
Gradient = 
[-1.83050651e-03 -1.03141944e-02 -2.01089061e-03 -3.57421926e-04
 -2.20627648e-03 -7.56134337e-04  1.21976380e-04  1.32449244e-03
  1.00709563e-03 -4.63837822e-04 -3.42484255e-03 -4.98973489e-04
  4.44675358e-02  2.14841055e-02  2.12568971e-02  2.25154963e-02
  2.05560658e-02  2.23267162e-02  1.12985348e-02  1.07576516e-02
  1.24766193e-02  9.07585281e-03  2.82283928e-01  1.27597235e-01
  1.37778532e-01  2.60122998e-01  1.17576316e-01  1.27727426e-01
  2.92886111e-01  1.32938869e-01  1.43256355e-01  2.95641965e-01
  1.35040318e-01  1.44344664e-01 -1.53478392e-01 -8.61383260e-02
 -9.14464051e-02]

Gradient approximate =
[ 3.49057396e-04  1.30097438e-03  5.47044194e-04  5.95946403e-05
  2.18240424e-04  9.42228295e-05 -4.45670874e-04 -1.79427987e-03
 -5.45185654e-04  4.96084094e-04  2.84259711e-01  1.28583819e-01
  1.39716132e-01  2.60472270e-01  1.18277513e-01  1.28346278e-01
  2.93159975e-01  1.08031487e-01  1.31640511e-01  2.83615018e-01
  1.21036042e-01  1.33971741e-01  2.82283928e-01  1.28146331e-01
  1.39079610e-01  0.00000000e+00  0.00000000e+00  0.00000000e+00
  0.00000000e+00  0.00000000e+00  0.00000000e+00  0.00000000e+00
  0.00000000e+00  0.00000000e+00  0.00000000e+00  0.00000000e+00
  0.00000000e+00]

Diff = 
[2.17956390e-03 1.16151688e-02 2.55793481e-03 4.17016567e-04
 2.42451691e-03 8.50357167e-04 5.67647253e-04 3.11877231e-03
 1.55228128e-03 9.59921916e-04 2.87684554e-01 1.29082793e-01
 9.52485960e-02 2.38988165e-01 9.70206156e-02 1.05830782e-01
 2.72603909e-01 8.57047712e-02 1.20341976e-01 2.72857367e-01
 1.08559422e-01 1.24895888e-01 1.20676802e-11 5.49095673e-04
 1.30107801e-03 2.60122998e-01 1.17576316e-01 1.27727426e-01
 2.92886111e-01 1.32938869e-01 1.43256355e-01 2.95641965e-01
 1.35040318e-01 1.44344664e-01 1.53478392e-01 8.61383260e-02
 9.14464051e-02]

 Iteration 800:
############################
Gradient = 
[-2.36904946e-03 -1.33595478e-02 -2.34008891e-03 -7.41099039e-04
 -4.44862552e-03 -9.86391489e-04 -2.17114594e-04 -7.46573691e-04
  7.40990950e-04 -8.57916584e-04 -5.66944568e-03 -6.96033305e-04
  4.87731453e-02  2.42790831e-02  2.32470924e-02  2.43805984e-02
  2.25368760e-02  2.56192804e-02  1.34013175e-02  1.23551044e-02
  1.39152464e-02  1.06663954e-02  2.78283583e-01  1.19295765e-01
  1.31661581e-01  2.49494552e-01  1.06674370e-01  1.19103378e-01
  2.83570408e-01  1.21856635e-01  1.35055969e-01  2.89964774e-01
  1.25534887e-01  1.37837145e-01 -1.67066613e-01 -9.02458869e-02
 -9.80893515e-02]

Gradient approximate =
[ 7.37556414e-04  2.75027650e-03  1.02291817e-03  2.25532133e-04
  8.38704655e-04  3.11517900e-04 -4.50734177e-04 -1.85756572e-03
 -5.77296451e-04  7.80112968e-04  2.81366510e-01  1.20679626e-01
  1.30397906e-01  2.47844993e-01  1.05790807e-01  1.18076031e-01
  2.81997746e-01  8.82927683e-02  1.18668974e-01  2.73459293e-01
  1.07019322e-01  1.23257786e-01  2.78283583e-01  1.19959939e-01
  1.33741835e-01  0.00000000e+00  0.00000000e+00  0.00000000e+00
  0.00000000e+00  0.00000000e+00  0.00000000e+00  0.00000000e+00
  0.00000000e+00  0.00000000e+00  0.00000000e+00  0.00000000e+00
  0.00000000e+00]

Diff = 
[3.10660588e-03 1.61098243e-02 3.36300708e-03 9.66631172e-04
 5.28733017e-03 1.29790939e-03 2.33619583e-04 1.11099203e-03
 1.31828740e-03 1.63802955e-03 2.87035956e-01 1.21375660e-01
 8.16247612e-02 2.23565910e-01 8.25437142e-02 9.36954328e-02
 2.59460870e-01 6.26734879e-02 1.05267657e-01 2.61104188e-01
 9.31040755e-02 1.12591391e-01 8.48193737e-12 6.64174313e-04
 2.08025412e-03 2.49494552e-01 1.06674370e-01 1.19103378e-01
 2.83570408e-01 1.21856635e-01 1.35055969e-01 2.89964774e-01
 1.25534887e-01 1.37837145e-01 1.67066613e-01 9.02458869e-02
 9.80893515e-02]

 Iteration 900:
############################
Gradient = 
[-0.00290913 -0.01649691 -0.00264023 -0.00118694 -0.00707345 -0.00124722
 -0.00064185 -0.0033116   0.00042009 -0.00130276 -0.00824134 -0.00091176
  0.0515659   0.02660911  0.02470038  0.02561999  0.02402193  0.02777219
  0.01510734  0.01351671  0.01485355  0.01185119  0.27486214  0.11082457
  0.12538166  0.23839268  0.0955888   0.11011127  0.27374942  0.11046397
  0.12639448  0.28390059  0.11553837  0.13079058 -0.17623536 -0.09142319
 -0.10193305]

Gradient approximate =
[ 0.00125198  0.00466292  0.00164734  0.00050699  0.00189151  0.00066627
 -0.00033968 -0.00148703 -0.00047271  0.00117751  0.27947789  0.11273894
  0.12102474  0.23466889  0.09313324  0.10748157  0.27030907  0.0679466
  0.104709    0.2625705   0.09225515  0.11166585  0.27486214  0.11169111
  0.12834424  0.          0.          0.          0.          0.
  0.          0.          0.          0.          0.          0.
  0.        ]

Diff = 
[4.16111180e-03 2.11598309e-02 4.28757276e-03 1.69393576e-03
 8.96495995e-03 1.91348181e-03 3.02169876e-04 1.82456987e-03
 8.92796341e-04 2.48027210e-03 2.87719232e-01 1.13650701e-01
 6.94588426e-02 2.08059783e-01 6.84328608e-02 8.18615729e-02
 2.46287142e-01 4.01744024e-02 8.96016567e-02 2.49053789e-01
 7.74015979e-02 9.98146578e-02 3.23054361e-11 8.66537519e-04
 2.96258752e-03 2.38392682e-01 9.55888038e-02 1.10111272e-01
 2.73749418e-01 1.10463970e-01 1.26394476e-01 2.83900593e-01
 1.15538372e-01 1.30790576e-01 1.76235365e-01 9.14231890e-02
 1.01933046e-01]

 