Iteration 0:
############################
Gradient = 
[-0.0186853  -0.07407168 -0.02015539  0.00202457  0.01735789  0.00550987
 -0.00907074 -0.00901258 -0.00388095  0.02381514  0.09622818  0.0294383
  0.00495751  0.02127809  0.00339609  0.00181866  0.00615595 -0.00206285
  0.34065672  0.13206029  0.20268257  0.17774714  0.17385394  0.13850413
  0.21633747  0.28439584  0.11773411  0.16012422  0.14191715  0.14336764
  0.12500895  0.17198452  0.29376427  0.12437275  0.16344096  0.14445484
  0.1468657   0.13579692  0.17018899  0.33201226  0.12896146  0.19648397
  0.16711917  0.16795481  0.14040568  0.20605248  0.27871412  0.12277931
  0.15213821  0.14050389  0.13833618  0.12671734  0.16110693]

Gradient approximate =
[-0.0186853  -0.0718666  -0.02213982  0.00202457  0.01532627  0.00747685
 -0.00907074 -0.00897925 -0.00545136  0.02381514  0.09580622  0.0296422
  0.00495751  0.02325859  0.00321245  0.00181866  0.00408222 -0.002338
  0.34065672  0.13328527  0.20132587  0.17581352  0.171873    0.13802315
  0.21734343  0.28439584  0.11875648  0.16139658  0.14372173  0.14166606
  0.12526997  0.17021433  0.29376427  0.12572733  0.16406839  0.14610506
  0.14544392  0.13460813  0.16989139  0.33201226  0.13007361  0.19646385
  0.16673903  0.1669471   0.13944625  0.20538152  0.27871412  0.12370593
  0.1511906   0.14265342  0.13754489  0.1277921   0.16219165]

Diff = 
[3.13280513e-11 2.20508114e-03 1.98442873e-03 2.99513717e-11
 2.03162106e-03 1.96698004e-03 2.16122207e-11 3.33366747e-05
 1.57040617e-03 1.93180645e-11 4.21958442e-04 2.03895380e-04
 5.32381483e-11 1.98049208e-03 1.83637378e-04 1.42561746e-11
 2.07372838e-03 2.75151096e-04 3.97022970e-11 1.22498351e-03
 1.35670244e-03 1.93361834e-03 1.98094418e-03 4.80979832e-04
 1.00596366e-03 2.47499243e-11 1.02236882e-03 1.27235998e-03
 1.80457693e-03 1.70157793e-03 2.61019822e-04 1.77019173e-03
 1.64987468e-11 1.35457717e-03 6.27438782e-04 1.65021886e-03
 1.42177523e-03 1.18878783e-03 2.97595662e-04 3.00700020e-11
 1.11214939e-03 2.01225137e-05 3.80135696e-04 1.00771119e-03
 9.59422869e-04 6.70956172e-04 3.43601814e-11 9.26621865e-04
 9.47615442e-04 2.14952292e-03 7.91282976e-04 1.07475533e-03
 1.08472191e-03]

 Iteration 100:
############################
Gradient = 
[-0.02902742 -0.11290545 -0.03201864 -0.02240045 -0.07893055 -0.02413952
 -0.02679603 -0.079503   -0.02528211 -0.00892177 -0.03312318 -0.01031591
 -0.01641637 -0.06006983 -0.02172032 -0.02218662 -0.08753087 -0.03032689
  0.16834171  0.09238496  0.11638766  0.10745973  0.08165709  0.07289933
  0.12638028  0.14373275  0.072281    0.08379215  0.07704745  0.06936897
  0.0668413   0.09174101  0.14930465  0.07014442  0.0818435   0.07361914
  0.07164198  0.07338835  0.08474694  0.16603258  0.08273668  0.10940637
  0.09477042  0.07993462  0.07418476  0.11475998  0.14119343  0.07337999
  0.07586161  0.07411473  0.06654216  0.06828634  0.08083937]

Gradient approximate =
[-0.02902742 -0.11310456 -0.03468405 -0.02240045 -0.08214213 -0.02253237
 -0.02679603 -0.08087213 -0.02730686 -0.00892177 -0.03330159 -0.01004144
 -0.01641637 -0.05887601 -0.02221854 -0.02218662 -0.09103369 -0.03112596
  0.16834171  0.09609284  0.1184836   0.10863252  0.08235854  0.07468125
  0.13111199  0.14373275  0.07541139  0.08771051  0.0812418   0.06992655
  0.06917819  0.09284218  0.14930465  0.07366066  0.0851368   0.07765238
  0.072555    0.07447559  0.08722308  0.16603258  0.08619363  0.11270581
  0.09724568  0.08154581  0.07553674  0.11758193  0.14119343  0.07649009
  0.07738942  0.07861318  0.06793645  0.07148095  0.08455855]

Diff = 
[1.80555848e-11 1.99110335e-04 2.66541210e-03 2.15856950e-11
 3.21157573e-03 1.60714991e-03 3.10590859e-11 1.36912639e-03
 2.02475242e-03 1.69324277e-11 1.78412455e-04 2.74472585e-04
 5.30812200e-12 1.19381744e-03 4.98220486e-04 2.08101487e-11
 3.50282259e-03 7.99071942e-04 1.11886528e-10 3.70788098e-03
 2.09593586e-03 1.17279293e-03 7.01442202e-04 1.78191462e-03
 4.73170822e-03 1.17077487e-10 3.13038407e-03 3.91836268e-03
 4.19435251e-03 5.57579254e-04 2.33688451e-03 1.10116412e-03
 1.10155107e-10 3.51623783e-03 3.29329258e-03 4.03324067e-03
 9.13014645e-04 1.08723946e-03 2.47613694e-03 9.63125690e-11
 3.45695532e-03 3.29944587e-03 2.47525544e-03 1.61119655e-03
 1.35198231e-03 2.82195150e-03 1.19151439e-10 3.11009815e-03
 1.52780357e-03 4.49844648e-03 1.39428549e-03 3.19461063e-03
 3.71917899e-03]

 Iteration 200:
############################
Gradient = 
[-0.01726131 -0.06472079 -0.01719275 -0.01430326 -0.04751764 -0.01430359
 -0.01737954 -0.04365861 -0.01377267 -0.00882706 -0.03191434 -0.00969166
 -0.01222409 -0.04110523 -0.01563597 -0.01290242 -0.05161413 -0.0183783
  0.07109739  0.05649956  0.06405543  0.06113931  0.04049999  0.03698218
  0.06928749  0.06823188  0.03522009  0.03748031  0.03500549  0.03334086
  0.03282091  0.04197607  0.0741992   0.02856412  0.03324326  0.02892872
  0.03333434  0.03573758  0.03384467  0.07483294  0.04358729  0.0561927
  0.04749942  0.03882131  0.03659937  0.05716153  0.06853366  0.03363078
  0.03025307  0.03123576  0.03024749  0.03314173  0.03202565]

Gradient approximate =
[-0.01726131 -0.06692809 -0.02041477 -0.01430326 -0.05218528 -0.01313982
 -0.01737954 -0.04643599 -0.01624358 -0.00882706 -0.03289915 -0.00966529
 -0.01222409 -0.04109868 -0.01656937 -0.01290242 -0.05670497 -0.01973178
  0.07109739  0.06186555  0.06813094  0.06416875  0.04252335  0.03996461
  0.07616543  0.06823188  0.03953174  0.04271288  0.04041785  0.03500866
  0.03624283  0.04452677  0.0741992   0.0331516   0.03777338  0.03406506
  0.03538017  0.03801091  0.037593    0.07483294  0.04844048  0.06129999
  0.05153028  0.04171607  0.03915844  0.06185778  0.06853366  0.03791009
  0.03292164  0.03687248  0.03268506  0.03743893  0.03695706]

Diff = 
[7.13840792e-12 2.20729995e-03 3.22202554e-03 8.35915712e-12
 4.66764066e-03 1.16376902e-03 3.62937423e-11 2.77737825e-03
 2.47091002e-03 1.80556490e-11 9.84808747e-04 2.63700639e-05
 8.46559628e-12 6.55511835e-06 9.33394900e-04 8.47542522e-13
 5.09083765e-03 1.35347629e-03 1.64690289e-10 5.36598726e-03
 4.07550709e-03 3.02943278e-03 2.02336559e-03 2.98242698e-03
 6.87793327e-03 1.57304586e-10 4.31164699e-03 5.23257114e-03
 5.41235341e-03 1.66780314e-03 3.42192047e-03 2.55070004e-03
 1.35733716e-10 4.58747989e-03 4.53011397e-03 5.13633278e-03
 2.04582557e-03 2.27332052e-03 3.74833347e-03 1.40404799e-10
 4.85318978e-03 5.10729499e-03 4.03085893e-03 2.89476722e-03
 2.55907001e-03 4.69624927e-03 1.57017302e-10 4.27931252e-03
 2.66856143e-03 5.63672014e-03 2.43757000e-03 4.29719714e-03
 4.93141625e-03]

 Iteration 300:
############################
Gradient = 
[-0.00859906 -0.03177488 -0.00712833 -0.00716218 -0.02204288 -0.00615089
 -0.0098178  -0.01689797 -0.00521402 -0.00527521 -0.0175774  -0.00506894
 -0.00693934 -0.01896359 -0.00858202 -0.00542516 -0.02516979 -0.00959995
  0.02547168  0.03252347  0.0347367   0.03406918  0.01949152  0.01662714
  0.03762825  0.03487055  0.01405117  0.0139311   0.01312209  0.01548805
  0.0148403   0.01690116  0.04224024  0.00701952  0.0100354   0.00725201
  0.01469288  0.01650769  0.00984452  0.03359535  0.01979506  0.02793989
  0.02170201  0.01831914  0.0162315   0.02689122  0.03747603  0.01227703
  0.00825817  0.01006149  0.01262242  0.01514498  0.00871674]

Gradient approximate =
[-0.00859906 -0.03502095 -0.01060989 -0.00716218 -0.0274597  -0.00520707
 -0.0098178  -0.02032128 -0.00788732 -0.00527521 -0.0191098  -0.00520573
 -0.00693934 -0.01961136 -0.00978076 -0.00542516 -0.03108809 -0.0112562
  0.02547168  0.03886179  0.03988385  0.03813418  0.02216099  0.02018732
  0.04566523  0.03487055  0.01888826  0.0197075   0.01904412  0.01767888
  0.01877293  0.02007688  0.04224024  0.0119758   0.01501644  0.01276213
  0.01725079  0.01933999  0.01404688  0.03359535  0.02533057  0.03395316
  0.02647556  0.02182726  0.01935756  0.0324895   0.03747603  0.01704186
  0.01132624  0.01613033  0.01551564  0.01995846  0.01407041]

Diff = 
[2.50324692e-11 3.24607187e-03 3.48155881e-03 2.98636445e-11
 5.41682608e-03 9.43817866e-04 1.02465848e-11 3.42331129e-03
 2.67329864e-03 3.11704777e-11 1.53240753e-03 1.36795250e-04
 8.07441961e-12 6.47775493e-04 1.19874514e-03 7.77655110e-12
 5.91830101e-03 1.65625075e-03 1.52682166e-10 6.33832392e-03
 5.14714855e-03 4.06500529e-03 2.66947264e-03 3.56018305e-03
 8.03697770e-03 1.56881147e-10 4.83709437e-03 5.77640125e-03
 5.92203013e-03 2.19083089e-03 3.93262429e-03 3.17572012e-03
 1.54641612e-10 4.95628104e-03 4.98104562e-03 5.51011881e-03
 2.55790513e-03 2.83229694e-03 4.20236064e-03 1.50252220e-10
 5.53551080e-03 6.01327511e-03 4.77354875e-03 3.50811942e-03
 3.12606737e-03 5.59827640e-03 1.42240449e-10 4.76483366e-03
 3.06807429e-03 6.06884641e-03 2.89322913e-03 4.81347625e-03
 5.35367057e-03]

 Iteration 400:
############################
Gradient = 
[-0.00428786 -0.0169106  -0.00264625 -0.00342463 -0.01014142 -0.00221645
 -0.00594385 -0.00467409 -0.00129462 -0.00307774 -0.00898965 -0.00227824
 -0.00406695 -0.00700725 -0.00476057 -0.0015642  -0.01288181 -0.00543832
  0.00455169  0.01990686  0.02012868  0.02021341  0.00916156  0.00614717
  0.02205167  0.02078281  0.00420544  0.00345266  0.00336782  0.00736081
  0.00654834  0.00576426  0.02926709 -0.0023052   0.00026382 -0.00179746
  0.00646784  0.00801955 -0.00020919  0.01553773  0.00818229  0.01468267
  0.0094895   0.00870289  0.00635609  0.01278396  0.02490405  0.00281277
 -0.00100486  0.00116059  0.00488771  0.00725828 -0.00104303]

Gradient approximate =
[-0.00428786 -0.02067979 -0.00623048 -0.00342463 -0.01590144 -0.00136097
 -0.00594385 -0.0083208  -0.00403498 -0.00307774 -0.0108095  -0.00249413
 -0.00406695 -0.00793129 -0.00610402 -0.0015642  -0.01920883 -0.00725725
  0.00455169  0.02681719  0.0258721   0.02486975  0.01213909  0.00995015
  0.0307373   0.02078281  0.00923327  0.00940859  0.0094603   0.00979605
  0.0107088   0.00917772  0.02926709  0.00268989  0.00534518  0.00375953
  0.00925064  0.0111138   0.0040856   0.01553773  0.01401583  0.02115532
  0.01459603  0.01250072  0.00972237  0.01880745  0.02490405  0.0077327
  0.00213016  0.00734113  0.00796558  0.01231062  0.00438146]

Diff = 
[1.29292410e-12 3.76918759e-03 3.58422932e-03 1.36176409e-11
 5.76002256e-03 8.55484177e-04 1.03544751e-11 3.64671582e-03
 2.74036354e-03 7.67765842e-12 1.81984396e-03 2.15892689e-04
 3.49894610e-11 9.24036832e-04 1.34344451e-03 1.88711171e-11
 6.32701778e-03 1.81892922e-03 1.56660781e-10 6.91032221e-03
 5.74342574e-03 4.65633529e-03 2.97752789e-03 3.80298021e-03
 8.68562449e-03 1.53245961e-10 5.02782560e-03 5.95593170e-03
 6.09248645e-03 2.43524026e-03 4.16046342e-03 3.41346343e-03
 1.63878085e-10 4.99509732e-03 5.08135899e-03 5.55699871e-03
 2.78279773e-03 3.09424940e-03 4.29478638e-03 1.51980336e-10
 5.83353605e-03 6.47265578e-03 5.10652568e-03 3.79782922e-03
 3.36627833e-03 6.02348544e-03 1.55695647e-10 4.91992682e-03
 3.13501784e-03 6.18053842e-03 3.07787437e-03 5.05233772e-03
 5.42449514e-03]

 Iteration 500:
############################
Gradient = 
[-0.00216481 -0.0106072  -0.00082225 -0.00151903 -0.00506876 -0.00044041
 -0.00402616  0.00030619  0.00029466 -0.00197824 -0.00479464 -0.00088614
 -0.0027128  -0.001138   -0.00289353  0.00042834 -0.00741594 -0.00352374
 -0.00539346  0.01356893  0.01286673  0.01310664  0.00407822  0.00078618
  0.01440083  0.01476552 -0.00016347 -0.00106854 -0.00079007  0.00374511
  0.00289303  0.00091898  0.02396084 -0.00615578 -0.00370983 -0.00534499
  0.00292873  0.00447244 -0.00429864  0.00741931  0.00279462  0.00853487
  0.00381114  0.00424278  0.00165015  0.00625235  0.01981397 -0.00122796
 -0.0047389  -0.0023431   0.00159906  0.00404376 -0.00496529]

Gradient approximate =
[-2.16480819e-03 -1.46747856e-02 -4.44233629e-03 -1.51903326e-03
 -1.09912404e-02  3.87785428e-04 -4.02615529e-03 -3.38120861e-03
 -2.45424598e-03 -1.97823682e-03 -6.76333595e-03 -1.13572711e-03
 -2.71280380e-03 -2.14617310e-03 -4.32032909e-03  4.28338933e-04
 -1.39624561e-02 -5.44042284e-03 -5.39346438e-03  2.08462732e-02
  1.89707928e-02  1.81279151e-02  7.19778964e-03  4.66077898e-03
  2.34851312e-02  1.47655234e-02  4.90345756e-03  4.90750711e-03
  5.32508116e-03  6.29957259e-03  7.15391219e-03  4.40030702e-03
  2.39608407e-02 -1.26125650e-03  1.32676290e-03  1.26186255e-04
  5.81153306e-03  7.70098669e-03 -6.06552253e-05  7.41930837e-03
  8.74380512e-03  1.52592541e-02  9.05909026e-03  8.17959450e-03
  5.10012478e-03  1.24802972e-02  1.98139712e-02  3.70381265e-03
 -1.67407443e-03  3.81838845e-03  4.74465380e-03  9.21736543e-03
  3.85736327e-04]

Diff = 
[1.83570316e-11 4.06758064e-03 3.62008209e-03 1.39809345e-11
 5.92248115e-03 8.28192994e-04 4.59719233e-11 3.68739403e-03
 2.74890471e-03 6.43458464e-12 1.96869681e-03 2.49590427e-04
 1.22929063e-11 1.00817516e-03 1.42680057e-03 2.62747446e-11
 6.54651494e-03 1.91668746e-03 1.66144700e-10 7.27734666e-03
 6.10406168e-03 5.02127491e-03 3.11956697e-03 3.87460088e-03
 9.08429725e-03 1.53566394e-10 5.06692925e-03 5.97604727e-03
 6.11514642e-03 2.55446279e-03 4.26088366e-03 3.48132280e-03
 1.64258905e-10 4.89452752e-03 5.03659332e-03 5.47117424e-03
 2.88280315e-03 3.22854371e-03 4.23798083e-03 1.63140141e-10
 5.94918199e-03 6.72438507e-03 5.24795350e-03 3.93681250e-03
 3.44997409e-03 6.22795018e-03 1.66782470e-10 4.93177298e-03
 3.06482826e-03 6.16148607e-03 3.14559376e-03 5.17360269e-03
 5.35102317e-03]

 Iteration 600:
############################
Gradient = 
[-0.00103535 -0.00801641 -0.0001534  -0.0004781  -0.00305374  0.00035622
 -0.00303195  0.00204887  0.00083601 -0.00145347 -0.00281978 -0.00020513
 -0.00210237  0.00188367 -0.00195515  0.00154926 -0.00497375 -0.00261512
 -0.01027291  0.01041463  0.00918461  0.0093285   0.00156282 -0.00204463
  0.01057895  0.01215099 -0.00209151 -0.00299558 -0.00251151  0.00213102
  0.00131269 -0.00119107  0.02174707 -0.00770984 -0.00528749 -0.00662286
  0.00139021  0.00305949 -0.00592932  0.00367392  0.00034306  0.00564886
  0.00114043  0.00217145 -0.00064354  0.00318147  0.01773839 -0.00297616
 -0.00618875 -0.00361791  0.00020104  0.00284262 -0.0064789 ]

Gradient approximate =
[-0.00103535 -0.01228824 -0.00378311 -0.0004781  -0.00906366  0.00118456
 -0.00303195 -0.00160852 -0.00189906 -0.00145347 -0.00487113 -0.00046612
 -0.00210237  0.00088689 -0.00343516  0.00154926 -0.01165552 -0.00459937
 -0.01027291  0.0179565   0.01553119  0.01459688  0.0047425   0.00181301
  0.01993825  0.01215099  0.00294752  0.00293218  0.00356404  0.00474902
  0.00561832  0.00228422  0.02174707 -0.00297286 -0.00035408 -0.00128798
  0.00431918  0.00636994 -0.00180836  0.00367392  0.006324    0.01252824
  0.0064404   0.00617731  0.002815    0.00951107  0.01773839  0.00190615
 -0.00324858  0.00247452  0.00336475  0.00809104 -0.00125845]

Diff = 
[8.34163619e-12 4.27182958e-03 3.62971615e-03 1.65758141e-11
 6.00992069e-03 8.28339308e-04 1.26541685e-11 3.65739462e-03
 2.73506779e-03 2.00719948e-11 2.05134654e-03 2.60990951e-04
 3.07390181e-12 9.96771175e-04 1.48001826e-03 2.69836302e-11
 6.68176765e-03 1.98424807e-03 1.53435377e-10 7.54186917e-03
 6.34658038e-03 5.26838683e-03 3.17967626e-03 3.85763282e-03
 9.35929432e-03 1.56441022e-10 5.03902566e-03 5.92775126e-03
 6.07555193e-03 2.61799525e-03 4.30563479e-03 3.47529377e-03
 1.61163353e-10 4.73697769e-03 4.93340568e-03 5.33488337e-03
 2.92897032e-03 3.31045769e-03 4.12096106e-03 1.69163879e-10
 5.98093694e-03 6.87937813e-03 5.29996300e-03 4.00586117e-03
 3.45853880e-03 6.32959406e-03 1.61037992e-10 4.88231206e-03
 2.94016672e-03 6.09243516e-03 3.16370677e-03 5.24842363e-03
 5.22044668e-03]

 Iteration 700:
############################
Gradient = 
[-3.52092271e-04 -7.02296085e-03  2.14920397e-05  1.60231371e-04
 -2.38370206e-03  7.14165715e-04 -2.47089918e-03  2.37068675e-03
  9.15476706e-04 -1.20367220e-03 -1.87852129e-03  1.42755164e-04
 -1.83770428e-03  3.66057954e-03 -1.43343468e-03  2.26414287e-03
 -3.87349421e-03 -2.15884997e-03 -1.27144849e-02  8.87300800e-03
  7.28185038e-03  7.22916610e-03  3.23718782e-04 -3.63821752e-03
  8.64346214e-03  1.09894047e-02 -2.95248292e-03 -3.80322032e-03
 -3.18948201e-03  1.39445229e-03  6.45598788e-04 -2.11665611e-03
  2.07812440e-02 -8.32143224e-03 -5.89291915e-03 -6.99261159e-03
  6.90478442e-04  2.56230747e-03 -6.56014102e-03  1.91061953e-03
 -7.36873544e-04  4.27093422e-03 -1.38125677e-04  1.21073356e-03
 -1.82630278e-03  1.70851055e-03  1.68745136e-02 -3.77842889e-03
 -6.71602320e-03 -4.00385092e-03 -4.11207834e-04  2.49663280e-03
 -7.01662368e-03]

Gradient approximate =
[-0.00035209 -0.01146126 -0.00360915  0.00016023 -0.00845293  0.00155497
 -0.0024709  -0.00123563 -0.00179946 -0.00120367 -0.00398127 -0.00011856
 -0.0018377   0.00272707 -0.00295092  0.00226414 -0.01065274 -0.004196
 -0.01271448  0.0166287   0.01381054  0.0126808   0.003523    0.00015447
  0.01821557  0.0109894   0.00202896  0.00204726  0.00282116  0.00405092
  0.00497213  0.00132035  0.02078124 -0.00376478 -0.0010856  -0.00181099
  0.00364183  0.00593462 -0.00257994  0.00191062  0.00523809  0.01125957
  0.00517147  0.00525317  0.00160339  0.008091    0.01687451  0.00102734
 -0.00392118  0.00200239  0.00274932  0.00780382 -0.00194817]

Diff = 
[1.55998541e-11 4.43829752e-03 3.63063843e-03 1.76343294e-11
 6.06922598e-03 8.40799591e-04 5.64773488e-13 3.60631599e-03
 2.71493849e-03 9.79505105e-14 2.10274536e-03 2.61320058e-04
 2.95878881e-12 9.33509597e-04 1.51748483e-03 7.52585841e-12
 6.77924334e-03 2.03715084e-03 1.66812565e-10 7.75569454e-03
 6.52868688e-03 5.45163858e-03 3.19927730e-03 3.79268856e-03
 9.57210918e-03 1.55931662e-10 4.98144083e-03 5.85047855e-03
 6.01064273e-03 2.65647234e-03 4.32652834e-03 3.43700202e-03
 1.63569797e-10 4.55665680e-03 4.80731997e-03 5.18162306e-03
 2.95135639e-03 3.37231412e-03 3.98020026e-03 1.70259783e-10
 5.97496133e-03 6.98863524e-03 5.30960056e-03 4.04243182e-03
 3.42969239e-03 6.38248998e-03 1.57969401e-10 4.80577060e-03
 2.79484450e-03 6.00624521e-03 3.16052655e-03 5.30718482e-03
 5.06845381e-03]

 Iteration 800:
############################
Gradient = 
[ 1.32061729e-04 -6.70917438e-03 -9.04478385e-06  6.10188919e-04
 -2.29610480e-03  8.75652995e-04 -2.11657322e-03  2.07791322e-03
  7.94879495e-04 -1.08223019e-03 -1.41335194e-03  3.36515140e-04
 -1.73247638e-03  4.92430215e-03 -1.09333357e-03  2.78709925e-03
 -3.37388424e-03 -1.90951566e-03 -1.39475074e-02  8.15852481e-03
  6.28522732e-03  6.00777654e-03 -2.72660873e-04 -4.64061411e-03
  7.65631932e-03  1.04541739e-02 -3.34922309e-03 -4.12944579e-03
 -3.42571642e-03  1.04257830e-03  3.81987604e-04 -2.52809048e-03
  2.03165278e-02 -8.55156203e-03 -6.11170910e-03 -7.01593618e-03
  3.40996294e-04  2.47230778e-03 -6.78973030e-03  1.06560005e-03
 -1.17445051e-03  3.60021871e-03 -7.60633642e-04  7.70754013e-04
 -2.50405351e-03  9.84279571e-04  1.64937351e-02 -4.19443645e-03
 -6.87947448e-03 -4.05281875e-03 -7.00563408e-04  2.52268016e-03
 -7.16632597e-03]

Gradient approximate =
[ 1.32061719e-04 -1.13003285e-02 -3.63931044e-03  6.10188928e-04
 -8.41701064e-03  1.73445360e-03 -2.11657321e-03 -1.47789354e-03
 -1.90068134e-03 -1.08223018e-03 -3.55238534e-03  8.07242961e-05
 -1.73247638e-03  4.08724101e-03 -2.63890883e-03  2.78709924e-03
 -1.02335274e-02 -3.99194799e-03 -1.39475072e-02  1.61037279e-02
  1.29645981e-02  1.16064417e-02  2.92642401e-03 -9.41140470e-04
  1.74096359e-02  1.04541741e-02  1.56122440e-03  1.63177236e-03
  2.51044677e-03  3.72589196e-03  4.71955493e-03  8.56394606e-04
  2.03165279e-02 -4.18404586e-03 -1.43907298e-03 -1.99137053e-03
  3.30352467e-03  5.90044366e-03 -2.95928106e-03  1.06560020e-03
  4.77838681e-03  1.06760944e-02  4.53816263e-03  4.83475388e-03
  8.76670934e-04  7.39604133e-03  1.64937353e-02  5.21759047e-04
 -4.23708718e-03  1.86295950e-03  2.44719139e-03  7.88555478e-03
 -2.25693213e-03]

Diff = 
[9.17139444e-12 4.59115408e-03 3.63026566e-03 9.17312960e-12
 6.12090584e-03 8.58800608e-04 1.01191321e-11 3.55580676e-03
 2.69556083e-03 1.38164679e-11 2.13903341e-03 2.55790844e-04
 6.67099622e-13 8.37061149e-04 1.54557526e-03 4.48468389e-12
 6.85964316e-03 2.08243232e-03 1.55829632e-10 7.94520306e-03
 6.67937081e-03 5.59866516e-03 3.19908489e-03 3.69947364e-03
 9.75331654e-03 1.64893760e-10 4.91044749e-03 5.76121815e-03
 5.93616319e-03 2.68331366e-03 4.33756733e-03 3.38448509e-03
 1.59798647e-10 4.36751617e-03 4.67263613e-03 5.02456565e-03
 2.96252838e-03 3.42813588e-03 3.83044924e-03 1.54884281e-10
 5.95283732e-03 7.07587570e-03 5.29879627e-03 4.06399986e-03
 3.38072444e-03 6.41176176e-03 1.62357992e-10 4.71619550e-03
 2.64238730e-03 5.91577825e-03 3.14775480e-03 5.36287462e-03
 4.90939384e-03]

 Iteration 900:
############################
Gradient = 
[ 0.00052965 -0.0066725  -0.00011811  0.0009716  -0.00244995  0.00094962
 -0.00186379  0.00152804  0.00059114 -0.00102043 -0.0011733   0.00045744
 -0.00170171  0.00600544 -0.00082837  0.00321764 -0.00314402 -0.00175696
 -0.01456916  0.00787302  0.00576108  0.00526718 -0.0005429  -0.00538069
  0.00715362  0.01019261 -0.00354315 -0.00424869 -0.00347796  0.00086134
  0.00030147 -0.00271426  0.02005244 -0.00862798 -0.00618088 -0.00692082
  0.00013962  0.00258365 -0.00686031  0.00065389 -0.00131064  0.00326695
 -0.00106519  0.00057757 -0.00296052  0.00061676  0.0163045  -0.00445124
 -0.00690363 -0.00398731 -0.00085693  0.00272589 -0.00716486]

Gradient approximate =
[ 0.00052965 -0.01141304 -0.00374971  0.0009716  -0.00862366  0.00182893
 -0.00186379 -0.00198708 -0.0020888  -0.00102043 -0.00334101  0.0002106
 -0.00170171  0.00529067 -0.00239539  0.00321764 -0.01007628 -0.0038803
 -0.01456916  0.01599701  0.01257463  0.01099138  0.00264667 -0.00179353
  0.01707202  0.01019261  0.00128998  0.00141859  0.00238078  0.00356576
  0.00464647  0.00061134  0.02005244 -0.0044528  -0.0016459  -0.00205226
  0.00310737  0.00606806 -0.00318271  0.00065389  0.00461405  0.01041925
  0.00421281  0.00465637  0.00035888  0.00704602  0.0163045   0.0001681
 -0.00441557  0.00183842  0.00227326  0.00814722 -0.00241593]

Diff = 
[2.17635755e-11 4.74053961e-03 3.63159694e-03 5.15713156e-12
 6.17371025e-03 8.79313444e-04 2.68805401e-11 3.51512149e-03
 2.67994223e-03 1.68692968e-13 2.16770829e-03 2.46831408e-04
 9.63235936e-12 7.14765536e-04 1.56701855e-03 2.49022556e-11
 6.93225213e-03 2.12334088e-03 1.68925110e-10 8.12399594e-03
 6.81354957e-03 5.72420287e-03 3.18957013e-03 3.58716852e-03
 9.91840038e-03 1.46504255e-10 4.83313136e-03 5.66727281e-03
 5.85873686e-03 2.70442453e-03 4.34499458e-03 3.32559704e-03
 1.66534047e-10 4.17518486e-03 4.53498015e-03 4.86855415e-03
 2.96775254e-03 3.48440263e-03 3.67759467e-03 1.62769538e-10
 5.92468303e-03 7.15230250e-03 5.27800057e-03 4.07879502e-03
 3.31939648e-03 6.42926338e-03 1.66919631e-10 4.61933084e-03
 2.48806590e-03 5.82573171e-03 3.13019719e-03 5.42132505e-03
 4.74892327e-03]

 