Iteration 0:
############################
Gradient = 
[-2.70843949e-04 -4.06878640e-04  1.54480455e-04  2.69176514e-04
  1.55940073e-03  1.31878825e-03  8.45838266e-03  4.68533179e-03
  6.00822149e-03  1.73187705e-02  9.40059291e-03  1.03542780e-02
  3.23005279e-01  1.65054551e-01  1.64177522e-01  2.72598270e-01
  1.37949147e-01  1.37901173e-01  2.95159980e-01  1.50292681e-01
  1.50681948e-01  2.91361072e-01  1.48283693e-01  1.48209266e-01
  3.17502607e-01  1.61687003e-01  1.62010699e-01]

Gradient approximate =
[-1.74513168e-04 -5.35272502e-04 -2.50932666e-04  4.89521468e-05
 -1.36173486e-04  4.23683555e-05  3.05434169e-01  1.55038774e-01
  1.54557362e-01  3.23202613e-01  1.65361359e-01  1.65365183e-01
  3.23005279e-01  1.64079233e-01  1.63908036e-01  2.72598270e-01
  1.38549697e-01  1.38262155e-01  2.95159980e-01  1.50025404e-01
  1.49774950e-01  0.00000000e+00  0.00000000e+00  0.00000000e+00
  0.00000000e+00  0.00000000e+00  0.00000000e+00]

Diff = 
[9.63307809e-05 1.28393862e-04 4.05413120e-04 2.20224367e-04
 1.69557422e-03 1.27641989e-03 2.96975786e-01 1.50353442e-01
 1.48549140e-01 3.05883842e-01 1.55960766e-01 1.55010905e-01
 1.40424894e-11 9.75318486e-04 2.69485366e-04 3.35375616e-11
 6.00549688e-04 3.60982640e-04 1.05113696e-11 2.67277651e-04
 9.06997698e-04 2.91361072e-01 1.48283693e-01 1.48209266e-01
 3.17502607e-01 1.61687003e-01 1.62010699e-01]

 Iteration 100:
############################
Gradient = 
[ 2.12997817e-04  1.23435924e-03  5.57762207e-04 -5.81111370e-04
 -1.69498484e-03  4.28815160e-04 -2.33140661e-02 -1.35814260e-02
 -1.26880135e-02 -7.01261767e-03 -4.19145830e-03 -3.51815217e-03
  3.12669774e-01  1.60792702e-01  1.59274588e-01  3.06868970e-01
  1.57325530e-01  1.55639162e-01  2.06719613e-01  1.05350497e-01
  1.03562032e-01  1.60085800e-01  8.01952519e-02  7.91108675e-02
  1.96148684e-01  9.98983701e-02  9.89509357e-02]

Gradient approximate =
[-6.13118956e-05 -4.14825214e-04 -4.54561433e-05 -3.05530774e-04
 -1.01581946e-03 -3.77089799e-04  2.97205346e-01  1.52149807e-01
  1.49199633e-01  3.18885920e-01  1.64909967e-01  1.62651789e-01
  3.12669774e-01  1.60694145e-01  1.58424962e-01  3.06868970e-01
  1.57845805e-01  1.55409725e-01  2.06719613e-01  1.06310720e-01
  1.04734604e-01  0.00000000e+00  0.00000000e+00  0.00000000e+00
  0.00000000e+00  0.00000000e+00  0.00000000e+00]

Diff = 
[2.74309712e-04 1.64918445e-03 6.03218351e-04 2.75580596e-04
 6.79165387e-04 8.05904960e-04 3.20519412e-01 1.65731233e-01
 1.61887646e-01 3.25898538e-01 1.69101426e-01 1.66169941e-01
 1.04308229e-11 9.85570270e-05 8.49625833e-04 1.38468126e-11
 5.20275087e-04 2.29436823e-04 7.71651354e-11 9.60223739e-04
 1.17257212e-03 1.60085800e-01 8.01952519e-02 7.91108675e-02
 1.96148684e-01 9.98983701e-02 9.89509357e-02]

 Iteration 200:
############################
Gradient = 
[ 1.09514092e-04  6.90029355e-04  3.42642042e-04 -6.21944052e-04
 -1.42950858e-03  6.95938034e-04 -2.19043508e-02 -1.23285286e-02
 -1.14200898e-02 -5.53014590e-03 -3.01831111e-03 -2.27431168e-03
  3.22167060e-01  1.69093034e-01  1.65260751e-01  3.09781401e-01
  1.61944420e-01  1.58133875e-01  9.62150694e-02  4.77685681e-02
  4.62569632e-02  5.92598134e-02  2.73374166e-02  2.66642214e-02
  1.42541638e-01  7.29576036e-02  7.14966778e-02]

Gradient approximate =
[-1.29955167e-04 -8.18560306e-04 -9.19396248e-05 -2.99076011e-04
 -5.46600381e-04 -4.68416204e-04  3.07833703e-01  1.61128149e-01
  1.55781003e-01  3.24348372e-01  1.71078625e-01  1.66720758e-01
  3.22167060e-01  1.68740496e-01  1.64244361e-01  3.09781401e-01
  1.62442019e-01  1.57873883e-01  9.62150695e-02  5.03973138e-02
  4.90522935e-02  0.00000000e+00  0.00000000e+00  0.00000000e+00
  0.00000000e+00  0.00000000e+00  0.00000000e+00]

Diff = 
[2.39469259e-04 1.50858966e-03 4.34581667e-04 3.22868042e-04
 8.82908203e-04 1.16435424e-03 3.29738054e-01 1.73456678e-01
 1.67201093e-01 3.29878518e-01 1.74096936e-01 1.68995070e-01
 2.41499598e-11 3.52538374e-04 1.01638965e-03 5.92242921e-12
 4.97598890e-04 2.59991427e-04 1.31598704e-10 2.62874567e-03
 2.79533033e-03 5.92598134e-02 2.73374166e-02 2.66642214e-02
 1.42541638e-01 7.29576036e-02 7.14966778e-02]

 Iteration 300:
############################
Gradient = 
[-1.00304455e-04 -1.81493773e-04  1.93866843e-06 -1.71939664e-04
  5.70893658e-04  1.57849540e-03 -7.12698499e-03 -3.51674617e-03
 -2.27224788e-03  9.34277480e-03  5.74222749e-03  6.83380497e-03
  3.28002018e-01  1.74279930e-01  1.68082655e-01  3.09082278e-01
  1.63454207e-01  1.57553481e-01  2.83670920e-03 -2.92462950e-03
 -3.00580699e-03 -2.18475139e-02 -1.69490156e-02 -1.62441217e-02
  1.26655637e-01  6.51728075e-02  6.31065570e-02]

Gradient approximate =
[-2.48398524e-04 -1.38766977e-03 -2.06251629e-04 -9.66707314e-05
  6.86289416e-04 -3.31800083e-04  3.20590152e-01  1.70361030e-01
  1.62714435e-01  3.31335675e-01  1.77152286e-01  1.70803529e-01
  3.28002018e-01  1.73780483e-01  1.67003863e-01  3.09082278e-01
  1.63973260e-01  1.57310283e-01  2.83670937e-03  1.43043620e-03
  1.44756487e-03  0.00000000e+00  0.00000000e+00  0.00000000e+00
  0.00000000e+00  0.00000000e+00  0.00000000e+00]

Diff = 
[1.48094069e-04 1.20617600e-03 2.08190298e-04 7.52689329e-05
 1.15395758e-04 1.91029549e-03 3.27717137e-01 1.73877776e-01
 1.64986683e-01 3.21992900e-01 1.71410058e-01 1.63969724e-01
 1.31089029e-11 4.99447309e-04 1.07879275e-03 1.40346623e-11
 5.19052631e-04 2.43198071e-04 1.68742582e-10 4.35506570e-03
 4.45337186e-03 2.18475139e-02 1.69490156e-02 1.62441217e-02
 1.26655637e-01 6.51728075e-02 6.31065570e-02]

 Iteration 400:
############################
Gradient = 
[-0.00041092 -0.00151717 -0.00061768  0.00040363  0.00274527  0.00244237
  0.01323621  0.00835807  0.00999556  0.02934289  0.01732351  0.01873954
  0.32631766  0.17281504  0.16442057  0.30119542  0.15867366  0.15092056
 -0.06620306 -0.04116674 -0.03922474 -0.08002522 -0.04930082 -0.04675051
  0.13957387  0.07203625  0.06876063]

Gradient approximate =
[-4.18326909e-04 -2.33684475e-03 -3.44037558e-04  8.36876834e-05
  1.60211391e-03 -1.73612085e-04  3.27134809e-01  1.73796208e-01
  1.64031269e-01  3.31266487e-01  1.77145262e-01  1.68923263e-01
  3.26317665e-01  1.72376090e-01  1.63480512e-01  3.01195417e-01
  1.59299589e-01  1.50785974e-01 -6.62030631e-02 -3.50899139e-02
 -3.31394740e-02  0.00000000e+00  0.00000000e+00  0.00000000e+00
  0.00000000e+00  0.00000000e+00  0.00000000e+00]

Diff = 
[7.40853392e-06 8.19678187e-04 2.73639868e-04 3.19939537e-04
 1.14315981e-03 2.61597853e-03 3.13898602e-01 1.65438142e-01
 1.54035709e-01 3.01923596e-01 1.59821748e-01 1.50183725e-01
 1.32298617e-11 4.38953406e-04 9.40055618e-04 1.05848663e-12
 6.25930366e-04 1.34588705e-04 1.31464256e-10 6.07682854e-03
 6.08526136e-03 8.00252177e-02 4.93008224e-02 4.67505086e-02
 1.39573874e-01 7.20362476e-02 6.87606294e-02]

 Iteration 500:
############################
Gradient = 
[-0.00109114 -0.00438104 -0.00200939  0.00060632  0.00318261  0.00248545
  0.03432823  0.02061303  0.02235521  0.04931277  0.02888753  0.03026236
  0.31610108  0.1638694   0.15370528  0.28550934  0.14716597  0.13803156
 -0.11197667 -0.06582897 -0.06177107 -0.11818464 -0.0697907  -0.06533644
  0.17338876  0.08866968  0.08332033]

Gradient approximate =
[-7.03956535e-04 -4.11258640e-03 -5.36411515e-04  3.66337871e-05
  1.18223379e-03 -1.85266842e-04  3.23340698e-01  1.68873109e-01
  1.57275456e-01  3.20343768e-01  1.68870431e-01  1.58980452e-01
  3.16101076e-01  1.63719176e-01  1.53128002e-01  2.85509338e-01
  1.47995986e-01  1.38106001e-01 -1.11976667e-01 -5.81091061e-02
 -5.41512722e-02  0.00000000e+00  0.00000000e+00  0.00000000e+00
  0.00000000e+00  0.00000000e+00  0.00000000e+00]

Diff = 
[3.87188235e-04 2.68456647e-04 1.47297980e-03 5.69681384e-04
 2.00037612e-03 2.67071311e-03 2.89012469e-01 1.48260083e-01
 1.34920242e-01 2.71031002e-01 1.39982904e-01 1.28718088e-01
 1.29247724e-11 1.50224124e-04 5.77281299e-04 1.67345027e-11
 8.30016659e-04 7.44398118e-05 1.07206480e-10 7.71986461e-03
 7.61980258e-03 1.18184640e-01 6.97907003e-02 6.53364374e-02
 1.73388762e-01 8.86696752e-02 8.33203250e-02]

 Iteration 600:
############################
Gradient = 
[-2.39870428e-03 -9.64542590e-03 -4.58019626e-03  7.96269836e-05
  6.56378528e-04  1.14375712e-03  5.42164026e-02  3.24151077e-02
  3.37452978e-02  6.71163528e-02  3.95045588e-02  4.02828223e-02
  2.97976858e-01  1.48361001e-01  1.37076748e-01  2.63141980e-01
  1.30210717e-01  1.20349197e-01 -1.40310598e-01 -7.92925863e-02
 -7.33261922e-02 -1.41880256e-01 -8.07708009e-02 -7.46066620e-02
  2.20995991e-01  1.09888653e-01  1.01606408e-01]

Gradient approximate =
[-1.08344490e-03 -6.73050728e-03 -7.36153598e-04 -2.60499149e-04
 -7.91115882e-04 -3.61868990e-04  3.08743749e-01  1.55953270e-01
  1.42988269e-01  2.98828654e-01  1.53214607e-01  1.42062916e-01
  2.97976858e-01  1.48719595e-01  1.37090679e-01  2.63141980e-01
  1.31337420e-01  1.20718253e-01 -1.40310598e-01 -7.00780256e-02
 -6.43342669e-02  0.00000000e+00  0.00000000e+00  0.00000000e+00
  0.00000000e+00  0.00000000e+00  0.00000000e+00]

Diff = 
[1.31525938e-03 2.91491862e-03 3.84404266e-03 3.40126133e-04
 1.44749441e-03 1.50562611e-03 2.54527347e-01 1.23538162e-01
 1.09242971e-01 2.31712301e-01 1.13710048e-01 1.01780094e-01
 1.63646874e-12 3.58594423e-04 1.39313650e-05 4.11932155e-11
 1.12670223e-03 3.69056359e-04 8.02247713e-11 9.21456077e-03
 8.99192531e-03 1.41880256e-01 8.07708009e-02 7.46066620e-02
 2.20995991e-01 1.09888653e-01 1.01606408e-01]

 Iteration 700:
############################
Gradient = 
[-0.00446554 -0.01758008 -0.00845708 -0.00134962 -0.00527201 -0.00181254
  0.07245277  0.04395364  0.04428274  0.08217277  0.04927003  0.04889123
  0.27323187  0.12792367  0.11632206  0.23591746  0.10974543  0.09991084
 -0.15723235 -0.08466126 -0.0771447  -0.15614663 -0.08485609 -0.07732542
  0.27581706  0.13059121  0.11881039]

Gradient approximate =
[-0.00144596 -0.00972311 -0.00082871 -0.00068244 -0.00383188 -0.00055464
  0.28495456  0.13691419  0.12326793  0.26922807  0.13256651  0.12080465
  0.27323187  0.12903673  0.11719896  0.23591746  0.11124314  0.10062831
 -0.15723235 -0.07416052 -0.06699684  0.          0.          0.
  0.          0.          0.        ]

Diff = 
[3.01957428e-03 7.85697808e-03 7.62837030e-03 6.67182827e-04
 1.44013162e-03 1.25790178e-03 2.12501783e-01 9.29605448e-02
 7.89851938e-02 1.87055300e-01 8.32964817e-02 7.19134229e-02
 1.63879466e-11 1.11305472e-03 8.76901940e-04 6.39823472e-11
 1.49770541e-03 7.17469670e-04 7.28242744e-11 1.05007439e-02
 1.01478620e-02 1.56146627e-01 8.48560919e-02 7.73254158e-02
 2.75817059e-01 1.30591211e-01 1.18810388e-01]

 Iteration 800:
############################
Gradient = 
[-0.00723453 -0.0276147  -0.01334976 -0.00369287 -0.01435262 -0.00626414
  0.08864543  0.05548123  0.0543251   0.09408091  0.05833166  0.05642124
  0.24349905  0.10442773  0.09338222  0.20593664  0.08782758  0.0787741
 -0.16711195 -0.08432405 -0.07572267 -0.16448715 -0.08403    -0.07559021
  0.33205257  0.14634127  0.13106441]

Gradient approximate =
[-0.00166002 -0.01236816 -0.00072969 -0.00107073 -0.00717011 -0.0006176
  0.25454809  0.11416168  0.10070927  0.23493319  0.10966201  0.09813072
  0.24349905  0.10663659  0.09549125  0.20593664  0.08973525  0.07984998
 -0.16711195 -0.07279492 -0.06467342  0.          0.          0.
  0.          0.          0.        ]

Diff = 
[5.57450925e-03 1.52465427e-02 1.26200644e-02 2.62214053e-03
 7.18251079e-03 5.64653344e-03 1.65902665e-01 5.86804446e-02
 4.63841743e-02 1.40852278e-01 5.13303528e-02 4.17094785e-02
 4.62118677e-11 2.20885691e-03 2.10903123e-03 6.17811913e-11
 1.90766923e-03 1.07587771e-03 4.82341389e-11 1.15291270e-02
 1.10492538e-02 1.64487153e-01 8.40300046e-02 7.55902148e-02
 3.32052568e-01 1.46341267e-01 1.31064408e-01]

 Iteration 900:
############################
Gradient = 
[-0.01034616 -0.03794241 -0.01836409 -0.00672879 -0.02537531 -0.01160802
  0.10176698  0.06656632  0.06380344  0.10208554  0.06623883  0.06284032
  0.21085827  0.07993575  0.0702847   0.17548295  0.06646383  0.05882807
 -0.17268535 -0.0798693  -0.07077703 -0.16908304 -0.07966557 -0.07087987
  0.38525702  0.15404313  0.13603453]

Gradient approximate =
[-0.00163537 -0.01390747 -0.0004641  -0.00131331 -0.01003708 -0.00051374
  0.22064925  0.09025812  0.07796147  0.19953795  0.08704631  0.0766368
  0.21085827  0.08371344  0.07408004  0.17548295  0.06877271  0.06023342
 -0.17268535 -0.06759701 -0.05908938  0.          0.          0.
  0.          0.          0.        ]

Diff = 
[8.71079663e-03 2.40349426e-02 1.78999925e-02 5.41548608e-03
 1.53382282e-02 1.10942870e-02 1.18882267e-01 2.36917989e-02
 1.41580315e-02 9.74524025e-02 2.08074813e-02 1.37964776e-02
 8.24635915e-11 3.77769807e-03 3.79534292e-03 1.00356251e-10
 2.30888084e-03 1.40534875e-03 3.07598114e-11 1.22722937e-02
 1.16876500e-02 1.69083042e-01 7.96655694e-02 7.08798707e-02
 3.85257022e-01 1.54043126e-01 1.36034527e-01]

 