Iteration 0:
############################
Gradient = 
[-3.06790827e-06  5.73813401e-03 -2.35708321e-03 -4.98222763e-06
  7.23123572e-03 -5.13230863e-04  1.71467795e-04 -3.16900194e-03
 -5.30485726e-03 -9.08423518e-05  4.17453528e-03  6.87247106e-03
  1.30875491e-03  6.51985625e-03 -4.96935859e-03  7.24102293e-03
  9.76029602e-03  1.04237620e-03  2.89395947e-01  1.45245029e-01
  1.40939538e-01  2.94717561e-01  1.39089044e-01  1.48881992e-01
  2.83928875e-01  1.36580209e-01  1.45237000e-01  2.97940735e-01
  1.39009273e-01  1.54377774e-01  3.16549038e-01  1.60876862e-01
  1.54653549e-01]

Gradient approximate =
[-3.63672870e-06  1.99740047e-05 -1.71769377e-05 -5.81598547e-06
  2.09162931e-05 -8.84117002e-06  3.19595051e-01  1.60510794e-01
  1.68910712e-01  3.19632735e-01  1.60690658e-01  1.69074907e-01
  2.85650588e-01  1.43587991e-01  1.51003128e-01  2.96774664e-01
  1.49175960e-01  1.56906319e-01  2.89365106e-01  1.45448323e-01
  1.52983447e-01  0.00000000e+00  0.00000000e+00  0.00000000e+00
  0.00000000e+00  0.00000000e+00  0.00000000e+00  0.00000000e+00
  0.00000000e+00  0.00000000e+00  0.00000000e+00  0.00000000e+00
  0.00000000e+00]

Diff = 
[5.68820423e-07 5.71816001e-03 2.33990627e-03 8.33757836e-07
 7.21031943e-03 5.04389693e-04 3.19423583e-01 1.63679796e-01
 1.74215569e-01 3.19723577e-01 1.56516123e-01 1.62202436e-01
 2.84341833e-01 1.37068135e-01 1.55972486e-01 2.89533641e-01
 1.39415664e-01 1.55863942e-01 3.08413878e-05 2.03294110e-04
 1.20439097e-02 2.94717561e-01 1.39089044e-01 1.48881992e-01
 2.83928875e-01 1.36580209e-01 1.45237000e-01 2.97940735e-01
 1.39009273e-01 1.54377774e-01 3.16549038e-01 1.60876862e-01
 1.54653549e-01]

 Iteration 100:
############################
Gradient = 
[-3.08318248e-06  5.31841679e-03 -2.18318879e-03 -4.92233102e-06
  6.70260675e-03 -4.73230441e-04 -2.76802777e-04 -3.16711620e-03
 -5.15595218e-03 -4.53290198e-04  3.68389328e-03  6.17804748e-03
  8.81428890e-03  1.41301073e-03 -3.29794776e-04 -1.46170544e-02
 -3.41193931e-03 -1.29381889e-03  3.03770221e-01  1.50008782e-01
  1.55255490e-01  3.27512295e-01  1.68920753e-01  1.79211765e-01
  2.82093808e-01  1.47736795e-01  1.43053079e-01  3.00081431e-01
  1.57450701e-01  1.55492392e-01  1.76986458e-01  8.25504828e-02
  7.88099829e-02]

Gradient approximate =
[-1.01239017e-07  3.04585690e-05 -1.28747146e-05 -1.66944236e-07
  3.83678422e-05 -3.35530714e-06  3.03204576e-01  1.52685275e-01
  1.59870064e-01  3.26394502e-01  1.64489258e-01  1.72296409e-01
  3.03770221e-01  1.53009878e-01  1.60218152e-01  3.27512295e-01
  1.65006571e-01  1.72812259e-01  3.03770221e-01  1.53009939e-01
  1.60218075e-01  0.00000000e+00  0.00000000e+00  0.00000000e+00
  0.00000000e+00  0.00000000e+00  0.00000000e+00  0.00000000e+00
  0.00000000e+00  0.00000000e+00  0.00000000e+00  0.00000000e+00
  0.00000000e+00]

Diff = 
[2.98194346e-06 5.28795822e-03 2.17031408e-03 4.75538678e-06
 6.66423891e-03 4.69875134e-04 3.03481379e-01 1.55852391e-01
 1.65026016e-01 3.26847793e-01 1.60805365e-01 1.66118362e-01
 2.94955932e-01 1.51596868e-01 1.60547946e-01 3.42129350e-01
 1.68418511e-01 1.74106078e-01 8.30280289e-13 3.00115697e-03
 4.96258443e-03 3.27512295e-01 1.68920753e-01 1.79211765e-01
 2.82093808e-01 1.47736795e-01 1.43053079e-01 3.00081431e-01
 1.57450701e-01 1.55492392e-01 1.76986458e-01 8.25504828e-02
 7.88099829e-02]

 Iteration 200:
############################
Gradient = 
[-2.40867914e-06  4.93203697e-03 -2.02283271e-03 -3.83989723e-06
  6.21655865e-03 -4.37572032e-04 -2.29813429e-04 -2.90868458e-03
 -4.75057456e-03 -3.76310364e-04  3.45816272e-03  5.77224108e-03
  8.29417103e-03  1.38805183e-03 -2.33689754e-04 -1.27535861e-02
 -2.76919826e-03 -7.36020917e-04  3.04876885e-01  1.51135951e-01
  1.55866178e-01  3.26373242e-01  1.68438099e-01  1.77784166e-01
  2.80078960e-01  1.46947776e-01  1.41714597e-01  3.04277738e-01
  1.60159129e-01  1.57457707e-01  7.59842262e-02  2.03199698e-02
  1.36284034e-02]

Gradient approximate =
[-8.55893134e-08  2.82218959e-05 -1.18871180e-05 -1.39954714e-07
  3.55567242e-05 -3.03214565e-06  3.04361692e-01  1.53610660e-01
  1.60137942e-01  3.25311157e-01  1.64300125e-01  1.71344751e-01
  3.04876885e-01  1.53906796e-01  1.60455932e-01  3.26373242e-01
  1.64793812e-01  1.71835256e-01  3.04876885e-01  1.53906845e-01
  1.60455869e-01  0.00000000e+00  0.00000000e+00  0.00000000e+00
  0.00000000e+00  0.00000000e+00  0.00000000e+00  0.00000000e+00
  0.00000000e+00  0.00000000e+00  0.00000000e+00  0.00000000e+00
  0.00000000e+00]

Diff = 
[2.32308983e-06 4.90381507e-03 2.01094559e-03 3.69994252e-06
 6.18100192e-03 4.34539886e-04 3.04591506e-01 1.56519344e-01
 1.64888516e-01 3.25687467e-01 1.60841962e-01 1.65572510e-01
 2.96582714e-01 1.52518744e-01 1.60689621e-01 3.39126828e-01
 1.67563010e-01 1.72571277e-01 9.73943148e-12 2.77089424e-03
 4.58969113e-03 3.26373242e-01 1.68438099e-01 1.77784166e-01
 2.80078960e-01 1.46947776e-01 1.41714597e-01 3.04277738e-01
 1.60159129e-01 1.57457707e-01 7.59842262e-02 2.03199698e-02
 1.36284034e-02]

 Iteration 300:
############################
Gradient = 
[-1.74242397e-06  4.57382254e-03 -1.87419063e-03 -2.77607977e-06
  5.76589227e-03 -4.04501254e-04 -1.75126009e-04 -2.66566227e-03
 -4.37138104e-03 -2.88392676e-04  3.25378500e-03  5.40088531e-03
  1.32909546e-02  4.12821375e-03  2.73853608e-03 -5.58005865e-03
  5.78427167e-04  2.63959154e-03  3.05886114e-01  1.52167088e-01
  1.56411478e-01  3.25292258e-01  1.67966662e-01  1.76438263e-01
  2.77053693e-01  1.45505313e-01  1.39741601e-01  3.06752537e-01
  1.61816358e-01  1.58369546e-01 -6.66092826e-03 -3.29278383e-02
 -4.17245884e-02]

Gradient approximate =
[-7.19424520e-08  2.61511968e-05 -1.09792131e-05 -1.16897603e-07
  3.29523742e-05 -2.74620104e-06  3.05411434e-01  1.54453879e-01
  1.60364429e-01  3.24280077e-01  1.64103472e-01  1.70442715e-01
  3.05886114e-01  1.54726810e-01  1.60657778e-01  3.25292258e-01
  1.64576026e-01  1.70910757e-01  3.05886114e-01  1.54726849e-01
  1.60657727e-01  0.00000000e+00  0.00000000e+00  0.00000000e+00
  0.00000000e+00  0.00000000e+00  0.00000000e+00  0.00000000e+00
  0.00000000e+00  0.00000000e+00  0.00000000e+00  0.00000000e+00
  0.00000000e+00]

Diff = 
[1.67048152e-06 4.54767134e-03 1.86321141e-03 2.65918217e-06
 5.73293989e-03 4.01755053e-04 3.05586560e-01 1.57119541e-01
 1.64735810e-01 3.24568470e-01 1.60849687e-01 1.65041830e-01
 2.92595159e-01 1.50598596e-01 1.57919242e-01 3.30872316e-01
 1.63997599e-01 1.68271166e-01 3.35842465e-12 2.55976158e-03
 4.24624887e-03 3.25292258e-01 1.67966662e-01 1.76438263e-01
 2.77053693e-01 1.45505313e-01 1.39741601e-01 3.06752537e-01
 1.61816358e-01 1.58369546e-01 6.66092826e-03 3.29278383e-02
 4.17245884e-02]

 Iteration 400:
############################
Gradient = 
[-1.16572737e-06  4.24142510e-03 -1.73650039e-03 -1.85871981e-06
  5.34756872e-03 -3.73977747e-04 -1.21478469e-04 -2.44154810e-03
 -4.02125862e-03 -2.03163548e-04  3.06200965e-03  5.05400359e-03
  2.11892492e-02  8.32956133e-03  7.19432985e-03  4.25221961e-03
  5.30445233e-03  7.41895779e-03  3.06803148e-01  1.53107239e-01
  1.56894521e-01  3.24262323e-01  1.67503855e-01  1.75165461e-01
  2.71425231e-01  1.42441472e-01  1.36134994e-01  3.05983441e-01
  1.61492253e-01  1.57274253e-01 -6.92257885e-02 -7.62328348e-02
 -8.64144976e-02]

Gradient approximate =
[-6.02806693e-08  2.42334863e-05 -1.01442277e-05 -9.74265113e-08
  3.05389403e-05 -2.49259724e-06  3.06358217e-01  1.55218222e-01
  1.60550184e-01  3.23292436e-01  1.63897007e-01  1.69582945e-01
  3.06803148e-01  1.55473628e-01  1.60824757e-01  3.24262323e-01
  1.64351896e-01  1.70032350e-01  3.06803148e-01  1.55473660e-01
  1.60824716e-01  0.00000000e+00  0.00000000e+00  0.00000000e+00
  0.00000000e+00  0.00000000e+00  0.00000000e+00  0.00000000e+00
  0.00000000e+00  0.00000000e+00  0.00000000e+00  0.00000000e+00
  0.00000000e+00]

Diff = 
[1.10544670e-06 4.21719162e-03 1.72635616e-03 1.76129330e-06
 5.31702978e-03 3.71485150e-04 3.06479695e-01 1.57659770e-01
 1.64571442e-01 3.23495600e-01 1.60834998e-01 1.64528941e-01
 2.85613899e-01 1.47144067e-01 1.53630427e-01 3.20010104e-01
 1.59047444e-01 1.62613392e-01 1.00406905e-11 2.36642073e-03
 3.93019528e-03 3.24262323e-01 1.67503855e-01 1.75165461e-01
 2.71425231e-01 1.42441472e-01 1.36134994e-01 3.05983441e-01
 1.61492253e-01 1.57274253e-01 6.92257885e-02 7.62328348e-02
 8.64144976e-02]

 Iteration 500:
############################
Gradient = 
[-7.07954495e-07  3.93285777e-03 -1.60899829e-03 -1.13223615e-06
  4.95907410e-03 -3.45872381e-04 -7.39628087e-05 -2.23754711e-03
 -3.70073555e-03 -1.28138872e-04  2.87812023e-03  4.72592021e-03
  2.99921350e-02  1.29880406e-02  1.20803169e-02  1.47824442e-02
  1.04191942e-02  1.25652960e-02  3.07635407e-01  1.53963486e-01
  1.57321071e-01  3.23281070e-01  1.67050576e-01  1.73961775e-01
  2.62509168e-01  1.37334549e-01  1.30472934e-01  3.01347575e-01
  1.58799462e-01  1.53790426e-01 -1.13828984e-01 -1.10591910e-01
 -1.21617094e-01]

Gradient approximate =
[-5.03330710e-08  2.24570762e-05 -9.37569800e-06 -8.09552425e-08
  2.83023804e-05 -2.26699992e-06  3.07210621e-01  1.55909848e-01
  1.60699411e-01  3.22346292e-01  1.63682553e-01  1.68763293e-01
  3.07635407e-01  1.56152821e-01  1.60960434e-01  3.23281070e-01
  1.64123083e-01  1.69197651e-01  3.07635407e-01  1.56152846e-01
  1.60960401e-01  0.00000000e+00  0.00000000e+00  0.00000000e+00
  0.00000000e+00  0.00000000e+00  0.00000000e+00  0.00000000e+00
  0.00000000e+00  0.00000000e+00  0.00000000e+00  0.00000000e+00
  0.00000000e+00]

Diff = 
[6.57621424e-07 3.91040070e-03 1.59962259e-03 1.05128091e-06
 4.93077172e-03 3.43605381e-04 3.07284584e-01 1.58147395e-01
 1.64400147e-01 3.22474431e-01 1.60804433e-01 1.64037373e-01
 2.77643272e-01 1.43164780e-01 1.48880117e-01 3.08498626e-01
 1.53703889e-01 1.56632355e-01 1.08258957e-11 2.18936036e-03
 3.63933046e-03 3.23281070e-01 1.67050576e-01 1.73961775e-01
 2.62509168e-01 1.37334549e-01 1.30472934e-01 3.01347575e-01
 1.58799462e-01 1.53790426e-01 1.13828984e-01 1.10591910e-01
 1.21617094e-01]

 Iteration 600:
############################
Gradient = 
[-3.64156275e-07  3.64640466e-03 -1.49093775e-03 -5.87067066e-07
  4.59827508e-03 -3.20004585e-04 -3.43197485e-05 -2.05297396e-03
 -3.40842296e-03 -6.55949385e-05  2.70055205e-03  4.41429756e-03
  3.85463528e-02  1.75195789e-02  1.67943609e-02  2.49288547e-02
  1.53715064e-02  1.75115439e-02  3.08391076e-01  1.54743640e-01
  1.57697859e-01  3.22348247e-01  1.66609210e-01  1.72825352e-01
  2.50241562e-01  1.30137967e-01  1.22723014e-01  2.92805661e-01
  1.53705784e-01  1.47904389e-01 -1.44267024e-01 -1.37873900e-01
 -1.49370989e-01]

Gradient approximate =
[-4.18953761e-08  2.08114992e-05 -8.66801519e-06 -6.72506495e-08
  2.62298361e-05 -2.06573869e-06  3.07978813e-01  1.56536056e-01
  1.60817736e-01  3.21442793e-01  1.63463691e-01  1.67983951e-01
  3.08391076e-01  1.56770678e-01  1.61069371e-01  3.22348247e-01
  1.63892502e-01  1.68406111e-01  3.08391076e-01  1.56770698e-01
  1.61069345e-01  0.00000000e+00  0.00000000e+00  0.00000000e+00
  0.00000000e+00  0.00000000e+00  0.00000000e+00  0.00000000e+00
  0.00000000e+00  0.00000000e+00  0.00000000e+00  0.00000000e+00
  0.00000000e+00]

Diff = 
[3.22260899e-07 3.62559316e-03 1.48226974e-03 5.19816417e-07
 4.57204524e-03 3.17938846e-04 3.08013133e-01 1.58589030e-01
 1.64226159e-01 3.21508388e-01 1.60763139e-01 1.63569654e-01
 2.69844723e-01 1.39251099e-01 1.44275011e-01 2.97419392e-01
 1.48520996e-01 1.50894567e-01 1.74784076e-11 2.02705806e-03
 3.37148634e-03 3.22348247e-01 1.66609210e-01 1.72825352e-01
 2.50241562e-01 1.30137967e-01 1.22723014e-01 2.92805661e-01
 1.53705784e-01 1.47904389e-01 1.44267024e-01 1.37873900e-01
 1.49370989e-01]

 Iteration 700:
############################
Gradient = 
[-1.14361625e-07  3.38053009e-03 -1.38160924e-03 -1.90617901e-07
  4.26327793e-03 -2.96179945e-04 -2.20275683e-06 -1.88610708e-03
 -3.14191208e-03 -1.47068650e-05  2.52946120e-03  4.11862513e-03
  4.63925987e-02  2.16891933e-02  2.11014751e-02  3.43072267e-02
  1.99617332e-02  2.20594823e-02  3.09078076e-01  1.55455280e-01
  1.58031396e-01  3.21463981e-01  1.66182238e-01  1.71754776e-01
  2.34885626e-01  1.21003087e-01  1.13053880e-01  2.80600630e-01
  1.46351861e-01  1.39777028e-01 -1.64414246e-01 -1.60007732e-01
 -1.71737179e-01]

Gradient approximate =
[-3.47322171e-08  1.92870120e-05 -8.01599231e-06 -5.55933077e-08
  2.43093368e-05 -1.88585370e-06  3.08672717e-01  1.57104032e-01
  1.60910715e-01  3.20583591e-01  1.63244122e-01  1.67245514e-01
  3.09078076e-01  1.57333354e-01  1.61156056e-01  3.21463981e-01
  1.63663116e-01  1.67657522e-01  3.09078076e-01  1.57333371e-01
  1.61156035e-01  0.00000000e+00  0.00000000e+00  0.00000000e+00
  0.00000000e+00  0.00000000e+00  0.00000000e+00  0.00000000e+00
  0.00000000e+00  0.00000000e+00  0.00000000e+00  0.00000000e+00
  0.00000000e+00]

Diff = 
[7.96294078e-08 3.36124308e-03 1.37359325e-03 1.35024593e-07
 4.23896859e-03 2.94294092e-04 3.08674920e-01 1.58990139e-01
 1.64052627e-01 3.20598298e-01 1.60714660e-01 1.63126889e-01
 2.62685478e-01 1.35644161e-01 1.40054581e-01 2.87156755e-01
 1.43701383e-01 1.45598040e-01 2.61740074e-11 1.87809078e-03
 3.12463939e-03 3.21463981e-01 1.66182238e-01 1.71754776e-01
 2.34885626e-01 1.21003087e-01 1.13053880e-01 2.80600630e-01
 1.46351861e-01 1.39777028e-01 1.64414246e-01 1.60007732e-01
 1.71737179e-01]

 Iteration 800:
############################
Gradient = 
[ 6.38430110e-08  3.13381885e-03 -1.28035160e-03  9.29940787e-08
  3.95233835e-03 -2.74213240e-04  2.36302252e-05 -1.73490920e-03
 -2.89852203e-03  2.65952210e-05  2.36559861e-03  3.83904284e-03
  5.35072769e-02  2.54828074e-02  2.49950552e-02  4.29565040e-02
  2.42052135e-02  2.62325784e-02  3.09703539e-01  1.56105259e-01
  1.58327399e-01  3.20627936e-01  1.65771555e-01  1.70748267e-01
  2.16822593e-01  1.10151602e-01  1.01702068e-01  2.65054938e-01
  1.36926801e-01  1.29614401e-01 -1.77476289e-01 -1.78598228e-01
 -1.90411781e-01]

Gradient approximate =
[-2.87170288e-08  1.78746307e-05 -7.41493977e-06 -4.59499105e-08
  2.25296382e-05 -1.72444059e-06  3.09301125e-01  1.57620215e-01
  1.60983115e-01  3.19769602e-01  1.63026873e-01  1.66548056e-01
  3.09703539e-01  1.57846430e-01  1.61224374e-01  3.20627936e-01
  1.63437342e-01  1.66951307e-01  3.09703539e-01  1.57846443e-01
  1.61224357e-01  0.00000000e+00  0.00000000e+00  0.00000000e+00
  0.00000000e+00  0.00000000e+00  0.00000000e+00  0.00000000e+00
  0.00000000e+00  0.00000000e+00  0.00000000e+00  0.00000000e+00
  0.00000000e+00]

Diff = 
[9.25600397e-08 3.11594422e-03 1.27293666e-03 1.38943989e-07
 3.92980871e-03 2.72488799e-04 3.09277494e-01 1.59355124e-01
 1.63881637e-01 3.19743007e-01 1.60661275e-01 1.62709013e-01
 2.56196262e-01 1.32363622e-01 1.36229319e-01 2.77671432e-01
 1.39232128e-01 1.40718729e-01 1.41834322e-11 1.74118364e-03
 2.89695864e-03 3.20627936e-01 1.65771555e-01 1.70748267e-01
 2.16822593e-01 1.10151602e-01 1.01702068e-01 2.65054938e-01
 1.36926801e-01 1.29614401e-01 1.77476289e-01 1.78598228e-01
 1.90411781e-01]

 Iteration 900:
############################
Gradient = 
[ 1.89664980e-07  2.90494646e-03 -1.18655495e-03  2.94265200e-07
  3.66381838e-03 -2.53937679e-04  4.45754195e-05 -1.59743932e-03
 -2.67572196e-03  6.05280716e-05  2.20969287e-03  3.57570078e-03
  6.00884394e-02  2.89997207e-02  2.85832672e-02  5.11208134e-02
  2.82226224e-02  3.01604235e-02  3.10273664e-01  1.56699572e-01
  1.58590651e-01  3.19839082e-01  1.65378301e-01  1.69803472e-01
  1.96434790e-01  9.78033638e-02  8.88980841e-02  2.46465980e-01
  1.25602707e-01  1.17600955e-01 -1.85828109e-01 -1.94838226e-01
 -2.06646222e-01]

Gradient approximate =
[-2.37632136e-08  1.65659442e-05 -6.86059209e-06 -3.78741483e-08
  2.08806106e-05 -1.57927227e-06  3.09871466e-01  1.58090120e-01
  1.61038732e-01  3.19000679e-01  1.62814092e-01  1.65890894e-01
  3.10273664e-01  1.58314778e-01  1.61277473e-01  3.19839082e-01
  1.63216899e-01  1.66286329e-01  3.10273664e-01  1.58314788e-01
  1.61277459e-01  0.00000000e+00  0.00000000e+00  0.00000000e+00
  0.00000000e+00  0.00000000e+00  0.00000000e+00  0.00000000e+00
  0.00000000e+00  0.00000000e+00  0.00000000e+00  0.00000000e+00
  0.00000000e+00]

Diff = 
[2.13428194e-07 2.88838051e-03 1.17969436e-03 3.32139349e-07
 3.64293777e-03 2.52358406e-04 3.09826891e-01 1.59687560e-01
 1.63714454e-01 3.18940151e-01 1.60604399e-01 1.62315193e-01
 2.50185225e-01 1.29315057e-01 1.32694205e-01 2.68718268e-01
 1.34994276e-01 1.36125906e-01 2.44066434e-11 1.61521611e-03
 2.68680873e-03 3.19839082e-01 1.65378301e-01 1.69803472e-01
 1.96434790e-01 9.78033638e-02 8.88980841e-02 2.46465980e-01
 1.25602707e-01 1.17600955e-01 1.85828109e-01 1.94838226e-01
 2.06646222e-01]

 