Iteration 0:
############################
Gradient = 
[ 1.73628355e-04 -7.29538026e-03  1.65114240e-02  6.23236146e-05
 -7.73050766e-03  2.10035972e-03 -2.84571241e-05 -2.44407048e-03
  1.19084408e-02 -2.31345249e-05 -7.70599288e-03 -7.41382979e-04
 -6.56560759e-03 -1.34861396e-02  1.33597510e-03  4.78278631e-03
 -1.01519473e-02  3.21662166e-03  1.22396300e-03  1.82594672e-02
 -2.56833151e-03 -1.22186780e-02 -5.13553367e-03 -1.04778409e-02
 -3.96273268e-03 -1.07666712e-02  7.79717165e-04  8.62490879e-04
  1.38592462e-02  1.10567153e-02  8.15431780e-03 -8.86241908e-04
  3.03958699e-01  1.64288008e-01  1.64919448e-01  1.47961023e-01
  1.78416831e-01  2.68591016e-01  1.25749796e-01  1.19620342e-01
  1.35575704e-01  1.48409221e-01  2.79581299e-01  1.44364862e-01
  1.45727982e-01  1.39779843e-01  1.43085973e-01  2.90168266e-01
  1.29913509e-01  1.39520575e-01  1.43499508e-01  1.54827415e-01
  2.98852666e-01  1.41426371e-01  1.63247873e-01  1.33831055e-01
  1.45992920e-01]

Gradient approximate =
[-3.39251849e-05 -1.82267645e-04  1.49263735e-04 -2.76482335e-04
 -1.05174841e-03 -2.55539123e-04  1.24664790e-04  3.50720013e-04
  1.63630696e-04  2.83495476e-04  8.15124448e-04  2.85396897e-04
  4.34339658e-03  1.95656201e-03  1.97041408e-03  2.23339334e-03
  2.08024779e-03 -1.51453626e-02 -7.22379258e-03 -6.59886010e-03
  2.70984186e-01  1.32328659e-01  1.47569589e-01  1.41000914e-01
  1.51829327e-01  3.18553099e-01  1.61291691e-01  1.64206177e-01
  1.58384521e-01  1.70637174e-01  3.18508040e-01  1.60736135e-01
  1.59303466e-01  1.56089373e-01  1.68573622e-01  2.80236706e-01
  1.40542673e-01  1.41363657e-01  1.38467160e-01  1.49268428e-01
  3.02857812e-01  1.51700555e-01  1.52780172e-01  1.49557272e-01
  1.61799722e-01  0.00000000e+00  0.00000000e+00  0.00000000e+00
  0.00000000e+00  0.00000000e+00  0.00000000e+00  0.00000000e+00
  0.00000000e+00  0.00000000e+00  0.00000000e+00  0.00000000e+00
  0.00000000e+00]

Diff = 
[2.07553540e-04 7.11311261e-03 1.63621603e-02 3.38805949e-04
 6.67875926e-03 2.35589884e-03 1.53121914e-04 2.79479050e-03
 1.17448101e-02 3.06630001e-04 8.52111733e-03 1.02677988e-03
 1.09090042e-02 1.54427016e-02 6.34438978e-04 2.54939297e-03
 1.22321951e-02 1.83619843e-02 8.44775558e-03 2.48583273e-02
 2.73552518e-01 1.44547336e-01 1.52705122e-01 1.51478755e-01
 1.55792060e-01 3.29319770e-01 1.60511974e-01 1.63343686e-01
 1.44525275e-01 1.59580459e-01 3.10353722e-01 1.61622377e-01
 1.44655232e-01 8.19863494e-03 3.65417356e-03 1.32275683e-01
 3.78741575e-02 1.27227359e-01 1.27173646e-02 2.96480862e-02
 1.67282108e-01 3.29133398e-03 1.26801127e-01 5.19241018e-03
 1.60717399e-02 1.39779843e-01 1.43085973e-01 2.90168266e-01
 1.29913509e-01 1.39520575e-01 1.43499508e-01 1.54827415e-01
 2.98852666e-01 1.41426371e-01 1.63247873e-01 1.33831055e-01
 1.45992920e-01]

 Iteration 100:
############################
Gradient = 
[-1.47533271e-04 -7.39712024e-03  1.37013274e-02 -1.38934068e-03
 -1.09289840e-02  4.80325640e-04 -8.26716806e-05 -2.54755935e-03
  9.86834445e-03  6.48134030e-04 -4.69422746e-03  3.23153097e-05
 -1.08710634e-02 -1.36252427e-02 -8.99060756e-04  1.62645298e-03
 -1.06796615e-02 -4.76736785e-02 -2.04403619e-02 -4.73453317e-03
 -2.52439031e-02 -3.19167849e-02 -1.36852343e-02 -1.27020797e-02
 -7.05591699e-03 -1.33301500e-02 -3.32333712e-03 -1.38709657e-02
  5.49644317e-03  3.55790996e-03 -1.75473396e-05 -6.96745412e-03
  2.90126663e-01  1.37394596e-01  1.55353873e-01  1.38280275e-01
  1.53663296e-01  3.16535653e-01  1.62647983e-01  1.74588916e-01
  1.69663644e-01  1.78507533e-01  2.42000617e-01  1.21516897e-01
  6.10522161e-02  1.10111653e-01  1.15239519e-01  1.48888718e-01
  6.57777259e-02  1.07188853e-02  3.79517479e-02  3.44052236e-02
  1.73435463e-01  6.20856248e-02  2.68513115e-02  6.69069671e-02
  7.97426318e-02]

Gradient approximate =
[-2.84957971e-04 -5.35339348e-04 -4.07663330e-04 -8.49454307e-05
 -1.13416951e-04 -1.75563819e-04 -1.67181811e-04 -4.84686169e-04
 -2.57933126e-04 -7.41381223e-05 -2.15735152e-04 -1.10620662e-04
  1.01854806e-03  5.22087322e-04  5.73340475e-04  5.84464801e-04
  5.60133253e-04  5.89532196e-03  2.90522264e-03  2.74307959e-03
  2.93216385e-01  1.48967537e-01  1.51459864e-01  1.44515507e-01
  1.54730620e-01  3.16548517e-01  1.59586750e-01  1.48587023e-01
  1.49452844e-01  1.61309322e-01  2.97366585e-01  1.46074281e-01
  1.59754799e-01  1.52520071e-01  1.63349158e-01  2.94921344e-01
  1.48637091e-01  1.53797888e-01  1.47015302e-01  1.57247585e-01
  2.78777502e-01  1.40494374e-01  1.45540213e-01  1.38852777e-01
  1.48466256e-01  0.00000000e+00  0.00000000e+00  0.00000000e+00
  0.00000000e+00  0.00000000e+00  0.00000000e+00  0.00000000e+00
  0.00000000e+00  0.00000000e+00  0.00000000e+00  0.00000000e+00
  0.00000000e+00]

Diff = 
[1.37424699e-04 6.86178089e-03 1.41089908e-02 1.30439525e-03
 1.08155671e-02 6.55889459e-04 8.45101301e-05 2.06287318e-03
 1.01262776e-02 7.22272152e-04 4.47849231e-03 1.42935971e-04
 1.18896114e-02 1.41473300e-02 1.47240123e-03 1.04198818e-03
 1.12397948e-02 5.35690005e-02 2.33455845e-02 7.47761276e-03
 3.18460288e-01 1.80884322e-01 1.65145099e-01 1.57217587e-01
 1.61786537e-01 3.29878667e-01 1.62910087e-01 1.62457988e-01
 1.43956400e-01 1.57751412e-01 2.97384133e-01 1.53041735e-01
 1.30371864e-01 1.51254753e-02 7.99528481e-03 1.56641069e-01
 5.02620548e-03 1.62737765e-01 1.56326812e-02 1.73413312e-02
 1.09113858e-01 3.80131594e-02 9.64604031e-02 1.73358798e-02
 8.74140403e-02 1.10111653e-01 1.15239519e-01 1.48888718e-01
 6.57777259e-02 1.07188853e-02 3.79517479e-02 3.44052236e-02
 1.73435463e-01 6.20856248e-02 2.68513115e-02 6.69069671e-02
 7.97426318e-02]

 Iteration 200:
############################
Gradient = 
[-3.01456438e-04 -6.48157384e-03  1.16506833e-02 -1.07603327e-03
 -7.37062558e-03  1.26363849e-03 -2.68379702e-04 -2.44622636e-03
  8.33671757e-03  1.76490730e-04 -5.47546395e-03 -4.17088921e-04
 -7.70126426e-03 -1.00547665e-02  5.11847668e-04  2.97572544e-03
 -7.61688917e-03 -3.53238865e-02 -1.16172301e-02  9.21900407e-04
 -1.50582662e-02 -2.15780476e-02 -1.19929289e-02 -9.86891954e-03
 -5.32227033e-03 -1.02556611e-02 -2.10611986e-03 -1.06391775e-02
  6.21686073e-03  4.30302021e-03  1.72434666e-03 -4.45525459e-03
  3.03429173e-01  1.50421235e-01  1.70740834e-01  1.49313124e-01
  1.62954804e-01  3.21328331e-01  1.67287192e-01  1.85791586e-01
  1.73674617e-01  1.81569423e-01  1.63591131e-01  8.39372281e-02
 -2.73753138e-02  4.76782374e-02  4.60469564e-02  2.92872693e-02
 -2.14431790e-02 -1.05639324e-01 -4.96466549e-02 -6.00974818e-02
  7.64102358e-02 -1.71750165e-02 -5.69964659e-02  1.55715595e-03
  2.51363195e-02]

Gradient approximate =
[-4.22735713e-04 -8.02406834e-04 -6.75102922e-04 -8.80579609e-05
  1.82681521e-04 -2.59909292e-04 -2.24157066e-04 -4.41635104e-04
 -3.75398326e-04 -9.02175468e-05 -2.80998347e-04 -1.41929879e-04
  3.50334891e-03  1.70140538e-03  1.66058229e-03  1.86478559e-03
  1.72523771e-03  1.03031511e-02  5.03121290e-03  4.78354324e-03
  3.08802695e-01  1.59396334e-01  1.67656666e-01  1.55085816e-01
  1.64340186e-01  3.23027343e-01  1.65217557e-01  1.46344450e-01
  1.48739074e-01  1.59636213e-01  3.00580722e-01  1.46689779e-01
  1.70744188e-01  1.59518213e-01  1.69236250e-01  3.02638722e-01
  1.54058128e-01  1.63804912e-01  1.53197455e-01  1.62410873e-01
  2.38241921e-01  1.21301098e-01  1.29138073e-01  1.20551979e-01
  1.27319217e-01  0.00000000e+00  0.00000000e+00  0.00000000e+00
  0.00000000e+00  0.00000000e+00  0.00000000e+00  0.00000000e+00
  0.00000000e+00  0.00000000e+00  0.00000000e+00  0.00000000e+00
  0.00000000e+00]

Diff = 
[1.21279275e-04 5.67916701e-03 1.23257862e-02 9.87975307e-04
 7.55330710e-03 1.52354778e-03 4.42226357e-05 2.00459126e-03
 8.71211590e-03 2.66708277e-04 5.19446560e-03 2.75159042e-04
 1.12046132e-02 1.17561719e-02 1.14873462e-03 1.11093985e-03
 9.34212687e-03 4.56270376e-02 1.66484430e-02 3.86164283e-03
 3.23860961e-01 1.80974382e-01 1.79649594e-01 1.64954735e-01
 1.69662456e-01 3.33283004e-01 1.67323677e-01 1.56983628e-01
 1.42522214e-01 1.55333193e-01 2.98856375e-01 1.51145034e-01
 1.32684985e-01 9.09697745e-03 1.50458421e-03 1.53325598e-01
 8.89667622e-03 1.57523420e-01 1.40897368e-02 2.33807122e-02
 6.45673042e-02 6.02683254e-02 3.44530574e-02 3.66147505e-02
 1.54694530e-01 4.76782374e-02 4.60469564e-02 2.92872693e-02
 2.14431790e-02 1.05639324e-01 4.96466549e-02 6.00974818e-02
 7.64102358e-02 1.71750165e-02 5.69964659e-02 1.55715595e-03
 2.51363195e-02]

 Iteration 300:
############################
Gradient = 
[ 1.87257551e-05 -4.20910500e-03  1.04232958e-02  8.48091816e-05
 -1.81947434e-03  2.76777868e-03  7.16142934e-05 -6.75234090e-04
  7.60448064e-03 -5.11169284e-06 -5.08885226e-03 -4.49128004e-04
  4.68301732e-03 -2.97856637e-03  5.61242640e-03  8.42640109e-03
 -9.18685002e-04  5.88233200e-04  6.25440867e-03  1.57924935e-02
  4.55946217e-03 -2.26346111e-03  2.36276692e-03 -1.88500737e-03
  1.51446471e-03 -1.71779452e-03  4.57965134e-03  4.20320455e-03
  1.19717790e-02  9.88119007e-03  8.64219338e-03  2.87410746e-03
  3.08253887e-01  1.55195784e-01  1.76256938e-01  1.53749782e-01
  1.65510682e-01  3.21380755e-01  1.67385667e-01  1.88515016e-01
  1.73170101e-01  1.79991532e-01  8.72604792e-02  4.53257244e-02
 -1.20573693e-01 -1.69492656e-02 -2.48817758e-02 -6.01571614e-02
 -9.52139110e-02 -2.09461770e-01 -1.23793146e-01 -1.40148357e-01
  1.49543768e-02 -7.94277172e-02 -1.11564635e-01 -4.05327183e-02
  4.66937239e-03]

Gradient approximate =
[-4.38791150e-04 -6.74297203e-04 -7.57457810e-04 -1.20961918e-04
  2.78115750e-04 -3.49723577e-04 -2.35676887e-04 -3.11483861e-04
 -4.26257765e-04 -7.18005300e-05 -1.92233580e-04 -1.26737758e-04
  3.67937804e-03  1.78170708e-03  1.73206929e-03  1.94478738e-03
  1.80872151e-03  1.12758698e-02  5.50516058e-03  5.25084469e-03
  3.14117709e-01  1.62612949e-01  1.72872803e-01  1.58804744e-01
  1.66838943e-01  3.23413237e-01  1.65808482e-01  1.41216641e-01
  1.46078441e-01  1.55744776e-01  2.98775342e-01  1.44186581e-01
  1.73819289e-01  1.61486558e-01  1.69864087e-01  3.05638140e-01
  1.55807107e-01  1.67381025e-01  1.55642959e-01  1.63642670e-01
  1.95097627e-01  9.94844735e-02  1.07001044e-01  9.93284073e-02
  1.03574141e-01  0.00000000e+00  0.00000000e+00  0.00000000e+00
  0.00000000e+00  0.00000000e+00  0.00000000e+00  0.00000000e+00
  0.00000000e+00  0.00000000e+00  0.00000000e+00  0.00000000e+00
  0.00000000e+00]

Diff = 
[4.57516905e-04 3.53480780e-03 1.11807536e-02 2.05771100e-04
 2.09759009e-03 3.11750226e-03 3.07291180e-04 3.63750229e-04
 8.03073841e-03 6.66888371e-05 4.89661868e-03 3.22390246e-04
 1.00363928e-03 4.76027345e-03 3.88035711e-03 6.48161371e-03
 2.72740651e-03 1.06876366e-02 7.49248083e-04 1.05416488e-02
 3.09558247e-01 1.64876410e-01 1.70510036e-01 1.60689752e-01
 1.65324478e-01 3.25131032e-01 1.61228831e-01 1.37013436e-01
 1.34106662e-01 1.45863586e-01 2.90133148e-01 1.41312474e-01
 1.34434598e-01 6.29077372e-03 6.39285078e-03 1.51888358e-01
 9.70357494e-03 1.53999730e-01 1.17427083e-02 2.48723463e-02
 2.19275252e-02 8.05070590e-02 1.97405645e-02 5.40026830e-02
 2.24147834e-01 1.69492656e-02 2.48817758e-02 6.01571614e-02
 9.52139110e-02 2.09461770e-01 1.23793146e-01 1.40148357e-01
 1.49543768e-02 7.94277172e-02 1.11564635e-01 4.05327183e-02
 4.66937239e-03]

 Iteration 400:
############################
Gradient = 
[ 1.75462019e-04 -3.40334192e-03  8.82386522e-03  9.34748794e-04
  1.07341940e-03  3.26763669e-03  2.24759080e-04 -4.05039263e-04
  6.38272302e-03 -2.29470714e-04 -5.33514670e-03 -8.57260205e-04
  1.80800398e-02  3.42181258e-03  1.03061657e-02  1.34147621e-02
  5.28266843e-03  4.10801937e-02  2.33128694e-02  3.01771569e-02
  2.30208494e-02  1.64035992e-02  2.02294021e-02  6.37864499e-03
  8.72064953e-03  7.02822971e-03  1.19291716e-02  2.15998813e-02
  1.79391054e-02  1.56434290e-02  1.55763535e-02  1.03393995e-02
  3.01238971e-01  1.48691874e-01  1.66799463e-01  1.48284918e-01
  1.58204920e-01  3.13919060e-01  1.60410604e-01  1.78354733e-01
  1.65224917e-01  1.71013651e-01  2.47011023e-02  1.21569522e-02
 -2.07397566e-01 -7.50550008e-02 -8.81234576e-02 -1.15124381e-01
 -1.50382600e-01 -2.92516395e-01 -1.79303725e-01 -2.00061190e-01
 -1.72530766e-02 -1.25850314e-01 -1.38392594e-01 -6.16738039e-02
  1.56552572e-02]

Gradient approximate =
[-3.79635487e-04 -4.80252149e-04 -6.73933236e-04 -2.05374151e-04
 -5.34295119e-05 -4.38543963e-04 -2.22110852e-04 -3.22319662e-04
 -3.89687109e-04 -1.61038427e-05 -9.84350423e-05 -1.92370320e-05
  5.51844273e-04  2.64419087e-04  2.92956761e-04  3.16047577e-04
  2.80126580e-04  7.10347505e-03  3.47129848e-03  3.30990567e-03
  3.04916602e-01  1.55342842e-01  1.62397668e-01  1.52325576e-01
  1.59072799e-01  3.14441850e-01  1.58816021e-01  1.28686648e-01
  1.38376666e-01  1.46777760e-01  2.88108938e-01  1.35749920e-01
  1.65430806e-01  1.55680287e-01  1.62651198e-01  3.01156975e-01
  1.51841231e-01  1.61239559e-01  1.51848873e-01  1.58585662e-01
  1.51982763e-01  7.66409283e-02  8.14608184e-02  7.66008133e-02
  7.88123186e-02  0.00000000e+00  0.00000000e+00  0.00000000e+00
  0.00000000e+00  0.00000000e+00  0.00000000e+00  0.00000000e+00
  0.00000000e+00  0.00000000e+00  0.00000000e+00  0.00000000e+00
  0.00000000e+00]

Diff = 
[5.55097506e-04 2.92308978e-03 9.49779846e-03 1.14012295e-03
 1.12684891e-03 3.70618066e-03 4.46869932e-04 8.27196013e-05
 6.77241013e-03 2.13366871e-04 5.23671166e-03 8.38023173e-04
 1.75281955e-02 3.15739350e-03 1.00132090e-02 1.30987145e-02
 5.00254185e-03 3.39767187e-02 1.98415709e-02 2.68672512e-02
 2.81895752e-01 1.38939243e-01 1.42168266e-01 1.45946931e-01
 1.50352149e-01 3.07413621e-01 1.46886850e-01 1.07086766e-01
 1.20437560e-01 1.31134331e-01 2.72532584e-01 1.25410520e-01
 1.35808165e-01 6.98841333e-03 4.14826520e-03 1.52872057e-01
 6.36368901e-03 1.52679501e-01 8.56173099e-03 1.97690709e-02
 1.32421539e-02 9.43727230e-02 5.67597161e-02 6.44438611e-02
 2.86209885e-01 7.50550008e-02 8.81234576e-02 1.15124381e-01
 1.50382600e-01 2.92516395e-01 1.79303725e-01 2.00061190e-01
 1.72530766e-02 1.25850314e-01 1.38392594e-01 6.16738039e-02
 1.56552572e-02]

 Iteration 500:
############################
Gradient = 
[-0.00053753 -0.00623346  0.00587943  0.0006745  -0.00091873  0.00181871
 -0.00055877 -0.00394797  0.00366406 -0.00115438 -0.00841852 -0.00257134
  0.02822748  0.00742651  0.01286032  0.01608994  0.00921092  0.075722
  0.03523403  0.03971716  0.03581941  0.03005144  0.03606703  0.01249715
  0.01388368  0.01343124  0.0174552   0.03654473  0.02191924  0.01943886
  0.02024599  0.01574185  0.28451114  0.13315675  0.14473944  0.1346018
  0.14298519  0.30031297  0.14777455  0.15731154  0.15110371  0.15610278
 -0.01876082 -0.01181145 -0.2803083  -0.12092958 -0.13749918 -0.14507792
 -0.18974193 -0.3568472  -0.21894443 -0.24234427 -0.02946527 -0.15972231
 -0.14439541 -0.06738452  0.05147484]

Gradient approximate =
[-1.39592140e-04  9.62162927e-05 -2.88340560e-04 -1.61462383e-04
 -1.95430045e-04 -3.01608289e-04 -3.32345507e-05  2.13367790e-05
 -6.68815314e-05  2.04110739e-04  3.80380254e-04  3.51272542e-04
 -4.82003491e-03 -2.35019396e-03 -2.15214886e-03 -2.46696684e-03
 -2.40258858e-03 -1.07929698e-03 -5.14952399e-04 -4.52475426e-04
  2.83947989e-01  1.39773819e-01  1.39793747e-01  1.37671477e-01
  1.43349375e-01  2.98070652e-01  1.46019552e-01  1.10023351e-01
  1.26315821e-01  1.33612748e-01  2.70169817e-01  1.22695421e-01
  1.47991650e-01  1.43560883e-01  1.49288783e-01  2.90333614e-01
  1.43252237e-01  1.47018026e-01  1.42692137e-01  1.48325345e-01
  1.13124272e-01  5.58031334e-02  5.72891413e-02  5.55417484e-02
  5.62543216e-02  0.00000000e+00  0.00000000e+00  0.00000000e+00
  0.00000000e+00  0.00000000e+00  0.00000000e+00  0.00000000e+00
  0.00000000e+00  0.00000000e+00  0.00000000e+00  0.00000000e+00
  0.00000000e+00]

Diff = 
[3.97933413e-04 6.32967431e-03 6.16776793e-03 8.35964008e-04
 7.23295313e-04 2.12031510e-03 5.25532437e-04 3.96931097e-03
 3.73094143e-03 1.35848677e-03 8.79889763e-03 2.92260983e-03
 3.30475124e-02 9.77670354e-03 1.50124682e-02 1.85569051e-02
 1.16135082e-02 7.68013014e-02 3.57489844e-02 4.01696318e-02
 2.48128577e-01 1.09722380e-01 1.03726718e-01 1.25174323e-01
 1.29465693e-01 2.84639411e-01 1.28564348e-01 7.34786205e-02
 1.04396581e-01 1.14173887e-01 2.49923831e-01 1.06953567e-01
 1.36519494e-01 1.04041327e-02 4.54933841e-03 1.55731816e-01
 2.67045343e-04 1.53294948e-01 5.08241756e-03 8.98619615e-03
 3.79794400e-02 1.00299650e-01 7.60499608e-02 6.73531977e-02
 3.36562624e-01 1.20929584e-01 1.37499177e-01 1.45077920e-01
 1.89741932e-01 3.56847201e-01 2.18944434e-01 2.42344273e-01
 2.94652691e-02 1.59722310e-01 1.44395412e-01 6.73845161e-02
 5.14748391e-02]

 Iteration 600:
############################
Gradient = 
[-2.18274008e-03 -1.19757037e-02  1.69361297e-03 -6.97786857e-04
 -6.62801437e-03 -1.29499210e-03 -2.32438142e-03 -1.04657594e-02
 -3.95463587e-04 -2.89596774e-03 -1.39709901e-02 -5.56632220e-03
  3.40510377e-02  9.11094962e-03  1.33616937e-02  1.65287334e-02
  1.08414429e-02  1.00440653e-01  4.16267751e-02  4.41191688e-02
  4.26561004e-02  3.80685461e-02  4.78324360e-02  1.61795492e-02
  1.67568314e-02  1.72287655e-02  2.07266338e-02  4.78229784e-02
  2.38916737e-02  2.13010874e-02  2.26938328e-02  1.89913287e-02
  2.62331258e-01  1.12640428e-01  1.15396867e-01  1.16310300e-01
  1.23558999e-01  2.83484515e-01  1.32217913e-01  1.29779254e-01
  1.33599971e-01  1.38104711e-01 -4.47187119e-02 -2.69725599e-02
 -3.38372127e-01 -1.53899275e-01 -1.72143506e-01 -1.60559155e-01
 -2.17953353e-01 -4.07913520e-01 -2.47501283e-01 -2.71501440e-01
 -2.88253495e-02 -1.84178839e-01 -1.37281801e-01 -6.31232119e-02
  1.05379644e-01]

Gradient approximate =
[ 3.98329023e-04  1.51292405e-03  5.27860360e-04  1.80678807e-04
  5.23781818e-04  2.55379544e-04  4.78049758e-04  1.30278381e-03
  7.12106152e-04  7.21365583e-04  1.74113525e-03  1.13922243e-03
 -1.08518881e-02 -5.38082485e-03 -4.93453971e-03 -5.67350154e-03
 -5.56443958e-03 -1.09749035e-02 -5.43751134e-03 -5.02006538e-03
  2.56563147e-01  1.20017692e-01  1.11484789e-01  1.18775385e-01
  1.23705674e-01  2.78004318e-01  1.30525596e-01  8.83673062e-02
  1.11928558e-01  1.18331666e-01  2.48497062e-01  1.07635256e-01
  1.26128002e-01  1.28201042e-01  1.32932466e-01  2.75820679e-01
  1.32219548e-01  1.28235052e-01  1.30389502e-01  1.35151318e-01
  8.12845370e-02  3.89355954e-02  3.77410160e-02  3.83549247e-02
  3.80069891e-02  0.00000000e+00  0.00000000e+00  0.00000000e+00
  0.00000000e+00  0.00000000e+00  0.00000000e+00  0.00000000e+00
  0.00000000e+00  0.00000000e+00  0.00000000e+00  0.00000000e+00
  0.00000000e+00]

Diff = 
[0.00258107 0.01348863 0.00116575 0.00087847 0.0071518  0.00155037
 0.00280243 0.01176854 0.00110757 0.00361733 0.01571213 0.00670554
 0.04490293 0.01449177 0.01829623 0.02220223 0.01640588 0.11141556
 0.04706429 0.04913923 0.21390705 0.08194915 0.06365235 0.10259584
 0.10694884 0.26077555 0.10979896 0.04054433 0.08803688 0.09703058
 0.22580323 0.08864393 0.13620326 0.01556061 0.0175356  0.15951038
 0.00866055 0.15524946 0.00182841 0.00537206 0.05231543 0.09916912
 0.08245973 0.06532748 0.37637912 0.15389928 0.17214351 0.16055916
 0.21795335 0.40791352 0.24750128 0.27150144 0.02882535 0.18417884
 0.1372818  0.06312321 0.10537964]

 Iteration 700:
############################
Gradient = 
[-0.00433938 -0.01825782 -0.00290394 -0.00272148 -0.01343433 -0.00514779
 -0.00460107 -0.0173693  -0.00486913 -0.00507675 -0.0198468  -0.00905301
  0.03585976  0.00906216  0.01241247  0.01533791  0.01068786  0.11411567
  0.04329789  0.04435338  0.0444533   0.04104531  0.05526966  0.01792088
  0.01789306  0.01897076  0.02211164  0.05614186  0.02462803  0.0220353
  0.02377422  0.02081346  0.23880304  0.09077625  0.08375318  0.09669627
  0.10310658  0.26605639  0.11607719  0.09977235  0.11513124  0.11931113
 -0.05716735 -0.03542013 -0.38407267 -0.17580279 -0.19383155 -0.16822156
 -0.2384219  -0.45023132 -0.26851847 -0.29076904 -0.0201038  -0.20166687
 -0.1233367  -0.05310285  0.17199351]

Gradient approximate =
[ 0.00123536  0.00383899  0.00175648  0.00084846  0.00227632  0.00125243
  0.00131675  0.00361391  0.00193417  0.00154519  0.00406946  0.0023388
 -0.01643057 -0.00843234 -0.0076928  -0.00888522 -0.00878484 -0.02038007
 -0.01043576 -0.00958549  0.22777618  0.09969822  0.08292845  0.09901278
  0.10340717  0.25735551  0.11480853  0.06634311  0.09696046  0.10258465
  0.22629787  0.09270005  0.10395594  0.11232373  0.11621651  0.26006413
  0.12061015  0.10813615  0.11694655  0.12096979  0.05721661  0.02651855
  0.0237771   0.02568467  0.0245734   0.          0.          0.
  0.          0.          0.          0.          0.          0.
  0.          0.          0.        ]

Diff = 
[0.00557475 0.02209681 0.00466042 0.00356994 0.01571065 0.00640022
 0.00591782 0.02098321 0.00680331 0.00662194 0.02391626 0.01139181
 0.05229033 0.0174945  0.02010527 0.02422313 0.01947271 0.13449574
 0.05373366 0.05393887 0.18332288 0.05865292 0.02765879 0.0810919
 0.08551412 0.23838475 0.09269689 0.01020125 0.07233244 0.08054936
 0.20252365 0.0718866  0.1348471  0.02154748 0.03246333 0.16336786
 0.01750358 0.15792024 0.00086936 0.02119744 0.05791464 0.09279258
 0.08094444 0.0611048  0.40864606 0.17580279 0.19383155 0.16822156
 0.2384219  0.45023132 0.26851847 0.29076904 0.0201038  0.20166687
 0.1233367  0.05310285 0.17199351]

 Iteration 800:
############################
Gradient = 
[-0.00642657 -0.02258678 -0.00687909 -0.00482418 -0.01882364 -0.00871285
 -0.0067593  -0.0220054  -0.00863609 -0.00712554 -0.02361323 -0.01197643
  0.03450092  0.0078007   0.01053069  0.01304166  0.00924062  0.11737726
  0.04096489  0.04127903  0.04198715  0.0395621   0.05883462  0.01816037
  0.01778509  0.01912365  0.02196427  0.0626326   0.02477235  0.02229664
  0.02418015  0.02184549  0.21703295  0.07021205  0.05339678  0.07805143
  0.0836985   0.24976322  0.10087878  0.07010551  0.09724785  0.10104062
 -0.05989464 -0.03930173 -0.42077996 -0.18908348 -0.20500567 -0.17156719
 -0.2533061  -0.48700669 -0.28424493 -0.30213831 -0.0068557  -0.21417654
 -0.10719719 -0.04044226  0.24725645]

Gradient approximate =
[ 0.00225829  0.00671333  0.00323585  0.00174576  0.00476391  0.00256017
  0.00235625  0.00654701  0.00341908  0.00255973  0.00698369  0.003783
 -0.02106935 -0.01134969 -0.01031884 -0.01193603 -0.01187286 -0.02783633
 -0.01491867 -0.01364799  0.20131768  0.08131663  0.05760249  0.08061287
  0.08445751  0.23809815  0.10036964  0.04558149  0.08244446  0.08723064
  0.20566903  0.07908247  0.08419803  0.097697    0.10072798  0.24478357
  0.10966037  0.08911774  0.10375141  0.10696179  0.04040687  0.01813595
  0.01485548  0.0171686   0.01548393  0.          0.          0.
  0.          0.          0.          0.          0.          0.
  0.          0.          0.        ]

Diff = 
[0.00868486 0.02930011 0.01011494 0.00656993 0.02358754 0.01127301
 0.00911555 0.02855241 0.01205516 0.00968527 0.03059692 0.01575943
 0.05557028 0.01915039 0.02084953 0.02497769 0.02111348 0.1452136
 0.05588356 0.05492702 0.15933053 0.04175454 0.00123213 0.0624525
 0.06667242 0.2189745  0.07840537 0.01705111 0.05767212 0.06493401
 0.18148888 0.05723698 0.13283492 0.02748496 0.04733121 0.16673214
 0.02596187 0.16064548 0.00287263 0.03685628 0.05684098 0.08290467
 0.07475012 0.05647033 0.43626389 0.18908348 0.20500567 0.17156719
 0.2533061  0.48700669 0.28424493 0.30213831 0.0068557  0.21417654
 0.10719719 0.04044226 0.24725645]

 Iteration 900:
############################
Gradient = 
[-0.00798708 -0.02349902 -0.00945631 -0.00654462 -0.02122126 -0.01120364
 -0.00832554 -0.02292234 -0.01090021 -0.008594   -0.02387634 -0.01354902
  0.03109924  0.00576611  0.00811729  0.01008031  0.0069516   0.11258961
  0.03539994  0.03567147  0.03608571  0.03438274  0.0593486   0.01715368
  0.01670961  0.01795641  0.02050424  0.06807782  0.02456744  0.02232559
  0.02417292  0.02234418  0.19894583  0.05266368  0.0264684   0.06173867
  0.06646672  0.23550549  0.08748984  0.04242851  0.08081007  0.08391929
 -0.05611515 -0.04043335 -0.45178025 -0.19621537 -0.20820341 -0.17242518
 -0.26408646 -0.52058451 -0.29623125 -0.30700116  0.00791345 -0.22337014
 -0.09195655 -0.02739427  0.32820088]

Gradient approximate =
[ 0.00331038  0.009601    0.00474339  0.0027275   0.00748814  0.00398158
  0.00342411  0.00950769  0.00492368  0.00360022  0.00990961  0.00523825
 -0.02470851 -0.01404336 -0.01277447 -0.01472706 -0.01470712 -0.03286762
 -0.01853975 -0.01695168  0.17947948  0.06629428  0.03721518  0.06484495
  0.06789746  0.2212804   0.08800304  0.02695442  0.06884825  0.0725677
  0.18755913  0.06716375  0.06815761  0.08519258  0.08716375  0.23103511
  0.10009712  0.07274369  0.09169239  0.09380231  0.02977069  0.01301059
  0.00975853  0.01199706  0.00986864  0.          0.          0.
  0.          0.          0.          0.          0.          0.
  0.          0.          0.        ]

Diff = 
[0.01129746 0.03310002 0.0141997  0.00927212 0.0287094  0.01518522
 0.01174965 0.03243004 0.01582389 0.01219422 0.03378595 0.01878727
 0.05580775 0.01980946 0.02089176 0.02480737 0.02165872 0.14545723
 0.05393969 0.05262315 0.14339377 0.03191154 0.02213342 0.04769127
 0.05118785 0.20332399 0.0674988  0.0411234  0.04428081 0.0502421
 0.16338621 0.04481956 0.13078821 0.0325289  0.06069534 0.16929644
 0.0336304  0.1627618  0.00420256 0.05137379 0.05103938 0.0709087
 0.06587368 0.05243041 0.46164889 0.19621537 0.20820341 0.17242518
 0.26408646 0.52058451 0.29623125 0.30700116 0.00791345 0.22337014
 0.09195655 0.02739427 0.32820088]

 