Iteration 0:
############################
Gradient = 
[-5.62072030e-03 -2.29856853e-02 -2.05315307e-03  5.28859970e-03
  3.14835365e-02  3.30045703e-03 -5.24725778e-03 -1.11288304e-02
  2.42875047e-03 -1.86002517e-03  3.97619495e-05  7.81632970e-03
  6.62213389e-03  3.65556202e-02  5.41849044e-03  4.06949021e-03
  1.97327079e-02  5.98402838e-03  3.38508536e-01  1.65884431e-01
  1.63487925e-01  1.66911933e-01  1.70112135e-01  1.33446641e-01
  1.63822621e-01  3.00215898e-01  1.45862583e-01  1.48970542e-01
  1.47095518e-01  1.44459442e-01  1.20019602e-01  1.49759804e-01
  3.04765845e-01  1.54221560e-01  1.48715929e-01  1.45963744e-01
  1.50148215e-01  1.35104661e-01  1.51205534e-01  3.16583173e-01
  1.48320694e-01  1.56196967e-01  1.53523374e-01  1.49990826e-01
  1.31711410e-01  1.51847566e-01  2.74639840e-01  1.39238505e-01
  1.27414877e-01  1.40891982e-01  1.40563042e-01  1.14159303e-01
  1.33347983e-01]

Gradient approximate =
[-0.00562072 -0.01992684 -0.00663085  0.0052886   0.03075223  0.00775722
 -0.00524726 -0.00887486 -0.00200419 -0.00186003  0.00211607  0.00399691
  0.00662213  0.03928423  0.00986     0.00406949  0.02054248  0.00809534
  0.33850854  0.16419719  0.16112843  0.16605348  0.16566779  0.12865657
  0.16096928  0.3002159   0.14876807  0.14536814  0.14857859  0.14835283
  0.12482598  0.14678103  0.30476584  0.15178303  0.149701    0.15061385
  0.15062186  0.13299554  0.15148411  0.31658317  0.15108006  0.15560332
  0.15212244  0.15231195  0.12899059  0.1541521   0.27463984  0.14178774
  0.12996698  0.14063859  0.13994934  0.11516465  0.13416654]

Diff = 
[3.35863368e-12 3.05884665e-03 4.57769938e-03 5.79624187e-11
 7.31310357e-04 4.45676562e-03 2.06124614e-12 2.25397142e-03
 4.43294100e-03 2.47442702e-11 2.07630488e-03 3.81941966e-03
 4.69106655e-11 2.72860935e-03 4.44150837e-03 5.46178788e-11
 8.09775408e-04 2.11131591e-03 3.96520594e-11 1.68724317e-03
 2.35949904e-03 8.58453200e-04 4.44434521e-03 4.79007201e-03
 2.85333876e-03 9.41996481e-12 2.90548699e-03 3.60240400e-03
 1.48306903e-03 3.89339287e-03 4.80638156e-03 2.97877718e-03
 3.08181258e-12 2.43852527e-03 9.85068092e-04 4.65010649e-03
 4.73648359e-04 2.10911789e-03 2.78578081e-04 5.00288699e-12
 2.75937041e-03 5.93646509e-04 1.40092889e-03 2.32112832e-03
 2.72082338e-03 2.30453031e-03 2.53564947e-11 2.54923064e-03
 2.55210535e-03 2.53394608e-04 6.13703474e-04 1.00534503e-03
 8.18559355e-04]

 Iteration 100:
############################
Gradient = 
[-0.02615369 -0.09973914 -0.02591102 -0.01992248 -0.0668686  -0.02622806
 -0.02604807 -0.09074948 -0.02246638 -0.02420418 -0.08551963 -0.01915611
 -0.0151578  -0.04651142 -0.01964305 -0.0208099  -0.07607245 -0.02342182
  0.18095898  0.10740818  0.09387552  0.10494673  0.10537627  0.07082379
  0.09640933  0.15898241  0.08269025  0.08105145  0.08228247  0.0786099
  0.06095779  0.08260668  0.16173046  0.0845021   0.07723199  0.07582184
  0.07919179  0.07317268  0.07984939  0.16777346  0.08756711  0.08706522
  0.0901136   0.08500914  0.0704392   0.08457058  0.14618287  0.07753036
  0.06451047  0.07816869  0.07713565  0.05941561  0.07022772]

Gradient approximate =
[-0.02615369 -0.10068946 -0.03147977 -0.01992248 -0.06940122 -0.02263045
 -0.02604807 -0.09196328 -0.02768404 -0.02420418 -0.08650922 -0.02354487
 -0.0151578  -0.04477248 -0.01578795 -0.0208099  -0.07759733 -0.0220336
  0.18095899  0.11243198  0.09773656  0.1107439   0.10765634  0.07094705
  0.09986269  0.15898241  0.09123746  0.08306191  0.08941297  0.08797579
  0.07015789  0.08531079  0.16173046  0.08797149  0.0837467   0.08593984
  0.08530997  0.0761577   0.08579647  0.16777346  0.09613243  0.09238673
  0.09469685  0.09307809  0.07261929  0.09263059  0.14618287  0.08544622
  0.0717473   0.08332614  0.08188489  0.06465518  0.07603379]

Diff = 
[2.63088405e-11 9.50317561e-04 5.56874158e-03 2.24844796e-12
 2.53262169e-03 3.59760730e-03 1.00448920e-11 1.21379901e-03
 5.21765249e-03 1.82603134e-11 9.89597078e-04 4.38875796e-03
 2.23143518e-11 1.73893852e-03 3.85509335e-03 2.07620691e-11
 1.52488191e-03 1.38822498e-03 7.57457985e-11 5.02380188e-03
 3.86104326e-03 5.79717800e-03 2.28007409e-03 1.23259645e-04
 3.45335644e-03 1.09737608e-10 8.54721004e-03 2.01046246e-03
 7.13050431e-03 9.36588937e-03 9.20009715e-03 2.70411360e-03
 1.07239273e-10 3.46938989e-03 6.51471374e-03 1.01180043e-02
 6.11817320e-03 2.98502176e-03 5.94708432e-03 1.13628745e-10
 8.56531698e-03 5.32151740e-03 4.58325014e-03 8.06895385e-03
 2.18009392e-03 8.06000932e-03 1.24074695e-10 7.91586334e-03
 7.23682959e-03 5.15745408e-03 4.74924305e-03 5.23957048e-03
 5.80607416e-03]

 Iteration 200:
############################
Gradient = 
[-0.01717348 -0.06020748 -0.01375566 -0.01519836 -0.04679483 -0.01920637
 -0.01777231 -0.05617747 -0.0122481  -0.01696618 -0.05428442 -0.01013508
 -0.01247376 -0.0333304  -0.01500527 -0.01543544 -0.05225716 -0.01591792
  0.0846418   0.0634254   0.05305291  0.06116747  0.06204563  0.03640635
  0.0552228   0.0782896   0.0374234   0.03938971  0.03764596  0.03482848
  0.02672726  0.0401362   0.08234176  0.03597289  0.03244551  0.02848239
  0.03231833  0.03592618  0.0340311   0.0802974   0.04333162  0.04546966
  0.04613125  0.04192338  0.0357269   0.04277816  0.07391582  0.03333902
  0.02542788  0.03472052  0.0344047   0.02673009  0.02973195]

Gradient approximate =
[-0.01717348 -0.06528745 -0.0203542  -0.01519836 -0.0523398  -0.01679899
 -0.01777231 -0.06120088 -0.01837326 -0.01696618 -0.05891744 -0.01529896
 -0.01247376 -0.0337376  -0.01206443 -0.01543544 -0.05716103 -0.01556555
  0.0846418   0.07272263  0.06056109  0.0711112   0.06850073  0.03917341
  0.06244759  0.0782896   0.04892476  0.04435655  0.04772302  0.04697651
  0.03806573  0.0458566   0.08234176  0.0423836   0.04163277  0.04113421
  0.04115219  0.04158209  0.04275652  0.0802974   0.05513848  0.05405966
  0.05408535  0.05312626  0.04051371  0.05397984  0.07391582  0.04396964
  0.03485262  0.0426425   0.04188456  0.03407169  0.03797878]

Diff = 
[2.88880378e-12 5.07997787e-03 6.59853902e-03 1.94674294e-11
 5.54496940e-03 2.40738198e-03 1.84042920e-11 5.02341437e-03
 6.12516110e-03 3.12918615e-11 4.63302500e-03 5.16388094e-03
 6.28132442e-12 4.07199220e-04 2.94084506e-03 2.14445579e-11
 4.90387278e-03 3.52364673e-04 1.46013784e-10 9.29723496e-03
 7.50817851e-03 9.94373223e-03 6.45509944e-03 2.76706286e-03
 7.22478946e-03 1.40645190e-10 1.15013615e-02 4.96684197e-03
 1.00770641e-02 1.21480324e-02 1.13384769e-02 5.72039215e-03
 1.37495848e-10 6.41071264e-03 9.18725431e-03 1.26518167e-02
 8.83386197e-03 5.65591148e-03 8.72542052e-03 1.39345493e-10
 1.18068615e-02 8.59000522e-03 7.95410141e-03 1.12028834e-02
 4.78681803e-03 1.12016807e-02 1.64999583e-10 1.06306199e-02
 9.42473362e-03 7.92197336e-03 7.47985768e-03 7.34160639e-03
 8.24683786e-03]

 Iteration 300:
############################
Gradient = 
[-0.00924995 -0.02879716 -0.00420434 -0.00898356 -0.02297767 -0.01113018
 -0.01010414 -0.02698957 -0.00364043 -0.00972004 -0.02605371 -0.00198487
 -0.00783465 -0.01376585 -0.00843442 -0.00889646 -0.02635283 -0.00779859
  0.03655503  0.03422619  0.02784227  0.03272041  0.03414386  0.01606993
  0.02924582  0.04209675  0.01270507  0.01709452  0.01348196  0.01127625
  0.00893346  0.01717765  0.04781619  0.01131521  0.0096119   0.00466872
  0.00864545  0.01680376  0.01057306  0.03959669  0.01743876  0.02199788
  0.02070029  0.01727604  0.01676709  0.01897718  0.04212741  0.01020291
  0.00543294  0.01204232  0.01211764  0.01005659  0.0087063 ]

Gradient approximate =
[-0.00924995 -0.03603555 -0.0112294  -0.00898356 -0.03022998 -0.00947089
 -0.01010414 -0.03403323 -0.01014341 -0.00972004 -0.03264088 -0.00743327
 -0.00783465 -0.01532758 -0.0060739  -0.00889646 -0.03318002 -0.00802606
  0.03655503  0.04591728  0.03732937  0.04496421  0.04295841  0.02011102
  0.03853868  0.04209675  0.02539625  0.02341927  0.02477559  0.02451594
  0.02111742  0.02427522  0.04781619  0.0188384   0.01978739  0.01807889
  0.01843556  0.02372938  0.02034888  0.03959669  0.03070648  0.0322246
  0.03026914  0.0299031   0.02282515  0.03167064  0.04212741  0.0218586
  0.01557263  0.0210722   0.02070079  0.0182731   0.01785673]

Diff = 
[6.40293374e-13 7.23839123e-03 7.02505733e-03 6.72983717e-12
 7.25231454e-03 1.65929598e-03 3.28775028e-12 7.04365396e-03
 6.50297117e-03 8.82169338e-12 6.58716832e-03 5.44839242e-03
 3.31998283e-11 1.56173711e-03 2.36052301e-03 3.27307452e-12
 6.82719396e-03 2.27470274e-04 1.62194085e-10 1.16910846e-02
 9.48710522e-03 1.22438011e-02 8.81455802e-03 4.04108994e-03
 9.29285727e-03 1.66300938e-10 1.26911789e-02 6.32475058e-03
 1.12936389e-02 1.32396892e-02 1.21839635e-02 7.09756939e-03
 1.53550478e-10 7.52319056e-03 1.01754872e-02 1.34101656e-02
 9.79010584e-03 6.92562174e-03 9.77582377e-03 1.66446898e-10
 1.32677226e-02 1.02267135e-02 9.56884753e-03 1.26270627e-02
 6.05805865e-03 1.26934658e-02 1.60064656e-10 1.16556967e-02
 1.01396830e-02 9.02988154e-03 8.58315768e-03 8.21650350e-03
 9.15042685e-03]

 Iteration 400:
############################
Gradient = 
[-5.23554768e-03 -1.42742945e-02  8.13888452e-05 -5.56242083e-03
 -1.11267550e-02 -6.88833834e-03 -6.13661281e-03 -1.33360178e-02
  2.61548140e-04 -5.92948796e-03 -1.26858746e-02  1.67724510e-03
 -5.21208182e-03 -3.06140922e-03 -4.66909480e-03 -5.36787280e-03
 -1.35137514e-02 -3.74331849e-03  1.40578596e-02  1.88091151e-02
  1.46748419e-02  1.77431940e-02  1.93788347e-02  5.36631742e-03
  1.56050760e-02  2.70139022e-02  1.72880975e-03  6.98886007e-03
  2.72957967e-03  8.43833541e-04  1.04063147e-03  6.75917908e-03
  3.39009336e-02  9.47838296e-04 -1.65212197e-04 -5.17514464e-03
 -1.25839434e-03  8.48156919e-03  5.31141153e-04  2.18283217e-02
  5.21652915e-03  1.06620460e-02  8.62330160e-03  5.65591141e-03
  7.55344058e-03  7.59363703e-03  2.92552671e-02  2.86150461e-04
 -3.01373345e-03  2.25882168e-03  2.47211485e-03  2.97785708e-03
 -3.39393324e-04]

Gradient approximate =
[-0.00523555 -0.02255032 -0.00703289 -0.00556242 -0.01920049 -0.00567073
 -0.00613661 -0.0213509  -0.00631313 -0.00592949 -0.0202054  -0.0037659
 -0.00521208 -0.00501713 -0.00262904 -0.00536787 -0.02130499 -0.004249
  0.01405786  0.03179548  0.02519782  0.03121862  0.02950302  0.00992013
  0.02599149  0.0270139   0.01474713  0.01388769  0.01439602  0.01435408
  0.01344956  0.01442614  0.03390093  0.0087434   0.01021457  0.00818675
  0.00868258  0.01601549  0.01055207  0.02182832  0.01901728  0.02167796
  0.018894    0.01882483  0.01419761  0.02092212  0.02925527  0.01217185
  0.00715695  0.01161549  0.01138993  0.01149733  0.0089906 ]

Diff = 
[1.41606431e-12 8.27602977e-03 7.11428241e-03 1.56645729e-11
 8.07373006e-03 1.21761145e-03 4.14601253e-11 8.01488653e-03
 6.57467857e-03 2.58061081e-11 7.51952256e-03 5.44314644e-03
 1.65337275e-11 1.95572202e-03 2.04005602e-03 3.12445712e-11
 7.79124224e-03 5.05683068e-04 1.58328637e-10 1.29863679e-02
 1.05229747e-02 1.34754261e-02 1.01241841e-02 4.55380855e-03
 1.03864135e-02 1.69428534e-10 1.30183247e-02 6.89883170e-03
 1.16664399e-02 1.35102471e-02 1.24089292e-02 7.66695744e-03
 1.48483656e-10 7.79556547e-03 1.03797845e-02 1.33618921e-02
 9.94097892e-03 7.53392136e-03 1.00209274e-02 1.57110640e-10
 1.38007508e-02 1.10159145e-02 1.02706991e-02 1.31689182e-02
 6.64416760e-03 1.33284797e-02 1.62275120e-10 1.18857010e-02
 1.01706844e-02 9.35666508e-03 8.91781719e-03 8.51947539e-03
 9.32998972e-03]

 Iteration 500:
############################
Gradient = 
[-0.00327745 -0.00799947  0.00179308 -0.00385002 -0.00607374 -0.00485616
 -0.00417004 -0.00750116  0.00178773 -0.00405964 -0.0069938   0.00302238
 -0.00395876  0.00201866 -0.00271241 -0.00362164 -0.00787424 -0.00194494
  0.00330119  0.01099244  0.00809112  0.01015966  0.01182867 -0.00018887
  0.0087597   0.02066803 -0.00285604  0.00259105 -0.00178974 -0.00348804
 -0.00222375  0.00223046  0.02824523 -0.00316577 -0.00413047 -0.00890624
 -0.00511909  0.00508706 -0.00354213  0.0139138  -0.00023015  0.00535353
  0.00314969  0.00047286  0.00311372  0.00239515  0.02404361 -0.0037252
 -0.00626895 -0.00175649 -0.00150615  0.00028186 -0.00397618]

Gradient approximate =
[-3.27744799e-03 -1.68157359e-02 -5.26762445e-03 -3.85001994e-03
 -1.45629363e-02 -3.92849023e-03 -4.17003754e-03 -1.60210154e-02
 -4.72941063e-03 -4.05964426e-03 -1.49893990e-02 -2.29661301e-03
 -3.95875563e-03  5.12589793e-05 -8.53451052e-04 -3.62164279e-03
 -1.61855065e-02 -2.58803860e-03  3.30118620e-03  2.47087567e-02
  1.91695529e-02  2.43177857e-02  2.27191957e-02  4.48174286e-03
  1.97412510e-02  2.06680255e-02  1.01181272e-02  9.71687211e-03
  9.88495778e-03  9.94056888e-03  1.01438941e-02  1.01090975e-02
  2.82452290e-02  4.55893099e-03  6.12715049e-03  4.08650213e-03
  4.64681564e-03  1.29504023e-02  6.38858545e-03  1.39138051e-02
  1.36788499e-02  1.67571841e-02  1.36999166e-02  1.37796395e-02
  1.00143233e-02  1.59592463e-02  2.40436061e-02  8.05965235e-03
  3.65546292e-03  7.59886363e-03  7.42226506e-03  8.87258497e-03
  5.23203483e-03]

Diff = 
[1.89585223e-11 8.81626917e-03 7.06070684e-03 2.25250417e-12
 8.48919543e-03 9.27672718e-04 6.85999087e-12 8.51985747e-03
 6.51713679e-03 8.25242218e-12 7.99559409e-03 5.31899778e-03
 1.03113264e-11 1.96740233e-03 1.85895535e-03 3.61295147e-11
 8.31126635e-03 6.43099072e-04 1.62525140e-10 1.37163202e-02
 1.10784285e-02 1.41581240e-02 1.08905292e-02 4.67061642e-03
 1.09815463e-02 1.62093727e-10 1.29741631e-02 7.12582560e-03
 1.16746994e-02 1.34286099e-02 1.23676430e-02 7.87863304e-03
 1.63316260e-10 7.72470519e-03 1.02576179e-02 1.29927372e-02
 9.76590567e-03 7.86333803e-03 9.93071512e-03 1.62081388e-10
 1.39090031e-02 1.14036493e-02 1.05502217e-02 1.33067782e-02
 6.90059836e-03 1.35640943e-02 1.55800026e-10 1.17848502e-02
 9.92441012e-03 9.35535436e-03 8.92841557e-03 8.59072568e-03
 9.20821065e-03]

 Iteration 600:
############################
Gradient = 
[-2.25868934e-03 -5.28787346e-03  2.39929665e-03 -2.95358003e-03
 -4.08532198e-03 -3.84595593e-03 -3.12636196e-03 -5.06937534e-03
  2.28569734e-03 -3.08215614e-03 -4.66418193e-03  3.36511854e-03
 -3.37603829e-03  4.50109181e-03 -1.61715556e-03 -2.71626776e-03
 -5.46000922e-03 -1.16512385e-03 -1.99712933e-03  6.99654000e-03
  4.83914311e-03  6.29820848e-03  7.92232421e-03 -3.17339573e-03
  5.35205536e-03  1.79170700e-02 -4.69424193e-03  6.68568731e-04
 -3.62899302e-03 -5.19876470e-03 -3.48706282e-03  2.58922742e-04
  2.58531841e-02 -4.72815003e-03 -5.69814687e-03 -1.01514128e-02
 -6.51703898e-03  3.77301017e-03 -5.15171522e-03  1.02663110e-02
 -2.57987606e-03  2.83821210e-03  7.00189659e-04 -1.76548822e-03
  8.68187403e-04  5.12672740e-05  2.18786633e-02 -5.29512174e-03
 -7.38309636e-03 -3.38417115e-03 -3.13586756e-03 -5.79523752e-04
 -5.36479048e-03]

Gradient approximate =
[-0.00225869 -0.01442987 -0.00455317 -0.00295358 -0.01282259 -0.00313479
 -0.00312636 -0.01389728 -0.00412637 -0.00308216 -0.01294493 -0.00179061
 -0.00337604  0.00270399  0.00013489 -0.00271627 -0.01409893 -0.00188398
 -0.00199713  0.02115559  0.01623417  0.02086076  0.01930038  0.00140599
  0.01667968  0.01791707  0.00808318  0.00787041  0.00790278  0.0080048
  0.00873194  0.00819398  0.02585318  0.00279182  0.0043064   0.00235574
  0.00295015  0.01185428  0.00455433  0.01026631  0.01125057  0.01444099
  0.01133968  0.01150131  0.00786358  0.01366971  0.02187866  0.00625688
  0.00219259  0.00583612  0.00567014  0.00799923  0.00360294]

Diff = 
[3.84631389e-12 9.14199685e-03 6.95246423e-03 1.06700091e-11
 8.73727188e-03 7.11170381e-04 5.42201267e-12 8.82790321e-03
 6.41206643e-03 9.57267468e-12 8.28075190e-03 5.15573188e-03
 9.37518943e-12 1.79710487e-03 1.75204704e-03 1.45133450e-11
 8.63891775e-03 7.18855915e-04 1.51762963e-10 1.41590516e-02
 1.13950266e-02 1.45625550e-02 1.13780526e-02 4.57938883e-03
 1.13276272e-02 1.51406457e-10 1.27774230e-02 7.20184347e-03
 1.15317779e-02 1.32035686e-02 1.22189978e-02 7.93505787e-03
 1.62289866e-10 7.51997268e-03 1.00045513e-02 1.25071498e-02
 9.46719065e-03 8.08127461e-03 9.70604246e-03 1.58147075e-10
 1.38304508e-02 1.16027754e-02 1.06394918e-02 1.32667968e-02
 6.99539310e-03 1.36184477e-02 1.60251774e-10 1.15520002e-02
 9.57568277e-03 9.22029527e-03 8.80600357e-03 8.57875833e-03
 8.96773422e-03]

 Iteration 700:
############################
Gradient = 
[-0.00166506 -0.00410085  0.00254188 -0.00242989 -0.00340902 -0.00329498
 -0.0025018  -0.00408662  0.00235547 -0.0025099  -0.00376449  0.00329711
 -0.00309927  0.00589485 -0.00090646 -0.00219303 -0.00443858 -0.00082899
 -0.00466874  0.0049175   0.00326958  0.00430979  0.00585862 -0.00489363
  0.0036745   0.01666063 -0.00537335 -0.00019923 -0.00433668 -0.00580604
 -0.00390557 -0.00062139  0.02474985 -0.00527356 -0.0063017  -0.01041541
 -0.00694038  0.00332776 -0.00576756  0.00851244 -0.00352924  0.00161244
 -0.00037609 -0.00267085 -0.00037978 -0.00098823  0.0209217  -0.0058781
 -0.00764848 -0.00404567 -0.00381432 -0.00069506 -0.00584548]

Gradient approximate =
[-0.00166506 -0.01347542 -0.00428506 -0.00242989 -0.01233166 -0.00276242
 -0.0025018  -0.01314142 -0.00393872 -0.0025099  -0.01225387 -0.00168991
 -0.00309927  0.00436179  0.00078293 -0.00219303 -0.01332321 -0.00159694
 -0.00466874  0.01937136  0.01486418  0.01913437  0.01757864 -0.00052043
  0.01522471  0.01666063  0.00714785  0.00701187  0.00699185  0.00711785
  0.00812528  0.0073019   0.02474985  0.00199228  0.00339857  0.00157176
  0.0021858   0.01158558  0.00366132  0.00851244  0.01014389  0.01332397
  0.01026808  0.01048089  0.0066255   0.01260333  0.0209217   0.00539034
  0.00154686  0.00498535  0.00481452  0.00784975  0.00283795]

Diff = 
[1.25989432e-11 9.37456822e-03 6.82694461e-03 9.47155201e-12
 8.92264183e-03 5.32560799e-04 9.25299334e-13 9.05479555e-03
 6.29418322e-03 2.44252448e-12 8.48937936e-03 4.98701263e-03
 1.22268606e-11 1.53306773e-03 1.68938678e-03 9.74141861e-12
 8.88462860e-03 7.67950377e-04 1.59670146e-10 1.44538574e-02
 1.15945993e-02 1.48245827e-02 1.17200235e-02 4.37319972e-03
 1.15502032e-02 1.54727946e-10 1.25211986e-02 7.21110958e-03
 1.13285319e-02 1.29238908e-02 1.20308500e-02 7.92329306e-03
 1.55878220e-10 7.26584260e-03 9.70026525e-03 1.19871646e-02
 9.12618395e-03 8.25782379e-03 9.42887238e-03 1.48550049e-10
 1.36731271e-02 1.17115291e-02 1.06441696e-02 1.31517425e-02
 7.00527788e-03 1.35915536e-02 1.54144485e-10 1.12684434e-02
 9.19533934e-03 9.03102148e-03 8.62884148e-03 8.54481267e-03
 8.68342791e-03]

 Iteration 800:
############################
Gradient = 
[-0.00126713 -0.00357033  0.00249434 -0.00207565 -0.00327959 -0.00295478
 -0.00207031 -0.00371647  0.00225433 -0.00212338 -0.00346544  0.00307216
 -0.00296094  0.0068677  -0.00036674 -0.00184346 -0.00401489 -0.00068583
 -0.00604082  0.00381332  0.00255895  0.00327801  0.00474337 -0.00600359
  0.00287496  0.01603187 -0.00556651 -0.00061809 -0.00456957 -0.00595335
 -0.00396997 -0.00103605  0.0241547  -0.00542051 -0.00652318 -0.01030457
 -0.00698917  0.00325819 -0.00598687  0.0076176  -0.00384479  0.00099104
 -0.00082573 -0.00297193 -0.00117424 -0.0014288   0.02044153 -0.00606612
 -0.0075918  -0.00431963 -0.00411041 -0.00050793 -0.00596626]

Gradient approximate =
[-0.00126713 -0.01313636 -0.00420536 -0.00207565 -0.0123692  -0.00257901
 -0.00207031 -0.01296615 -0.00392339 -0.00212338 -0.0121353  -0.00175413
 -0.00296094  0.00565658  0.00129094 -0.00184346 -0.0131108  -0.00149143
 -0.00604082  0.01848433  0.0142979   0.01829101  0.0167277  -0.00190607
  0.01458764  0.01603187  0.00667815  0.00657137  0.00653364  0.00667343
  0.00786177  0.00684441  0.0241547   0.00157524  0.00285341  0.00116019
  0.00178555  0.01168075  0.00314523  0.0076176   0.00964111  0.01276656
  0.00978659  0.01003623  0.00579089  0.01210038  0.02044153  0.00490076
  0.00121919  0.00449994  0.00431809  0.00800578  0.00241902]

Diff = 
[2.31842909e-12 9.56602908e-03 6.69970291e-03 9.94758356e-12
 9.08961671e-03 3.75771190e-04 1.89598168e-11 9.24968335e-03
 6.17772238e-03 1.34867087e-11 8.66986431e-03 4.82629176e-03
 2.58194984e-12 1.21112144e-03 1.65767178e-03 4.42221346e-12
 9.09591631e-03 8.05597009e-04 1.58091638e-10 1.46710150e-02
 1.17389516e-02 1.50129997e-02 1.19843292e-02 4.09752244e-03
 1.17126782e-02 1.59016560e-10 1.22446540e-02 7.18946352e-03
 1.11032064e-02 1.26267827e-02 1.18317356e-02 7.88045557e-03
 1.51544752e-10 6.99574643e-03 9.37659070e-03 1.14647576e-02
 8.77471180e-03 8.42256661e-03 9.13209551e-03 1.61295041e-10
 1.34858931e-02 1.17755152e-02 1.06123174e-02 1.30081552e-02
 6.96513026e-03 1.35291841e-02 1.58085958e-10 1.09668839e-02
 8.81099450e-03 8.81957340e-03 8.42849794e-03 8.51370948e-03
 8.38528456e-03]

 Iteration 900:
############################
Gradient = 
[-9.61902904e-04 -3.32455428e-03  2.37326065e-03 -1.79863210e-03
 -3.36792993e-03 -2.71651998e-03 -1.73021857e-03 -3.60089296e-03
  2.09196719e-03 -1.82382196e-03 -3.41308926e-03  2.79771007e-03
 -2.88723264e-03  7.70426596e-03  9.48109664e-05 -1.57360498e-03
 -3.84699165e-03 -6.27285932e-04 -6.75728276e-03  3.21218583e-03
  2.29095430e-03  2.74257261e-03  4.12648628e-03 -6.83443879e-03
  2.52392671e-03  1.56705180e-02 -5.55701572e-03 -8.43899718e-04
 -4.60400115e-03 -5.91117223e-03 -3.88562689e-03 -1.24963840e-03
  2.37608907e-02 -5.41431210e-03 -6.59446889e-03 -1.00587530e-02
 -6.90073496e-03  3.36843890e-03 -6.04824094e-03  7.12101029e-03
 -3.87375275e-03  6.60270963e-04 -9.87532485e-04 -2.99916276e-03
 -1.76364253e-03 -1.59211994e-03  2.01490863e-02 -6.09641779e-03
 -7.42260139e-03 -4.43769949e-03 -4.25181031e-03 -1.93048793e-04
 -5.94697720e-03]

Gradient approximate =
[-0.0009619  -0.01306342 -0.00420373 -0.00179863 -0.0126243  -0.00248325
 -0.00173022 -0.01303412 -0.0039762  -0.00182382 -0.01225546 -0.0018807
 -0.00288723  0.00685992  0.00174574 -0.0015736  -0.01314015 -0.00146572
 -0.00675728  0.01805868  0.01415073  0.01790576  0.01633271 -0.00306054
  0.01437126  0.01567052  0.00640716  0.00630831  0.00626782  0.00641651
  0.00774799  0.00657281  0.02376089  0.00130837  0.00245162  0.00089314
  0.00152406  0.01195722  0.00278057  0.00712101  0.00941711  0.0124766
  0.0095784   0.00985798  0.00512714  0.01186031  0.02014909  0.00456397
  0.00101023  0.0041611   0.00396587  0.00830259  0.00213813]

Diff = 
[3.58901716e-11 9.73886372e-03 6.57699304e-03 1.56602311e-11
 9.25637046e-03 2.33274007e-04 1.90810482e-11 9.43322697e-03
 6.06816534e-03 1.85269764e-11 8.84237387e-03 4.67840657e-03
 9.67701527e-12 8.44343515e-04 1.65093025e-03 8.17515586e-12
 9.29315445e-03 8.38433171e-04 1.54915749e-10 1.48464973e-02
 1.18597788e-02 1.51631886e-02 1.22062281e-02 3.77389648e-03
 1.18473342e-02 1.54653439e-10 1.19641726e-02 7.15221109e-03
 1.08718218e-02 1.23276836e-02 1.16336170e-02 7.82244621e-03
 1.65097970e-10 6.72268170e-03 9.04608964e-03 1.09518894e-02
 8.42479316e-03 8.58877650e-03 8.82881320e-03 1.60233908e-10
 1.32908643e-02 1.18163278e-02 1.05659304e-02 1.28571389e-02
 6.89078507e-03 1.34524278e-02 1.58606097e-10 1.06603869e-02
 8.43282774e-03 8.59880127e-03 8.21767656e-03 8.49564106e-03
 8.08510378e-03]

 