Iteration 0:
############################
Gradient = 
[-1.55214414e-04 -5.33551106e-05 -5.87586913e-04 -1.04546631e-04
  3.35645897e-04  6.54796524e-04 -2.28482959e-04 -2.62604304e-04
 -2.16068365e-04  1.96755620e-04  8.11175294e-04  1.88392583e-04
 -9.95635278e-03 -4.89889791e-03 -5.65724856e-03 -5.28668575e-03
 -5.43971817e-03  7.88648700e-03  4.10089540e-03  5.06968931e-03
  4.10715309e-03  3.70938291e-03  2.79523055e-01  1.39961552e-01
  1.34422305e-01  2.90381421e-01  1.44959844e-01  1.39016996e-01
  3.01702764e-01  1.51599734e-01  1.45368683e-01  2.82197964e-01
  1.41233196e-01  1.36512253e-01  2.76338054e-01  1.37278809e-01
  1.33708874e-01]

Gradient approximate =
[-1.00325608e-04 -2.94096885e-04 -1.00970363e-04 -1.45361552e-04
 -5.42471734e-04 -1.83804909e-04 -1.10210112e-04 -2.59489934e-04
 -8.32665537e-05  1.51387709e-04  2.85662387e-01  1.43632077e-01
  1.29808109e-01  3.27536267e-01  1.61598529e-01  1.55248575e-01
  2.66083572e-01  1.33620709e-01  1.28969874e-01  3.03482612e-01
  1.51913449e-01  1.45956878e-01  2.79523055e-01  1.39769475e-01
  1.34461059e-01  0.00000000e+00  0.00000000e+00  0.00000000e+00
  0.00000000e+00  0.00000000e+00  0.00000000e+00  0.00000000e+00
  0.00000000e+00  0.00000000e+00  0.00000000e+00  0.00000000e+00
  0.00000000e+00]

Diff = 
[5.48888065e-05 2.40741774e-04 4.86616550e-04 4.08149208e-05
 8.78117631e-04 8.38601433e-04 1.18272847e-04 3.11436990e-06
 1.32801811e-04 4.53679108e-05 2.84851211e-01 1.43443685e-01
 1.39764462e-01 3.32435165e-01 1.67255778e-01 1.60535261e-01
 2.71523290e-01 1.25734222e-01 1.24868979e-01 2.98412922e-01
 1.47806296e-01 1.42247495e-01 3.42790796e-11 1.92076575e-04
 3.87539747e-05 2.90381421e-01 1.44959844e-01 1.39016996e-01
 3.01702764e-01 1.51599734e-01 1.45368683e-01 2.82197964e-01
 1.41233196e-01 1.36512253e-01 2.76338054e-01 1.37278809e-01
 1.33708874e-01]

 Iteration 100:
############################
Gradient = 
[-1.57958542e-04  2.83511571e-04 -5.04899192e-04 -2.72351189e-04
  2.16001514e-04  5.03761528e-04 -1.46593170e-04  4.11233827e-04
  4.07207053e-06  2.12562881e-04  3.76659662e-04  9.25991167e-05
 -1.11130707e-02 -5.10064364e-03 -5.63410241e-03 -5.43305864e-03
 -6.04491162e-03 -5.46042634e-03 -2.92323605e-03 -2.99770114e-03
 -3.47443357e-03 -2.56285865e-03  2.86195956e-01  1.45300203e-01
  1.37704185e-01  3.33927321e-01  1.69764970e-01  1.62023915e-01
  2.71604713e-01  1.36376853e-01  1.31105868e-01  3.05402228e-01
  1.54446794e-01  1.47528735e-01  1.75878433e-01  8.66256475e-02
  8.35362552e-02]

Gradient approximate =
[-4.24501434e-05 -1.35959453e-04 -2.12313789e-05 -9.77817050e-05
 -3.86597390e-04 -1.22514157e-04 -2.60194288e-05 -4.54364257e-05
  3.29315419e-05  6.27022945e-05  2.86415442e-01  1.45546323e-01
  1.35072929e-01  3.32191699e-01  1.67032163e-01  1.59483299e-01
  2.70056776e-01  1.33457180e-01  1.29217418e-01  3.03044349e-01
  1.52639508e-01  1.45883110e-01  2.86195956e-01  1.44586728e-01
  1.38268322e-01  0.00000000e+00  0.00000000e+00  0.00000000e+00
  0.00000000e+00  0.00000000e+00  0.00000000e+00  0.00000000e+00
  0.00000000e+00  0.00000000e+00  0.00000000e+00  0.00000000e+00
  0.00000000e+00]

Diff = 
[1.15508398e-04 4.19471024e-04 4.83667813e-04 1.74569484e-04
 6.02598903e-04 6.26275685e-04 1.20573741e-04 4.56670252e-04
 2.88594714e-05 1.49860587e-04 2.86038782e-01 1.45453724e-01
 1.46186000e-01 3.37292343e-01 1.72666266e-01 1.64916358e-01
 2.76101687e-01 1.38917606e-01 1.32140654e-01 3.06042050e-01
 1.56113942e-01 1.48445968e-01 3.32173178e-12 7.13474386e-04
 5.64136579e-04 3.33927321e-01 1.69764970e-01 1.62023915e-01
 2.71604713e-01 1.36376853e-01 1.31105868e-01 3.05402228e-01
 1.54446794e-01 1.47528735e-01 1.75878433e-01 8.66256475e-02
 8.35362552e-02]

 Iteration 200:
############################
Gradient = 
[-1.29003839e-04  5.65141644e-04 -5.16474615e-04 -2.10416832e-04
  8.02005242e-04  4.85802619e-04 -1.26009938e-04  6.09545471e-04
 -1.47179349e-05  1.42143933e-04 -5.63585802e-05  5.38685237e-05
 -8.12163166e-03 -3.25367980e-03 -3.59389730e-03 -3.48608847e-03
 -4.60307415e-03 -3.39495269e-03 -1.58569164e-03 -1.51068921e-03
 -2.06130525e-03 -1.59708604e-03  2.87295995e-01  1.47374575e-01
  1.39113563e-01  3.36377199e-01  1.72791579e-01  1.64139566e-01
  2.73818774e-01  1.38943503e-01  1.32910064e-01  3.06652486e-01
  1.56709016e-01  1.48972014e-01  8.14214182e-02  3.77526733e-02
  3.67219151e-02]

Gradient approximate =
[-3.53798901e-05 -1.15500880e-04 -1.88542559e-05 -6.20095619e-05
 -2.55909296e-04 -8.20370749e-05 -3.18035798e-05 -7.76623788e-05
  1.54515800e-05  3.99747480e-05  2.87433310e-01  1.47599314e-01
  1.37339690e-01  3.35153722e-01  1.70579610e-01  1.62097650e-01
  2.72725574e-01  1.38170689e-01  1.32178183e-01  3.05648399e-01
  1.56144802e-01  1.48334989e-01  2.87295995e-01  1.46616012e-01
  1.39548486e-01  0.00000000e+00  0.00000000e+00  0.00000000e+00
  0.00000000e+00  0.00000000e+00  0.00000000e+00  0.00000000e+00
  0.00000000e+00  0.00000000e+00  0.00000000e+00  0.00000000e+00
  0.00000000e+00]

Diff = 
[9.36239490e-05 6.80642524e-04 4.97620359e-04 1.48407270e-04
 1.05791454e-03 5.67839694e-04 9.42063584e-05 6.87207850e-04
 3.01695149e-05 1.02169186e-04 2.87489668e-01 1.47545446e-01
 1.45461321e-01 3.38407402e-01 1.74173507e-01 1.65583739e-01
 2.77328649e-01 1.41565641e-01 1.33763874e-01 3.07159088e-01
 1.58206108e-01 1.49932075e-01 1.42226786e-11 7.58563200e-04
 4.34922739e-04 3.36377199e-01 1.72791579e-01 1.64139566e-01
 2.73818774e-01 1.38943503e-01 1.32910064e-01 3.06652486e-01
 1.56709016e-01 1.48972014e-01 8.14214182e-02 3.77526733e-02
 3.67219151e-02]

 Iteration 300:
############################
Gradient = 
[-2.23587639e-05  1.14246482e-03 -4.28389778e-04 -7.69938555e-06
  1.91227766e-03  6.40626631e-04 -4.28545513e-05  1.05110992e-03
  4.87515649e-05  1.77054539e-05 -6.92018322e-04 -5.36528402e-05
 -9.73387368e-04  7.92767651e-04  9.38000220e-04  8.20024694e-04
 -1.23065664e-03  2.56646898e-03  1.80650745e-03  2.29121802e-03
  1.55207245e-03  1.18719590e-03  2.87956645e-01  1.48326191e-01
  1.39543410e-01  3.37138223e-01  1.73912268e-01  1.64596736e-01
  2.74629977e-01  1.39947516e-01  1.33364044e-01  3.06662195e-01
  1.57370235e-01  1.49045808e-01  2.67271198e-03 -3.99326481e-03
 -2.92518931e-03]

Gradient approximate =
[-3.38877593e-05 -1.10777347e-04 -1.76561676e-05 -5.03930853e-05
 -2.10480238e-04 -6.54760957e-05 -3.54824281e-05 -9.46404088e-05
  8.02118150e-06  3.51261176e-05  2.88076764e-01  1.48546689e-01
  1.37919056e-01  3.36021541e-01  1.71805746e-01  1.62653963e-01
  2.73629756e-01  1.40008029e-01  1.33085099e-01  3.06181819e-01
  1.57291685e-01  1.48798310e-01  2.87956645e-01  1.47565608e-01
  1.39931734e-01  0.00000000e+00  0.00000000e+00  0.00000000e+00
  0.00000000e+00  0.00000000e+00  0.00000000e+00  0.00000000e+00
  0.00000000e+00  0.00000000e+00  0.00000000e+00  0.00000000e+00
  0.00000000e+00]

Diff = 
[1.15289954e-05 1.25324217e-03 4.10733611e-04 4.26936997e-05
 2.12275790e-03 7.06102726e-04 7.37212320e-06 1.14575033e-03
 4.07303834e-05 1.74206637e-05 2.88768783e-01 1.48600342e-01
 1.38892443e-01 3.35228773e-01 1.70867745e-01 1.61833938e-01
 2.74860413e-01 1.37441560e-01 1.31278591e-01 3.03890600e-01
 1.55739612e-01 1.47611114e-01 1.94190219e-11 7.60583511e-04
 3.88324118e-04 3.37138223e-01 1.73912268e-01 1.64596736e-01
 2.74629977e-01 1.39947516e-01 1.33364044e-01 3.06662195e-01
 1.57370235e-01 1.49045808e-01 2.67271198e-03 3.99326481e-03
 2.92518931e-03]

 Iteration 400:
############################
Gradient = 
[ 9.76907527e-05  1.69475798e-03 -2.96936383e-04  2.31279797e-04
  3.06587335e-03  8.65390304e-04  4.92578400e-05  1.45633866e-03
  1.52485515e-04 -1.36251264e-04 -1.49802254e-03 -1.86155431e-04
  7.82440882e-03  5.65676710e-03  6.38850819e-03  6.01099514e-03
  2.89836652e-03  9.91678954e-03  5.86948201e-03  6.82779902e-03
  5.88659402e-03  4.61711759e-03  2.87893520e-01  1.47536474e-01
  1.38407096e-01  3.35359670e-01  1.72131575e-01  1.62490294e-01
  2.73229989e-01  1.38511418e-01  1.31678323e-01  3.04730056e-01
  1.55565762e-01  1.46965199e-01 -5.78633907e-02 -3.63952700e-02
 -3.35112058e-02]

Gradient approximate =
[-4.45442505e-05 -1.43608216e-04 -2.26445929e-05 -7.97114086e-05
 -3.10374360e-04 -9.02131303e-05 -4.01545419e-05 -1.03908362e-04
  1.08206444e-05  5.32613731e-05  2.88079215e-01  1.47773771e-01
  1.35824533e-01  3.33718155e-01  1.69483035e-01  1.60022394e-01
  2.71756435e-01  1.37362302e-01  1.30759086e-01  3.03487630e-01
  1.54797403e-01  1.46143994e-01  2.87893520e-01  1.46834877e-01
  1.38874561e-01  0.00000000e+00  0.00000000e+00  0.00000000e+00
  0.00000000e+00  0.00000000e+00  0.00000000e+00  0.00000000e+00
  0.00000000e+00  0.00000000e+00  0.00000000e+00  0.00000000e+00
  0.00000000e+00]

Diff = 
[1.42235003e-04 1.83836620e-03 2.74291791e-04 3.10991205e-04
 3.37624771e-03 9.55603434e-04 8.94123819e-05 1.56024702e-03
 1.41664870e-04 1.89512637e-04 2.89577237e-01 1.47959926e-01
 1.28000124e-01 3.28061388e-01 1.63094527e-01 1.54011399e-01
 2.68858068e-01 1.27445512e-01 1.24889604e-01 2.96659831e-01
 1.48910809e-01 1.41526877e-01 2.48370213e-11 7.01597309e-04
 4.67465572e-04 3.35359670e-01 1.72131575e-01 1.62490294e-01
 2.73229989e-01 1.38511418e-01 1.31678323e-01 3.04730056e-01
 1.55565762e-01 1.46965199e-01 5.78633907e-02 3.63952700e-02
 3.35112058e-02]

 Iteration 500:
############################
Gradient = 
[ 1.53612952e-04  1.85310233e-03 -1.98355199e-04  3.98238379e-04
  3.77167243e-03  1.04938782e-03  7.83462789e-05  1.47587288e-03
  2.27801039e-04 -3.32730311e-04 -2.58283700e-03 -3.45189424e-04
  1.64748007e-02  1.03532425e-02  1.16279665e-02  1.10381734e-02
  6.96746790e-03  1.68602402e-02  9.62326289e-03  1.09782366e-02
  9.89744164e-03  7.87173077e-03  2.87118405e-01  1.44927912e-01
  1.35664503e-01  3.30925240e-01  1.67326640e-01  1.57753666e-01
  2.69534336e-01  1.34538765e-01  1.27805226e-01  3.00819876e-01
  1.51222451e-01  1.42703840e-01 -1.01581390e-01 -5.94032449e-02
 -5.51672917e-02]

Gradient approximate =
[-5.08667974e-05 -1.52188813e-04 -1.49231871e-05 -1.33409441e-04
 -4.94836672e-04 -1.37864591e-04 -2.84431434e-05 -4.03832878e-05
  4.38763559e-05  1.06800249e-04  2.87498620e-01  1.45216724e-01
  1.31001142e-01  3.28120883e-01  1.63490112e-01  1.54131970e-01
  2.67004063e-01  1.30033038e-01  1.25105236e-01  2.97483015e-01
  1.48536321e-01  1.40285375e-01  2.87118405e-01  1.44344584e-01
  1.36341900e-01  0.00000000e+00  0.00000000e+00  0.00000000e+00
  0.00000000e+00  0.00000000e+00  0.00000000e+00  0.00000000e+00
  0.00000000e+00  0.00000000e+00  0.00000000e+00  0.00000000e+00
  0.00000000e+00]

Diff = 
[2.04479749e-04 2.00529114e-03 1.83432012e-04 5.31647821e-04
 4.26650911e-03 1.18725241e-03 1.06789422e-04 1.51625617e-03
 1.83924683e-04 4.39530560e-04 2.90081457e-01 1.45561913e-01
 1.14526341e-01 3.17767641e-01 1.51862146e-01 1.43093796e-01
 2.60036595e-01 1.13172798e-01 1.15481973e-01 2.86504779e-01
 1.38638879e-01 1.32413644e-01 1.69041448e-11 5.83327571e-04
 6.77396910e-04 3.30925240e-01 1.67326640e-01 1.57753666e-01
 2.69534336e-01 1.34538765e-01 1.27805226e-01 3.00819876e-01
 1.51222451e-01 1.42703840e-01 1.01581390e-01 5.94032449e-02
 5.51672917e-02]

 Iteration 600:
############################
Gradient = 
[ 9.94083698e-05  1.39322993e-03 -1.78791290e-04  4.30352296e-04
  3.73629279e-03  1.12839457e-03  3.72837759e-07  8.90336974e-04
  2.31090783e-04 -5.87238477e-04 -4.04424522e-03 -5.40033403e-04
  2.40586311e-02  1.44026548e-02  1.61004867e-02  1.53901255e-02
  1.05886662e-02  2.24820122e-02  1.25959979e-02  1.42038263e-02
  1.30806729e-02  1.05528187e-02  2.85866755e-01  1.40778810e-01
  1.31628673e-01  3.24188182e-01  1.59944214e-01  1.50855804e-01
  2.63921041e-01  1.28442813e-01  1.22171254e-01  2.95311317e-01
  1.44769253e-01  1.36706944e-01 -1.31916493e-01 -7.44778673e-02
 -6.94088003e-02]

Gradient approximate =
[-1.65089054e-05 -1.93826510e-06  4.58153337e-05 -1.67935419e-04
 -6.04231487e-04 -1.60359230e-04  3.57110452e-05  2.28431150e-04
  1.46558923e-04  2.18225829e-04  2.86654861e-01  1.41179787e-01
  1.24005272e-01  3.19719482e-01  1.54427845e-01  1.45591119e-01
  2.59855274e-01  1.18739269e-01  1.16721361e-01  2.88763035e-01
  1.39118062e-01  1.31785500e-01  2.85866755e-01  1.40360802e-01
  1.32630928e-01  0.00000000e+00  0.00000000e+00  0.00000000e+00
  0.00000000e+00  0.00000000e+00  0.00000000e+00  0.00000000e+00
  0.00000000e+00  0.00000000e+00  0.00000000e+00  0.00000000e+00
  0.00000000e+00]

Diff = 
[1.15917275e-04 1.39516819e-03 2.24606623e-04 5.98287715e-04
 4.34052427e-03 1.28875380e-03 3.53382075e-05 6.61905825e-04
 8.45318600e-05 8.05464306e-04 2.90699106e-01 1.41719820e-01
 9.99466405e-02 3.05316827e-01 1.38327358e-01 1.30200993e-01
 2.49266608e-01 9.62572565e-02 1.04125363e-01 2.74559209e-01
 1.26037389e-01 1.21232681e-01 1.51806345e-12 4.18007533e-04
 1.00225589e-03 3.24188182e-01 1.59944214e-01 1.50855804e-01
 2.63921041e-01 1.28442813e-01 1.22171254e-01 2.95311317e-01
 1.44769253e-01 1.36706944e-01 1.31916493e-01 7.44778673e-02
 6.94088003e-02]

 Iteration 700:
############################
Gradient = 
[-7.14293972e-05  2.70961262e-04 -2.44575058e-04  3.16013040e-04
  2.89213857e-03  1.09116030e-03 -1.90739982e-04 -3.45110614e-04
  1.56047918e-04 -9.01978167e-04 -5.90539922e-03 -7.69463408e-04
  3.02986218e-02  1.77031947e-02  1.96825441e-02  1.89549759e-02
  1.36852127e-02  2.65280810e-02  1.46978223e-02  1.64056809e-02
  1.53374797e-02  1.25738192e-02  2.84470853e-01  1.35497275e-01
  1.26736793e-01  3.15686340e-01  1.50652426e-01  1.42459455e-01
  2.56943056e-01  1.20829595e-01  1.15370110e-01  2.88736051e-01
  1.36813719e-01  1.29576438e-01 -1.52552828e-01 -8.35420542e-02
 -7.81438100e-02]

Gradient approximate =
[ 9.86571069e-05  4.55014619e-04  2.03622357e-04 -1.33344318e-04
 -4.55244424e-04 -1.02612834e-04  1.91600911e-04  8.45827925e-04
  3.61010388e-04  4.12032144e-04  2.85972324e-01  1.36099629e-01
  1.15623394e-01  3.09238652e-01  1.43170848e-01  1.35253242e-01
  2.51013704e-01  1.04560591e-01  1.06446623e-01  2.78164469e-01
  1.27411232e-01  1.21426116e-01  2.84470853e-01  1.35280836e-01
  1.28159851e-01  0.00000000e+00  0.00000000e+00  0.00000000e+00
  0.00000000e+00  0.00000000e+00  0.00000000e+00  0.00000000e+00
  0.00000000e+00  0.00000000e+00  0.00000000e+00  0.00000000e+00
  0.00000000e+00]

Diff = 
[1.70086504e-04 1.84053358e-04 4.48197414e-04 4.49357358e-04
 3.34738299e-03 1.19377313e-03 3.82340892e-04 1.19093854e-03
 2.04962471e-04 1.31401031e-03 2.91877724e-01 1.36869093e-01
 8.53247717e-02 2.91535457e-01 1.23488304e-01 1.16298266e-01
 2.37328491e-01 7.80325100e-02 9.17488007e-02 2.61758789e-01
 1.12073752e-01 1.08852297e-01 2.16051066e-11 2.16439445e-04
 1.42305792e-03 3.15686340e-01 1.50652426e-01 1.42459455e-01
 2.56943056e-01 1.20829595e-01 1.15370110e-01 2.88736051e-01
 1.36813719e-01 1.29576438e-01 1.52552828e-01 8.35420542e-02
 7.81438100e-02]

 Iteration 800:
############################
Gradient = 
[-3.40198912e-04 -1.43647943e-03 -3.77542073e-04  7.61525856e-05
  1.32421680e-03  9.58686981e-04 -4.75937488e-04 -2.15270511e-03
  2.01495182e-05 -1.26715571e-03 -8.12319849e-03 -1.02243687e-03
  3.52454435e-02  2.03465253e-02  2.24749511e-02  2.18246885e-02
  1.63356681e-02  2.90970141e-02  1.60355972e-02  1.77130890e-02
  1.67775993e-02  1.40071671e-02  2.83260583e-01  1.29464028e-01
  1.21393670e-01  3.05953355e-01  1.40105289e-01  1.33192556e-01
  2.49135467e-01  1.12282797e-01  1.07956647e-01  2.81603716e-01
  1.27926742e-01  1.21864265e-01 -1.66525374e-01 -8.83169596e-02
 -8.30552438e-02]

Gradient approximate =
[3.24949792e-04 1.32919647e-03 4.91103223e-04 9.40559852e-06
 9.49992618e-05 7.80529485e-05 4.68154009e-04 1.91544529e-03
 7.17141577e-04 7.06548560e-04 2.85849705e-01 1.30378599e-01
 1.06608177e-01 2.97386857e-01 1.30563557e-01 1.23925319e-01
 2.41160707e-01 8.85552202e-02 9.50576213e-02 2.66474098e-01
 1.14224790e-01 1.09923518e-01 2.83260583e-01 1.29484422e-01
 1.23322038e-01 0.00000000e+00 0.00000000e+00 0.00000000e+00
 0.00000000e+00 0.00000000e+00 0.00000000e+00 0.00000000e+00
 0.00000000e+00 0.00000000e+00 0.00000000e+00 0.00000000e+00
 0.00000000e+00]

Diff = 
[6.65148703e-04 2.76567589e-03 8.68645295e-04 6.67469871e-05
 1.22921754e-03 8.80634033e-04 9.44091497e-04 4.06815040e-03
 6.96992059e-04 1.97370427e-03 2.93972903e-01 1.31401035e-01
 7.13627335e-02 2.77040332e-01 1.08088606e-01 1.02100631e-01
 2.24825039e-01 5.94582062e-02 7.90220241e-02 2.48761009e-01
 9.74471910e-02 9.59163513e-02 1.13191123e-11 2.03933503e-05
 1.92836815e-03 3.05953355e-01 1.40105289e-01 1.33192556e-01
 2.49135467e-01 1.12282797e-01 1.07956647e-01 2.81603716e-01
 1.27926742e-01 1.21864265e-01 1.66525374e-01 8.83169596e-02
 8.30552438e-02]

 Iteration 900:
############################
Gradient = 
[-6.78327710e-04 -3.59533370e-03 -5.51558175e-04 -2.54967498e-04
 -8.08670213e-04  7.63211884e-04 -8.25652399e-04 -4.39345695e-03
 -1.50988069e-04 -1.66620874e-03 -1.06120307e-02 -1.28347606e-03
  3.90570930e-02  2.24821192e-02  2.46486375e-02  2.41513324e-02
  1.86608847e-02  3.04172184e-02  1.67763741e-02  1.83263879e-02
  1.75748045e-02  1.49735566e-02  2.82513410e-01  1.22963773e-01
  1.15905420e-01  2.95436223e-01  1.28841237e-01  1.23552246e-01
  2.40930578e-01  1.03271629e-01  1.00360963e-01  2.74326751e-01
  1.18553172e-01  1.13989304e-01 -1.76035555e-01 -9.01038871e-02
 -8.54054255e-02]

Gradient approximate =
[6.77317662e-04 2.67297686e-03 9.23252443e-04 2.80923662e-04
 1.12036920e-03 4.03351044e-04 8.78084101e-04 3.47931159e-03
 1.22619409e-03 1.11004226e-03 2.86594953e-01 1.24311550e-01
 9.75611325e-02 2.84749137e-01 1.17291553e-01 1.12246907e-01
 2.30850072e-01 7.15903899e-02 8.31428137e-02 2.54305043e-01
 1.00176710e-01 9.78140443e-02 2.82513410e-01 1.23267657e-01
 1.18422247e-01 0.00000000e+00 0.00000000e+00 0.00000000e+00
 0.00000000e+00 0.00000000e+00 0.00000000e+00 0.00000000e+00
 0.00000000e+00 0.00000000e+00 0.00000000e+00 0.00000000e+00
 0.00000000e+00]

Diff = 
[1.35564537e-03 6.26831055e-03 1.47481062e-03 5.35891161e-04
 1.92903941e-03 3.59860840e-04 1.70373650e-03 7.87276854e-03
 1.37718216e-03 2.77625100e-03 2.97206983e-01 1.25595026e-01
 5.85040395e-02 2.62267018e-01 9.26429158e-02 8.80955744e-02
 2.12189187e-01 4.11731716e-02 6.63664396e-02 2.35978655e-01
 8.26019055e-02 8.28404878e-02 7.51138041e-12 3.03883812e-04
 2.51682730e-03 2.95436223e-01 1.28841237e-01 1.23552246e-01
 2.40930578e-01 1.03271629e-01 1.00360963e-01 2.74326751e-01
 1.18553172e-01 1.13989304e-01 1.76035555e-01 9.01038871e-02
 8.54054255e-02]

 