Iteration 0:
############################
Gradient = 
[-2.74423586e-06 -2.54842755e-03 -1.97931603e-03  3.77298730e-07
 -3.35652672e-03 -1.59294575e-03 -1.99953999e-04 -2.92714556e-04
 -2.37083623e-03 -1.41749161e-04  2.92072617e-03  2.88476303e-03
  7.60053819e-03  4.81509855e-03  3.29580401e-03  1.08364907e-02
  1.73866160e-03  4.67341330e-03  2.94494873e-01  1.56038236e-01
  1.44326638e-01  3.25060196e-01  1.70485393e-01  1.61039480e-01
  3.22840282e-01  1.68802908e-01  1.60910647e-01  2.79787859e-01
  1.45960272e-01  1.37955583e-01  2.86144176e-01  1.48614077e-01
  1.44168542e-01]

Gradient approximate =
[-4.38435510e-06 -2.89398905e-05 -1.80288806e-05 -3.05705461e-06
 -2.62920552e-05 -1.33525457e-05  2.76795078e-01  1.29782865e-01
  1.51069573e-01  3.42410800e-01  1.60562707e-01  1.87048138e-01
  3.21435113e-01  1.50682150e-01  1.75491580e-01  2.93015163e-01
  1.37342054e-01  1.59966800e-01  2.93199536e-01  1.37455544e-01
  1.60073703e-01  0.00000000e+00  0.00000000e+00  0.00000000e+00
  0.00000000e+00  0.00000000e+00  0.00000000e+00  0.00000000e+00
  0.00000000e+00  0.00000000e+00  0.00000000e+00  0.00000000e+00
  0.00000000e+00]

Diff = 
[1.64011924e-06 2.51948766e-03 1.96128715e-03 3.43435334e-06
 3.33023466e-03 1.57959320e-03 2.76995032e-01 1.30075579e-01
 1.53440409e-01 3.42552549e-01 1.57641980e-01 1.84163375e-01
 3.13834575e-01 1.45867051e-01 1.72195776e-01 2.82178672e-01
 1.35603393e-01 1.55293386e-01 1.29533627e-03 1.85826919e-02
 1.57470649e-02 3.25060196e-01 1.70485393e-01 1.61039480e-01
 3.22840282e-01 1.68802908e-01 1.60910647e-01 2.79787859e-01
 1.45960272e-01 1.37955583e-01 2.86144176e-01 1.48614077e-01
 1.44168542e-01]

 Iteration 100:
############################
Gradient = 
[-3.91730878e-06 -2.46580638e-03 -1.91652978e-03 -8.94214989e-07
 -3.24220509e-03 -1.54058851e-03 -2.06364715e-04 -2.78034832e-04
 -2.28567234e-03 -2.01610473e-04  2.79904737e-03  2.76430215e-03
 -9.40879997e-05 -2.39687387e-04 -2.24694264e-03 -9.69566924e-03
 -1.68683482e-03 -2.39891928e-03  2.69100828e-01  1.26068174e-01
  1.44533018e-01  3.45338319e-01  1.64903852e-01  1.91162759e-01
  3.20441892e-01  1.51513794e-01  1.73941497e-01  2.94939046e-01
  1.35029989e-01  1.59651175e-01  1.93096586e-01  8.87890080e-02
  9.95665658e-02]

Gradient approximate =
[-3.96599420e-06 -2.81753221e-05 -1.64581149e-05 -3.98167943e-06
 -3.41579232e-05 -1.31483979e-05  2.82666674e-01  1.32653284e-01
  1.54034665e-01  3.46538295e-01  1.62646057e-01  1.89036187e-01
  2.69100828e-01  1.26245739e-01  1.46732818e-01  3.45338319e-01
  1.62039191e-01  1.88328423e-01  2.69100828e-01  1.26248066e-01
  1.46730951e-01  0.00000000e+00  0.00000000e+00  0.00000000e+00
  0.00000000e+00  0.00000000e+00  0.00000000e+00  0.00000000e+00
  0.00000000e+00  0.00000000e+00  0.00000000e+00  0.00000000e+00
  0.00000000e+00]

Diff = 
[4.86854246e-08 2.43763106e-03 1.90007167e-03 3.08746444e-06
 3.20804717e-03 1.52744011e-03 2.82873039e-01 1.32931319e-01
 1.56320338e-01 3.46739905e-01 1.59847010e-01 1.86271885e-01
 2.69194916e-01 1.26485426e-01 1.48979761e-01 3.55033988e-01
 1.63726026e-01 1.90727342e-01 3.49782980e-11 1.79892173e-04
 2.19793304e-03 3.45338319e-01 1.64903852e-01 1.91162759e-01
 3.20441892e-01 1.51513794e-01 1.73941497e-01 2.94939046e-01
 1.35029989e-01 1.59651175e-01 1.93096586e-01 8.87890080e-02
 9.95665658e-02]

 Iteration 200:
############################
Gradient = 
[-2.84663887e-06 -2.37897419e-03 -1.85183536e-03 -1.88959773e-07
 -3.13384202e-03 -1.48819775e-03 -1.85916447e-04 -2.63708986e-04
 -2.20629018e-03 -1.52219409e-04  2.72505839e-03  2.69034529e-03
 -2.14324057e-03 -1.19385970e-03 -3.28598517e-03 -9.16158998e-03
 -1.52690249e-03 -2.20580988e-03  2.69499462e-01  1.26369525e-01
  1.44652542e-01  3.44687983e-01  1.64640998e-01  1.90493069e-01
  3.21358474e-01  1.52101865e-01  1.74334650e-01  2.97983662e-01
  1.36637384e-01  1.61205624e-01  1.01209433e-01  4.14590016e-02
  4.45146238e-02]

Gradient approximate =
[-3.59571706e-06 -2.63853872e-05 -1.55817004e-05 -3.61482844e-06
 -3.21132188e-05 -1.24631638e-05  2.82617831e-01  1.32737843e-01
  1.53832701e-01  3.45839118e-01  1.62450823e-01  1.88427946e-01
  2.69499462e-01  1.26539156e-01  1.46775925e-01  3.44687983e-01
  1.61868664e-01  1.87750438e-01  2.69499462e-01  1.26541269e-01
  1.46774224e-01  0.00000000e+00  0.00000000e+00  0.00000000e+00
  0.00000000e+00  0.00000000e+00  0.00000000e+00  0.00000000e+00
  0.00000000e+00  0.00000000e+00  0.00000000e+00  0.00000000e+00
  0.00000000e+00]

Diff = 
[7.49078188e-07 2.35258880e-03 1.83625366e-03 3.42586866e-06
 3.10172881e-03 1.47573459e-03 2.82803748e-01 1.33001552e-01
 1.56038991e-01 3.45991338e-01 1.59725764e-01 1.85737601e-01
 2.71642703e-01 1.27733016e-01 1.50061911e-01 3.53849573e-01
 1.63395567e-01 1.89956248e-01 1.90967797e-11 1.71744273e-04
 2.12168226e-03 3.44687983e-01 1.64640998e-01 1.90493069e-01
 3.21358474e-01 1.52101865e-01 1.74334650e-01 2.97983662e-01
 1.36637384e-01 1.61205624e-01 1.01209433e-01 4.14590016e-02
 4.45146238e-02]

 Iteration 300:
############################
Gradient = 
[-1.49742408e-06 -2.29410372e-03 -1.78893094e-03 -4.17637230e-07
 -3.03232777e-03 -1.43869643e-03 -7.43758067e-05 -2.11717015e-04
 -2.09238214e-03 -7.96413283e-05  2.66349978e-03  2.62862596e-03
  4.68221944e-04  4.92219510e-05 -1.80728124e-03 -3.70093604e-03
  9.60597898e-04  6.52532836e-04  2.69862756e-01  1.26644088e-01
  1.44749154e-01  3.44038605e-01  1.64368370e-01  1.89827255e-01
  3.22110684e-01  1.52595342e-01  1.74627782e-01  2.99859047e-01
  1.37640202e-01  1.62065986e-01  2.28286318e-02  3.93533755e-04
 -3.07455336e-03]

Gradient approximate =
[-3.25984351e-06 -2.47361398e-05 -1.47635126e-05 -3.27878169e-06
 -3.02076675e-05 -1.18187482e-05  2.82539929e-01  1.32799193e-01
  1.53614642e-01  3.45136493e-01  1.62241579e-01  1.87819190e-01
  2.69862756e-01  1.26806835e-01  1.46799487e-01  3.44038605e-01
  1.61686138e-01  1.87174055e-01  2.69862756e-01  1.26808752e-01
  1.46797939e-01  0.00000000e+00  0.00000000e+00  0.00000000e+00
  0.00000000e+00  0.00000000e+00  0.00000000e+00  0.00000000e+00
  0.00000000e+00  0.00000000e+00  0.00000000e+00  0.00000000e+00
  0.00000000e+00]

Diff = 
[1.76241943e-06 2.26936758e-03 1.77416742e-03 2.86114446e-06
 3.00212010e-03 1.42687769e-03 2.82614305e-01 1.33010910e-01
 1.55707024e-01 3.45216135e-01 1.59578079e-01 1.85190564e-01
 2.69394534e-01 1.26757613e-01 1.48606768e-01 3.47739541e-01
 1.60725540e-01 1.86521523e-01 2.18904339e-11 1.64663471e-04
 2.04878480e-03 3.44038605e-01 1.64368370e-01 1.89827255e-01
 3.22110684e-01 1.52595342e-01 1.74627782e-01 2.99859047e-01
 1.37640202e-01 1.62065986e-01 2.28286318e-02 3.93533755e-04
 3.07455336e-03]

 Iteration 400:
############################
Gradient = 
[-1.43312539e-07 -2.21216118e-03 -1.72806410e-03 -1.12713363e-06
 -2.93578362e-03 -1.39146808e-03  8.14566150e-05 -1.42165429e-04
 -1.96324454e-03  9.21954759e-08  2.60743249e-03  2.57244198e-03
  5.98502485e-03  2.66268132e-03  1.23463799e-03  4.60919647e-03
  4.79746421e-03  5.04788357e-03  2.70167544e-01  1.26873691e-01
  1.44807784e-01  3.43383745e-01  1.64074736e-01  1.89159324e-01
  3.21266612e-01  1.52252882e-01  1.73972156e-01  2.99093069e-01
  1.37275757e-01  1.61361841e-01 -3.98809914e-02 -3.33645607e-02
 -4.20497135e-02]

Gradient approximate =
[-2.95654612e-06 -2.32220887e-05 -1.40000456e-05 -2.96986880e-06
 -2.84274981e-05 -1.12105814e-05  2.82402242e-01  1.32816270e-01
  1.53362130e-01  3.44417926e-01  1.62004496e-01  1.87200944e-01
  2.70167544e-01  1.27031529e-01  1.46789249e-01  3.43383745e-01
  1.61480677e-01  1.86593579e-01  2.70167544e-01  1.27033269e-01
  1.46787844e-01  0.00000000e+00  0.00000000e+00  0.00000000e+00
  0.00000000e+00  0.00000000e+00  0.00000000e+00  0.00000000e+00
  0.00000000e+00  0.00000000e+00  0.00000000e+00  0.00000000e+00
  0.00000000e+00]

Diff = 
[2.81323358e-06 2.18893909e-03 1.71406406e-03 1.84273517e-06
 2.90735613e-03 1.38025750e-03 2.82320786e-01 1.32958436e-01
 1.55325375e-01 3.44417834e-01 1.59397064e-01 1.84628502e-01
 2.64182519e-01 1.24368848e-01 1.45554611e-01 3.38774549e-01
 1.56683212e-01 1.81545695e-01 3.37020412e-11 1.59577876e-04
 1.98005979e-03 3.43383745e-01 1.64074736e-01 1.89159324e-01
 3.21266612e-01 1.52252882e-01 1.73972156e-01 2.99093069e-01
 1.37275757e-01 1.61361841e-01 3.98809914e-02 3.33645607e-02
 4.20497135e-02]

 Iteration 500:
############################
Gradient = 
[ 1.03604615e-06 -2.13373251e-03 -1.66937273e-03 -1.99730998e-06
 -2.84288223e-03 -1.34606061e-03  2.46187519e-04 -7.01874286e-05
 -1.83346044e-03  7.55247168e-05  2.55190700e-03  2.51698579e-03
  1.28923420e-02  5.93143471e-03  5.01815843e-03  1.40481999e-02
  9.17121818e-03  1.00476548e-02  2.70405348e-01  1.27051606e-01
  1.44823409e-01  3.42722341e-01  1.63756691e-01  1.88488266e-01
  3.18024820e-01  1.50659678e-01  1.71897223e-01  2.94947300e-01
  1.35160624e-01  1.58661835e-01 -8.75205405e-02 -6.00706608e-02
 -7.27651704e-02]

Gradient approximate =
[-2.68329359e-06 -2.18335416e-05 -1.32874822e-05 -2.68592038e-06
 -2.67633959e-05 -1.06357545e-05  2.82193736e-01  1.32781415e-01
  1.53069039e-01  3.43680291e-01  1.61735275e-01  1.86571185e-01
  2.70405348e-01  1.27206843e-01  1.46740437e-01  3.42722341e-01
  1.61248967e-01  1.86008099e-01  2.70405348e-01  1.27208422e-01
  1.46739164e-01  0.00000000e+00  0.00000000e+00  0.00000000e+00
  0.00000000e+00  0.00000000e+00  0.00000000e+00  0.00000000e+00
  0.00000000e+00  0.00000000e+00  0.00000000e+00  0.00000000e+00
  0.00000000e+00]

Diff = 
[3.71933974e-06 2.11189897e-03 1.65608524e-03 6.88610391e-07
 2.81611884e-03 1.33542485e-03 2.81947549e-01 1.32851602e-01
 1.54902500e-01 3.43604766e-01 1.59183368e-01 1.84054199e-01
 2.57513006e-01 1.21275409e-01 1.41722278e-01 3.28674141e-01
 1.52077749e-01 1.75960444e-01 9.25487464e-12 1.56816244e-04
 1.91575549e-03 3.42722341e-01 1.63756691e-01 1.88488266e-01
 3.18024820e-01 1.50659678e-01 1.71897223e-01 2.94947300e-01
 1.35160624e-01 1.58661835e-01 8.75205405e-02 6.00706608e-02
 7.27651704e-02]

 Iteration 600:
############################
Gradient = 
[ 1.95778685e-06 -2.05901773e-03 -1.61288359e-03 -2.84478314e-06
 -2.75284324e-03 -1.30219127e-03  3.98614367e-04 -4.77693920e-06
 -1.71172620e-03  1.40419058e-04  2.49422947e-03  2.45961753e-03
  2.01458464e-02  9.36165977e-03  8.97822694e-03  2.34815603e-02
  1.35448700e-02  1.50382621e-02  2.70577696e-01  1.27178940e-01
  1.44797759e-01  3.42056731e-01  1.63416006e-01  1.87816200e-01
  3.12070346e-01  1.47653743e-01  1.68222979e-01  2.87230655e-01
  1.31195420e-01  1.53860607e-01 -1.22304143e-01 -8.07451497e-02
 -9.64487175e-02]

Gradient approximate =
[-2.43716602e-06 -2.05587325e-05 -1.26218591e-05 -2.42523335e-06
 -2.52082821e-05 -1.00930442e-05  2.81916697e-01  1.32696087e-01
  1.52737422e-01  3.42926586e-01  1.61435960e-01  1.85932367e-01
  2.70577696e-01  1.27333810e-01  1.46654639e-01  3.42056731e-01
  1.60992745e-01  1.85419711e-01  2.70577696e-01  1.27335242e-01
  1.46653490e-01  0.00000000e+00  0.00000000e+00  0.00000000e+00
  0.00000000e+00  0.00000000e+00  0.00000000e+00  0.00000000e+00
  0.00000000e+00  0.00000000e+00  0.00000000e+00  0.00000000e+00
  0.00000000e+00]

Diff = 
[4.39495287e-06 2.03845900e-03 1.60026174e-03 4.19549793e-07
 2.72763496e-03 1.29209823e-03 2.81518083e-01 1.32700864e-01
 1.54449148e-01 3.42786167e-01 1.58941731e-01 1.83472750e-01
 2.50431849e-01 1.17972150e-01 1.37676412e-01 3.18575170e-01
 1.47447875e-01 1.70381449e-01 1.45447543e-11 1.56301661e-04
 1.85573154e-03 3.42056731e-01 1.63416006e-01 1.87816200e-01
 3.12070346e-01 1.47653743e-01 1.68222979e-01 2.87230655e-01
 1.31195420e-01 1.53860607e-01 1.22304143e-01 8.07451497e-02
 9.64487175e-02]

 Iteration 700:
############################
Gradient = 
[ 2.61192788e-06 -1.98793058e-03 -1.55854141e-03 -3.58921248e-06
 -2.66529049e-03 -1.25970577e-03  5.29507194e-04  5.02480687e-05
 -1.60174516e-03  1.92744940e-04  2.43352257e-03  2.39945313e-03
  2.71742233e-02  1.26828280e-02  1.28067248e-02  3.23318497e-02
  1.76443990e-02  1.97084210e-02  2.70691391e-01  1.27260955e-01
  1.44736039e-01  3.41390794e-01  1.63057037e-01  1.87146648e-01
  3.03392590e-01  1.43231576e-01  1.62950177e-01  2.76082286e-01
  1.25452452e-01  1.47048022e-01 -1.46972322e-01 -9.66641362e-02
 -1.14608357e-01]

Gradient approximate =
[-2.21520802e-06 -1.93852578e-05 -1.19994170e-05 -2.18653318e-06
 -2.37561082e-05 -9.58121582e-06  2.81580348e-01  1.32566532e-01
  1.52373506e-01  3.42162762e-01  1.61111807e-01  1.85289052e-01
  2.70691391e-01  1.27417401e-01  1.46536718e-01  3.41390794e-01
  1.60716276e-01  1.84831855e-01  2.70691391e-01  1.27418700e-01
  1.46535683e-01  0.00000000e+00  0.00000000e+00  0.00000000e+00
  0.00000000e+00  0.00000000e+00  0.00000000e+00  0.00000000e+00
  0.00000000e+00  0.00000000e+00  0.00000000e+00  0.00000000e+00
  0.00000000e+00]

Diff = 
[4.82713590e-06 1.96854533e-03 1.54654199e-03 1.40267931e-06
 2.64153438e-03 1.25012456e-03 2.81050841e-01 1.32516284e-01
 1.53975252e-01 3.41970017e-01 1.58678284e-01 1.82889599e-01
 2.43517168e-01 1.14734573e-01 1.33729993e-01 3.09058944e-01
 1.43071877e-01 1.65123434e-01 1.16469612e-11 1.57745467e-04
 1.79964402e-03 3.41390794e-01 1.63057037e-01 1.87146648e-01
 3.03392590e-01 1.43231576e-01 1.62950177e-01 2.76082286e-01
 1.25452452e-01 1.47048022e-01 1.46972322e-01 9.66641362e-02
 1.14608357e-01]

 Iteration 800:
############################
Gradient = 
[ 3.02975643e-06 -1.92022709e-03 -1.50624605e-03 -4.21301230e-06
 -2.58008987e-03 -1.21852907e-03  6.37525210e-04  9.44785947e-05
 -1.50391505e-03  2.33098818e-04  2.37004182e-03  2.33671011e-03
  3.37649121e-02  1.57941207e-02  1.63898526e-02  4.04279912e-02
  2.13880819e-02  2.39667971e-02  2.70754975e-01  1.27304295e-01
  1.44644505e-01  3.40728630e-01  1.62684831e-01  1.86483319e-01
  2.92131065e-01  1.37467713e-01  1.56167663e-01  2.61796011e-01
  1.18084131e-01  1.38403701e-01 -1.64108652e-01 -1.09036235e-01
 -1.28660703e-01]

Gradient approximate =
[-2.01440864e-06 -1.83015958e-05 -1.14166721e-05 -1.96840100e-06
 -2.24008678e-05 -9.09923692e-06  2.81196095e-01  1.32400530e-01
  1.51984735e-01  3.41395418e-01  1.60768951e-01  1.84646203e-01
  2.70754975e-01  1.27463908e-01  1.46392519e-01  3.40728630e-01
  1.60424503e-01  1.84248147e-01  2.70754975e-01  1.27465087e-01
  1.46391590e-01  0.00000000e+00  0.00000000e+00  0.00000000e+00
  0.00000000e+00  0.00000000e+00  0.00000000e+00  0.00000000e+00
  0.00000000e+00  0.00000000e+00  0.00000000e+00  0.00000000e+00
  0.00000000e+00]

Diff = 
[5.04416507e-06 1.90192549e-03 1.49482938e-03 2.24461131e-06
 2.55768900e-03 1.20942984e-03 2.80558570e-01 1.32306052e-01
 1.53488650e-01 3.41162320e-01 1.58398910e-01 1.82309493e-01
 2.36990063e-01 1.11669787e-01 1.30002667e-01 3.00300639e-01
 1.39036421e-01 1.60281350e-01 9.05353570e-12 1.60791933e-04
 1.74708437e-03 3.40728630e-01 1.62684831e-01 1.86483319e-01
 2.92131065e-01 1.37467713e-01 1.56167663e-01 2.61796011e-01
 1.18084131e-01 1.38403701e-01 1.64108652e-01 1.09036235e-01
 1.28660703e-01]

 Iteration 900:
############################
Gradient = 
[ 3.25813721e-06 -1.85560894e-03 -1.45588246e-03 -4.73009382e-06
 -2.49722616e-03 -1.17862700e-03  7.25499731e-04  1.29300357e-04
 -1.41688159e-03  2.63327376e-04  2.30457823e-03  2.27213179e-03
  3.99311763e-02  1.87016553e-02  1.97357275e-02  4.78445413e-02
  2.48106150e-02  2.78545879e-02  2.70776604e-01  1.27315324e-01
  1.44529027e-01  3.40073830e-01  1.62304025e-01  1.85829435e-01
  2.78471374e-01  1.30460221e-01  1.47990067e-01  2.44706908e-01
  1.09263431e-01  1.28129017e-01 -1.75843476e-01 -1.18860717e-01
 -1.39771081e-01]

Gradient approximate =
[-1.83261406e-06 -1.72978432e-05 -1.08701093e-05 -1.76959780e-06
 -2.11367146e-05 -8.64563088e-06  2.80774698e-01  1.32205462e-01
  1.51578030e-01  3.40630478e-01  1.60413062e-01  1.84008222e-01
  2.70776604e-01  1.27479359e-01  1.46227523e-01  3.40073830e-01
  1.60121981e-01  1.83671733e-01  2.70776604e-01  1.27480428e-01
  1.46226690e-01  0.00000000e+00  0.00000000e+00  0.00000000e+00
  0.00000000e+00  0.00000000e+00  0.00000000e+00  0.00000000e+00
  0.00000000e+00  0.00000000e+00  0.00000000e+00  0.00000000e+00
  0.00000000e+00]

Diff = 
[5.09075128e-06 1.83831109e-03 1.44501235e-03 2.96049602e-06
 2.47608944e-03 1.16998137e-03 2.80049198e-01 1.32076162e-01
 1.52994911e-01 3.40367151e-01 1.58108484e-01 1.81736091e-01
 2.30845428e-01 1.08777703e-01 1.26491795e-01 2.92229289e-01
 1.35311366e-01 1.55817145e-01 3.21958571e-11 1.65104670e-04
 1.69766301e-03 3.40073830e-01 1.62304025e-01 1.85829435e-01
 2.78471374e-01 1.30460221e-01 1.47990067e-01 2.44706908e-01
 1.09263431e-01 1.28129017e-01 1.75843476e-01 1.18860717e-01
 1.39771081e-01]

 