Iteration 0:
############################
Gradient = 
[-2.34863060e-04 -1.66838886e-03  1.87938914e-03  1.32900404e-04
  2.47451989e-03  1.10915815e-03  2.83679082e-04  7.99317436e-04
  2.30362123e-03 -5.41319324e-05  1.79750625e-03 -2.69532601e-04
  3.02471219e-04  3.05913563e-03  7.08784544e-04  9.66746266e-05
  1.04064806e-03 -2.00741009e-03 -1.21780880e-02 -4.73984610e-03
 -7.74295257e-03 -7.83072346e-03 -6.01431162e-03 -8.99817099e-03
 -7.10030206e-03  3.54802717e-03 -4.64269319e-05  4.49237848e-03
  3.04818278e-03  3.50699209e-03  3.64266806e-03  8.82647213e-04
  2.69524480e-01  1.28894644e-01  1.46273064e-01  3.10675640e-01
  1.51151778e-01  1.68749847e-01  2.82483076e-01  1.35793006e-01
  1.51573572e-01  3.12290278e-01  1.51925222e-01  1.70296653e-01
  2.95574669e-01  1.41445622e-01  1.57294584e-01]

Gradient approximate =
[-3.37532615e-04 -1.35065278e-03 -3.13921555e-04  4.19882751e-04
  1.62165572e-03  4.79511890e-04  2.88151163e-04  1.17234378e-03
  2.49998695e-04  2.51036836e-04  9.40178269e-04  3.47107381e-04
  2.66477322e-04  1.09949197e-03  3.08929031e-01  1.49298074e-01
  1.66267213e-01  2.84959790e-01  1.38173704e-01  1.53884293e-01
  2.90396072e-01  1.41049490e-01  1.56151039e-01  2.81378408e-01
  1.36148671e-01  1.70509214e-01  3.10615242e-01  1.57597125e-01
  1.71677363e-01  1.03876649e-02  1.08053362e-02  9.37040675e-03
  0.00000000e+00  0.00000000e+00  0.00000000e+00  0.00000000e+00
  0.00000000e+00  0.00000000e+00  0.00000000e+00  0.00000000e+00
  0.00000000e+00  0.00000000e+00  0.00000000e+00  0.00000000e+00
  0.00000000e+00  0.00000000e+00  0.00000000e+00]

Diff = 
[1.02669556e-04 3.17736082e-04 2.19331069e-03 2.86982347e-04
 8.52864163e-04 6.29646262e-04 4.47208084e-06 3.73026348e-04
 2.05362254e-03 3.05168768e-04 8.57327980e-04 6.16639982e-04
 3.59938964e-05 1.95964366e-03 3.08220246e-01 1.49201399e-01
 1.65226565e-01 2.86967200e-01 1.50351792e-01 1.58624139e-01
 2.98139025e-01 1.48880213e-01 1.62165350e-01 2.90376579e-01
 1.43248973e-01 1.66961187e-01 3.10661669e-01 1.53104747e-01
 1.68629180e-01 6.88067280e-03 7.16266813e-03 8.48775953e-03
 2.69524480e-01 1.28894644e-01 1.46273064e-01 3.10675640e-01
 1.51151778e-01 1.68749847e-01 2.82483076e-01 1.35793006e-01
 1.51573572e-01 3.12290278e-01 1.51925222e-01 1.70296653e-01
 2.95574669e-01 1.41445622e-01 1.57294584e-01]

 Iteration 100:
############################
Gradient = 
[-3.37041110e-04 -1.87434576e-03  1.79860183e-03  3.28879817e-04
  2.88784485e-03  1.31915837e-03  2.28826408e-04  4.97918368e-04
  2.05922060e-03  1.73778371e-04  2.38178873e-03  1.00566202e-04
  2.07269290e-04  2.58489341e-03  4.33982269e-04 -2.19215598e-04
  5.66243396e-05 -2.45580831e-03 -9.29009641e-04  9.33224666e-04
 -9.68134346e-04 -1.98540894e-03  1.68143489e-04 -2.45673734e-03
 -1.62299190e-03  1.63856631e-02  6.17726028e-03  1.16841123e-02
  9.28440836e-03  1.01869020e-02  1.06121486e-02  7.07181094e-03
  3.08506837e-01  1.49771555e-01  1.63851398e-01  2.85699129e-01
  1.39259170e-01  1.51722908e-01  2.90821315e-01  1.39803624e-01
  1.53700539e-01  2.79866251e-01  1.34912728e-01  1.48651051e-01
  2.97055272e-01  1.46355403e-01  1.57508542e-01]

Gradient approximate =
[-3.37041093e-04 -1.33192048e-03 -3.23259748e-04  3.28879761e-04
  1.26839407e-03  3.77699370e-04  2.28826396e-04  9.24122767e-04
  1.89437466e-04  1.73778383e-04  6.49934293e-04  2.53637431e-04
  2.07269275e-04  8.52766622e-04  3.08650388e-01  1.49518360e-01
  1.62183478e-01  2.85360180e-01  1.37944679e-01  1.50191151e-01
  2.90269005e-01  1.41102278e-01  1.52379532e-01  2.79280476e-01
  1.35270603e-01  1.63993670e-01  3.05007456e-01  1.54330460e-01
  1.64477088e-01  9.17944210e-03  9.54742692e-03  8.32550866e-03
  0.00000000e+00  0.00000000e+00  0.00000000e+00  0.00000000e+00
  0.00000000e+00  0.00000000e+00  0.00000000e+00  0.00000000e+00
  0.00000000e+00  0.00000000e+00  0.00000000e+00  0.00000000e+00
  0.00000000e+00  0.00000000e+00  0.00000000e+00]

Diff = 
[1.74841417e-11 5.42425285e-04 2.12186158e-03 5.55318188e-11
 1.61945079e-03 9.41459001e-04 1.24818463e-11 4.26204400e-04
 1.86978313e-03 1.18952385e-11 1.73185444e-03 1.53071229e-04
 1.52762461e-11 1.73212679e-03 3.08216406e-01 1.49737575e-01
 1.62126853e-01 2.87815988e-01 1.38873689e-01 1.49257926e-01
 2.91237140e-01 1.43087687e-01 1.52211388e-01 2.81737214e-01
 1.36893595e-01 1.47608007e-01 2.98830196e-01 1.42646348e-01
 1.55192680e-01 1.00745995e-03 1.06472165e-03 1.25369772e-03
 3.08506837e-01 1.49771555e-01 1.63851398e-01 2.85699129e-01
 1.39259170e-01 1.51722908e-01 2.90821315e-01 1.39803624e-01
 1.53700539e-01 2.79866251e-01 1.34912728e-01 1.48651051e-01
 2.97055272e-01 1.46355403e-01 1.57508542e-01]

 Iteration 200:
############################
Gradient = 
[-3.28716072e-04 -1.78581367e-03  1.75967857e-03  2.57456985e-04
  2.54911795e-03  1.21082874e-03  1.82168469e-04  2.93239696e-04
  1.96756299e-03  1.15653340e-04  2.11391831e-03  2.78555774e-05
  1.61188851e-04  2.33683387e-03  3.80139096e-04 -2.12756550e-04
  7.48115710e-05 -2.39043034e-03 -1.43253241e-03  6.53911857e-04
 -1.23137887e-03 -2.19869554e-03 -9.59436160e-05 -2.67515165e-03
 -1.82349703e-03  1.45804661e-02  5.19654641e-03  1.03108378e-02
  8.18308988e-03  8.92536152e-03  9.29811653e-03  6.01109702e-03
  3.08317641e-01  1.50101255e-01  1.60253763e-01  2.86202394e-01
  1.39897586e-01  1.48829562e-01  2.91234993e-01  1.40415967e-01
  1.50774953e-01  2.78584727e-01  1.34697067e-01  1.44526262e-01
  2.93055875e-01  1.44532253e-01  1.52016852e-01]

Gradient approximate =
[-3.28716028e-04 -1.28437928e-03 -3.22394305e-04  2.57456985e-04
  9.90380251e-04  2.97640395e-04  1.82168467e-04  7.28221783e-04
  1.42805914e-04  1.15653351e-04  4.32248990e-04  1.82331152e-04
  1.61188818e-04  6.59689354e-04  3.08416436e-01  1.49849679e-01
  1.58606907e-01  2.85874602e-01  1.38052853e-01  1.47053685e-01
  2.90394640e-01  1.41407397e-01  1.49191113e-01  2.77722942e-01
  1.34777005e-01  1.58409780e-01  3.00154415e-01  1.51625649e-01
  1.58274502e-01  8.13148038e-03  8.45589231e-03  7.41096829e-03
  0.00000000e+00  0.00000000e+00  0.00000000e+00  0.00000000e+00
  0.00000000e+00  0.00000000e+00  0.00000000e+00  0.00000000e+00
  0.00000000e+00  0.00000000e+00  0.00000000e+00  0.00000000e+00
  0.00000000e+00  0.00000000e+00  0.00000000e+00]

Diff = 
[4.47366768e-11 5.01434388e-04 2.08207287e-03 7.59904401e-13
 1.55873770e-03 9.13188350e-04 1.56197638e-12 4.34982087e-04
 1.82475707e-03 1.12954065e-11 1.68166932e-03 1.54475575e-04
 3.32385254e-11 1.67714452e-03 3.08036297e-01 1.50062435e-01
 1.58532095e-01 2.88265032e-01 1.39485385e-01 1.46399773e-01
 2.91626019e-01 1.43606092e-01 1.49287057e-01 2.80398094e-01
 1.36600502e-01 1.43829314e-01 2.94957869e-01 1.41314811e-01
 1.50091413e-01 7.93881134e-04 8.42224221e-04 1.39987127e-03
 3.08317641e-01 1.50101255e-01 1.60253763e-01 2.86202394e-01
 1.39897586e-01 1.48829562e-01 2.91234993e-01 1.40415967e-01
 1.50774953e-01 2.78584727e-01 1.34697067e-01 1.44526262e-01
 2.93055875e-01 1.44532253e-01 1.52016852e-01]

 Iteration 300:
############################
Gradient = 
[-3.15284942e-04 -1.68096727e-03  1.72852190e-03  2.01518330e-04
  2.27716677e-03  1.12195403e-03  1.45226242e-04  1.33298202e-04
  1.88841356e-03  7.24294290e-05  1.90798747e-03 -2.60729943e-05
  1.25089785e-04  2.13526204e-03  3.38091842e-04 -2.03521614e-04
  1.05456452e-04 -2.32333191e-03 -1.76633663e-03  4.63368291e-04
 -1.38918681e-03 -2.32287507e-03 -2.61872034e-04 -2.79239235e-03
 -1.93630240e-03  1.30124639e-02  4.34548862e-03  9.12138170e-03
  7.22769895e-03  7.83323296e-03  8.16030780e-03  5.09120768e-03
  3.08149818e-01  1.50515728e-01  1.57101102e-01  2.86793730e-01
  1.40659629e-01  1.46359540e-01  2.91756680e-01  1.41157022e-01
  1.48283006e-01  2.77665519e-01  1.34725995e-01  1.41029790e-01
  2.89628338e-01  1.43077870e-01  1.47309353e-01]

Gradient approximate =
[-3.15284976e-04 -1.21834528e-03 -3.14541215e-04  2.01518351e-04
  7.72335855e-04  2.34837738e-04  1.45226280e-04  5.72996464e-04
  1.06776898e-04  7.24294336e-05  2.71229377e-04  1.28398372e-04
  1.25089783e-04  5.08087843e-04  3.08214585e-01  1.50268726e-01
  1.55488881e-01  2.86480300e-01  1.38445071e-01  1.44417868e-01
  2.90729054e-01  1.41922859e-01  1.46524954e-01  2.76625185e-01
  1.34608757e-01  1.53653725e-01  2.95982429e-01  1.49416181e-01
  1.52956093e-01  7.22664411e-03  7.51319720e-03  6.61512959e-03
  0.00000000e+00  0.00000000e+00  0.00000000e+00  0.00000000e+00
  0.00000000e+00  0.00000000e+00  0.00000000e+00  0.00000000e+00
  0.00000000e+00  0.00000000e+00  0.00000000e+00  0.00000000e+00
  0.00000000e+00  0.00000000e+00  0.00000000e+00]

Diff = 
[3.39387343e-11 4.62621991e-04 2.04306311e-03 2.10605844e-11
 1.50483091e-03 8.87116297e-04 3.75809503e-11 4.39698262e-04
 1.78163666e-03 4.54220996e-12 1.63675809e-03 1.54471366e-04
 1.90768969e-12 1.62717420e-03 3.07876493e-01 1.50472247e-01
 1.55383425e-01 2.88803632e-01 1.40211408e-01 1.43954499e-01
 2.92118241e-01 1.44245734e-01 1.46786826e-01 2.79417578e-01
 1.36545060e-01 1.40641261e-01 2.91636941e-01 1.40294799e-01
 1.45728394e-01 6.06588850e-04 6.47110599e-04 1.52392191e-03
 3.08149818e-01 1.50515728e-01 1.57101102e-01 2.86793730e-01
 1.40659629e-01 1.46359540e-01 2.91756680e-01 1.41157022e-01
 1.48283006e-01 2.77665519e-01 1.34725995e-01 1.41029790e-01
 2.89628338e-01 1.43077870e-01 1.47309353e-01]

 Iteration 400:
############################
Gradient = 
[-2.98701751e-04 -1.56745516e-03  1.70255346e-03  1.57450764e-04
  2.05705205e-03  1.04812153e-03  1.15696746e-04  7.92480751e-06
  1.81887882e-03  4.03904221e-05  1.74880962e-03 -6.58490878e-05
  9.65694597e-05  1.96970332e-03  3.04892775e-04 -1.92680294e-04
  1.43400465e-04 -2.25598388e-03 -1.97048723e-03  3.40736391e-04
 -1.46827670e-03 -2.37996033e-03 -3.54361553e-04 -2.83423765e-03
 -1.98304991e-03  1.16414608e-02  3.60298654e-03  8.08435719e-03
  6.39345058e-03  6.88163876e-03  7.16895957e-03  4.28917124e-03
  3.07997745e-01  1.50980058e-01  1.54333537e-01  2.87440607e-01
  1.41497408e-01  1.44245480e-01  2.92342837e-01  1.41974932e-01
  1.46151223e-01  2.77025448e-01  1.34929449e-01  1.38052531e-01
  2.86687634e-01  1.41917665e-01  1.43261836e-01]

Gradient approximate =
[-2.98701710e-04 -1.14119247e-03 -3.02135514e-04  1.57450775e-04
  6.00642023e-04  1.85262650e-04  1.15696761e-04  4.49160100e-04
  7.87028842e-05  4.03904732e-05  1.52897690e-04  8.75755757e-05
  9.65694658e-05  3.88405486e-04  3.08036495e-01  1.50739462e-01
  1.52764800e-01  2.87143295e-01  1.39036714e-01  1.42198972e-01
  2.91204041e-01  1.42578271e-01  1.44286682e-01  2.75880216e-01
  1.34677581e-01  1.49581054e-01  2.92388030e-01  1.47603582e-01
  1.48378827e-01  6.43951413e-03  6.69317982e-03  5.91790815e-03
  0.00000000e+00  0.00000000e+00  0.00000000e+00  0.00000000e+00
  0.00000000e+00  0.00000000e+00  0.00000000e+00  0.00000000e+00
  0.00000000e+00  0.00000000e+00  0.00000000e+00  0.00000000e+00
  0.00000000e+00  0.00000000e+00  0.00000000e+00]

Diff = 
[4.13292431e-11 4.26262691e-04 2.00468897e-03 1.08725904e-11
 1.45641003e-03 8.62858883e-04 1.50717520e-11 4.41235293e-04
 1.74017594e-03 5.11134514e-11 1.59591193e-03 1.53424663e-04
 6.06201261e-12 1.58129784e-03 3.07731602e-01 1.50932142e-01
 1.52621399e-01 2.89399279e-01 1.41007201e-01 1.41858236e-01
 2.92672318e-01 1.44958231e-01 1.44641043e-01 2.78714453e-01
 1.36660631e-01 1.37939593e-01 2.88785044e-01 1.39519225e-01
 1.41985377e-01 4.42124629e-04 4.75779748e-04 1.62873691e-03
 3.07997745e-01 1.50980058e-01 1.54333537e-01 2.87440607e-01
 1.41497408e-01 1.44245480e-01 2.92342837e-01 1.41974932e-01
 1.46151223e-01 2.77025448e-01 1.34929449e-01 1.38052531e-01
 2.86687634e-01 1.41917665e-01 1.43261836e-01]

 Iteration 500:
############################
Gradient = 
[-2.80282551e-04 -1.45041161e-03  1.68001363e-03  1.22587870e-04
  1.87756107e-03  9.86055659e-04  9.19233964e-05 -9.03697075e-05
  1.75687585e-03  1.68197051e-05  1.62516087e-03 -9.48752761e-05
  7.39051904e-05  1.83244296e-03  2.78429817e-04 -1.80970580e-04
  1.85266254e-04 -2.18930092e-03 -2.07601880e-03  2.69769877e-04
 -1.48902854e-03 -2.38684692e-03 -3.92299802e-04 -2.82038870e-03
 -1.98048875e-03  1.04346817e-02  2.95184765e-03  7.17451380e-03
  5.66036959e-03  6.04735923e-03  6.30002823e-03  3.58624007e-03
  3.07857347e-01  1.51468221e-01  1.51901214e-01  2.88118618e-01
  1.42374778e-01  1.42433229e-01  2.92961259e-01  1.42830788e-01
  1.44321385e-01  2.76600102e-01  1.35254209e-01  1.35508537e-01
  2.84165017e-01  1.40994097e-01  1.39774724e-01]

Gradient approximate =
[-2.80282586e-04 -1.05792194e-03 -2.86841524e-04  1.22587824e-04
  4.65115515e-04  1.45938064e-04  9.19233800e-05  3.49909670e-04
  5.66917913e-05  1.68197012e-05  6.69454070e-05  5.67374259e-05
  7.39052242e-05  2.93643385e-04  3.07876151e-01  1.51235152e-01
  1.50381676e-01  2.87838260e-01  1.39763142e-01  1.40329262e-01
  2.91768541e-01  1.43320441e-01  1.42402036e-01  2.75405377e-01
  1.34916074e-01  1.46077073e-01  2.89287511e-01  1.46111304e-01
  1.44428115e-01  5.74974813e-03  5.97479723e-03  5.30297827e-03
  0.00000000e+00  0.00000000e+00  0.00000000e+00  0.00000000e+00
  0.00000000e+00  0.00000000e+00  0.00000000e+00  0.00000000e+00
  0.00000000e+00  0.00000000e+00  0.00000000e+00  0.00000000e+00
  0.00000000e+00  0.00000000e+00  0.00000000e+00]

Diff = 
[3.51533487e-11 3.92489673e-04 1.96685515e-03 4.59639360e-11
 1.41244556e-03 8.40117595e-04 1.64043947e-11 4.40279378e-04
 1.70018406e-03 3.91950857e-12 1.55821546e-03 1.51612702e-04
 3.37565045e-11 1.53879958e-03 3.07597722e-01 1.51416123e-01
 1.50196410e-01 2.90027561e-01 1.41839161e-01 1.40059492e-01
 2.93257570e-01 1.45707288e-01 1.42794336e-01 2.78225766e-01
 1.36896562e-01 1.35642392e-01 2.86335664e-01 1.38936790e-01
 1.38767745e-01 2.97611103e-04 3.25230995e-04 1.71673820e-03
 3.07857347e-01 1.51468221e-01 1.51901214e-01 2.88118618e-01
 1.42374778e-01 1.42433229e-01 2.92961259e-01 1.42830788e-01
 1.44321385e-01 2.76600102e-01 1.35254209e-01 1.35508537e-01
 2.84165017e-01 1.40994097e-01 1.39774724e-01]

 Iteration 600:
############################
Gradient = 
[-2.60921741e-04 -1.33329420e-03  1.65969150e-03  9.49363776e-05
  1.73017925e-03  9.33296045e-04  7.26931167e-05 -1.67195682e-04
  1.70088138e-03 -2.93302771e-07  1.52865362e-03 -1.15681153e-04
  5.58395763e-05  1.71770219e-03  2.57167283e-04 -1.68861286e-04
  2.28820215e-04 -2.12384481e-03 -2.10709871e-03  2.37747536e-04
 -1.46707841e-03 -2.35658209e-03 -3.90204574e-04 -2.76598073e-03
 -1.94163940e-03  9.36548290e-03  2.37806359e-03  6.37150675e-03
  5.01233738e-03  5.31168906e-03  5.53407393e-03  2.96712458e-03
  3.07725622e-01  1.51960932e-01  1.49762417e-01  2.88809447e-01
  1.43264530e-01  1.40878910e-01  2.93588237e-01  1.43695519e-01
  1.42746979e-01  2.76339470e-01  1.35659786e-01  1.33329521e-01
  2.82004390e-01  1.40262430e-01  1.36767512e-01]

Gradient approximate =
[-2.60921724e-04 -9.71952991e-04 -2.69807634e-04  9.49363765e-05
  3.58052195e-04  1.14638246e-04  7.26931515e-05  2.70175544e-04
  3.93709909e-05 -2.93285396e-07  5.68255221e-06  3.35653194e-05
  5.58395841e-05  2.18588880e-04  3.07729149e-01  1.51736058e-01
  1.48295684e-01  2.88546295e-01  1.40574906e-01  1.38754156e-01
  2.92384334e-01  1.44109196e-01  1.40812092e-01  2.75136596e-01
  1.35272633e-01  1.43050223e-01  2.86612650e-01  1.44879489e-01
  1.41011488e-01  5.14105065e-03  5.34112540e-03  4.75709238e-03
  0.00000000e+00  0.00000000e+00  0.00000000e+00  0.00000000e+00
  0.00000000e+00  0.00000000e+00  0.00000000e+00  0.00000000e+00
  0.00000000e+00  0.00000000e+00  0.00000000e+00  0.00000000e+00
  0.00000000e+00  0.00000000e+00  0.00000000e+00]

Diff = 
[1.72082718e-11 3.61341204e-04 1.92949914e-03 1.09997248e-12
 1.37212706e-03 8.18657799e-04 3.47542346e-11 4.37371226e-04
 1.66151039e-03 1.73748976e-11 1.52297107e-03 1.49246473e-04
 7.77212245e-12 1.49911331e-03 3.07471981e-01 1.51904919e-01
 1.48066864e-01 2.90670140e-01 1.42682005e-01 1.38516409e-01
 2.93851412e-01 1.46465778e-01 1.41202297e-01 2.77902577e-01
 1.37214272e-01 1.33684740e-01 2.84234587e-01 1.38507982e-01
 1.35999151e-01 1.70638411e-04 1.92948530e-04 1.78996780e-03
 3.07725622e-01 1.51960932e-01 1.49762417e-01 2.88809447e-01
 1.43264530e-01 1.40878910e-01 2.93588237e-01 1.43695519e-01
 1.42746979e-01 2.76339470e-01 1.35659786e-01 1.33329521e-01
 2.82004390e-01 1.40262430e-01 1.36767512e-01]

 Iteration 700:
############################
Gradient = 
[-2.41232629e-04 -1.21843180e-03  1.64074732e-03  7.29858871e-05
  1.60836251e-03  8.87971452e-04  5.70997884e-05 -2.26831915e-04
  1.64976182e-03 -1.24553667e-05  1.45295103e-03 -1.30169168e-04
  4.14361154e-05  1.62107369e-03  2.39969896e-04 -1.56654109e-04
  2.72565559e-04 -2.05995423e-03 -2.08260602e-03  2.34681296e-04
 -1.41446140e-03 -2.29927759e-03 -3.59270971e-04 -2.68267213e-03
 -1.87664330e-03  8.41222593e-03  1.87020511e-03  5.65889900e-03
  4.43631638e-03  4.65951475e-03  4.85534479e-03  2.41934476e-03
  3.07600322e-01  1.52444062e-01  1.47882038e-01  2.89499397e-01
  1.44146332e-01  1.39546701e-01  2.94206495e-01  1.44547608e-01
  1.41390551e-01  2.76204664e-01  1.36115427e-01  1.31460767e-01
  2.80159540e-01  1.39687636e-01  1.34174542e-01]

Gradient approximate =
[-2.41232585e-04 -8.85640410e-04 -2.51833898e-04  7.29859440e-05
  2.73550560e-04  8.96785335e-05  5.70997716e-05  2.06109843e-04
  2.57283483e-05 -1.24553412e-05 -3.66940744e-05  1.63186042e-05
  4.14361412e-05  1.59287448e-04  3.07592207e-01  1.52227753e-01
  1.46470258e-01  2.89253332e-01  1.41434245e-01  1.37429359e-01
  2.93022923e-01  1.44914333e-01  1.39469735e-01  2.75024098e-01
  1.35707754e-01  1.40426976e-01  2.84307406e-01  1.43861073e-01
  1.38053759e-01  4.60034099e-03  4.77853543e-03  4.26950255e-03
  0.00000000e+00  0.00000000e+00  0.00000000e+00  0.00000000e+00
  0.00000000e+00  0.00000000e+00  0.00000000e+00  0.00000000e+00
  0.00000000e+00  0.00000000e+00  0.00000000e+00  0.00000000e+00
  0.00000000e+00  0.00000000e+00  0.00000000e+00]

Diff = 
[4.35725071e-11 3.32791391e-04 1.89258122e-03 5.68105607e-11
 1.33481195e-03 7.98292919e-04 1.68701508e-11 4.32941758e-04
 1.62403347e-03 2.54897123e-11 1.48964511e-03 1.46487772e-04
 2.57452751e-11 1.46178624e-03 3.07352237e-01 1.52384407e-01
 1.46197693e-01 2.91313286e-01 1.43516851e-01 1.37194678e-01
 2.94437384e-01 1.47213611e-01 1.39829005e-01 2.77706770e-01
 1.37584397e-01 1.32014750e-01 2.82437201e-01 1.38202174e-01
 1.33617442e-01 5.91737676e-05 7.68093643e-05 1.85015778e-03
 3.07600322e-01 1.52444062e-01 1.47882038e-01 2.89499397e-01
 1.44146332e-01 1.39546701e-01 2.94206495e-01 1.44547608e-01
 1.41390551e-01 2.76204664e-01 1.36115427e-01 1.31460767e-01
 2.80159540e-01 1.39687636e-01 1.34174542e-01]

 Iteration 800:
############################
Gradient = 
[-2.21639107e-04 -1.10738520e-03  1.62259492e-03  5.55762058e-05
  1.50702162e-03  8.48640686e-04  4.44523072e-05 -2.72600379e-04
  1.60265789e-03 -2.08094792e-05  1.39321620e-03 -1.39786239e-04
  2.99822127e-05  1.53913493e-03  2.25983356e-04 -1.44547230e-04
  3.15483751e-04 -1.99782717e-03 -2.01730598e-03  2.52725549e-04
 -1.34044811e-03 -2.22278034e-03 -3.08137848e-04 -2.57944537e-03
 -1.79339628e-03  7.55732957e-03  1.41892522e-03  5.02336278e-03
  3.92172733e-03  4.07857893e-03  4.25103728e-03  1.93269349e-03
  3.07479744e-01  1.52907449e-01  1.46230341e-01  2.90178310e-01
  1.45005196e-01  1.38407132e-01  2.94803649e-01  1.45371383e-01
  1.40221698e-01  2.76165424e-01  1.36597885e-01  1.29858050e-01
  2.78592028e-01  1.39242098e-01  1.31941790e-01]

Gradient approximate =
[-2.21639125e-04 -8.00613977e-04 -2.33482496e-04  5.55762258e-05
  2.07034661e-04  6.97673896e-05  4.44523107e-05  1.54736803e-04
  1.50034851e-05 -2.08094231e-05 -6.46116960e-05  3.67497366e-06
  2.99822212e-05  1.12682423e-04  3.07462850e-01  1.52699876e-01
  1.44874630e-01  2.89948980e-01  1.42312478e-01  1.36318668e-01
  2.93663234e-01  1.45713364e-01  1.38337011e-01  2.75029183e-01
  1.36191281e-01  1.38147920e-01  2.82325357e-01  1.43018852e-01
  1.35493302e-01  4.11708914e-03  4.27602857e-03  3.83148081e-03
  0.00000000e+00  0.00000000e+00  0.00000000e+00  0.00000000e+00
  0.00000000e+00  0.00000000e+00  0.00000000e+00  0.00000000e+00
  0.00000000e+00  0.00000000e+00  0.00000000e+00  0.00000000e+00
  0.00000000e+00  0.00000000e+00  0.00000000e+00]

Diff = 
[1.81562834e-11 3.06771219e-04 1.85607742e-03 2.00862691e-11
 1.29998696e-03 7.78873297e-04 3.52329345e-12 4.27337182e-04
 1.58765440e-03 5.61418147e-11 1.45782790e-03 1.43461213e-04
 8.46694650e-12 1.42645250e-03 3.07236867e-01 1.52844423e-01
 1.44559146e-01 2.91946807e-01 1.44329783e-01 1.36065942e-01
 2.95003682e-01 1.47936144e-01 1.38645148e-01 2.77608628e-01
 1.37984677e-01 1.30590591e-01 2.80906432e-01 1.37995490e-01
 1.31571575e-01 3.85102137e-05 2.49912904e-05 1.89878732e-03
 3.07479744e-01 1.52907449e-01 1.46230341e-01 2.90178310e-01
 1.45005196e-01 1.38407132e-01 2.94803649e-01 1.45371383e-01
 1.40221698e-01 2.76165424e-01 1.36597885e-01 1.29858050e-01
 2.78592028e-01 1.39242098e-01 1.31941790e-01]

 Iteration 900:
############################
Gradient = 
[-2.02435768e-04 -1.00118577e-03  1.60482349e-03  4.18043656e-05
  1.42215485e-03  8.14180097e-04  3.42125061e-05 -3.07123971e-04
  1.55890594e-03 -2.62325794e-05  1.34572307e-03 -1.45644460e-04
  2.09239399e-05  1.46918240e-03  2.14553109e-04 -1.32674537e-04
  3.56870887e-04 -1.93757303e-03 -1.92273895e-03  2.85727618e-04
 -1.25216839e-03 -2.13317456e-03 -2.43459967e-04 -2.46320683e-03
 -1.69802964e-03  6.78648771e-03  1.01655531e-03  4.45404531e-03
  3.45995264e-03  3.55889675e-03  3.71070394e-03  1.49879815e-03
  3.07362591e-01  1.53343990e-01  1.44781975e-01  2.90838769e-01
  1.45830298e-01  1.37435766e-01  2.95371057e-01  1.46155713e-01
  1.39215537e-01  2.76198219e-01  1.37089732e-01  1.28485314e-01
  2.77269559e-01  1.38903898e-01  1.30024407e-01]

Gradient approximate =
[-2.02435770e-04 -7.18002486e-04 -2.15151348e-04  4.18044133e-05
  1.54914785e-04  5.39022982e-05  3.42125017e-05  1.13713574e-04
  6.61503297e-06 -2.62326116e-05 -8.14824808e-05 -5.38142642e-06
  2.09239359e-05  7.63677099e-05  3.07339192e-01  1.53145188e-01
  1.43482690e-01  2.90625669e-01  1.43188018e-01  1.35392297e-01
  2.94289891e-01  1.46489792e-01  1.37383133e-01  2.75121779e-01
  1.36700329e-01  1.36164730e-01  2.80627721e-01  1.42323256e-01
  1.33279204e-01  3.68278975e-03  3.82470276e-03  3.43592621e-03
  0.00000000e+00  0.00000000e+00  0.00000000e+00  0.00000000e+00
  0.00000000e+00  0.00000000e+00  0.00000000e+00  0.00000000e+00
  0.00000000e+00  0.00000000e+00  0.00000000e+00  0.00000000e+00
  0.00000000e+00  0.00000000e+00  0.00000000e+00]

Diff = 
[2.03030100e-12 2.83183289e-04 1.81997483e-03 4.76484712e-11
 1.26724006e-03 7.60277799e-04 4.33985834e-12 4.20837545e-04
 1.55229091e-03 3.22654291e-11 1.42720555e-03 1.40263034e-04
 4.02871147e-12 1.39281469e-03 3.07124639e-01 1.53277863e-01
 1.43125819e-01 2.92563242e-01 1.45110757e-01 1.35106569e-01
 2.95542059e-01 1.48622966e-01 1.37626593e-01 2.77584986e-01
 1.38398359e-01 1.29378242e-01 2.79611166e-01 1.37869211e-01
 1.29819251e-01 1.23892992e-04 1.13998820e-04 1.93712806e-03
 3.07362591e-01 1.53343990e-01 1.44781975e-01 2.90838769e-01
 1.45830298e-01 1.37435766e-01 2.95371057e-01 1.46155713e-01
 1.39215537e-01 2.76198219e-01 1.37089732e-01 1.28485314e-01
 2.77269559e-01 1.38903898e-01 1.30024407e-01]

 