Iteration 0:
############################
Gradient = 
[-1.41526296e-07  6.67026094e-03  8.90028480e-03 -7.75198910e-07
 -6.18223082e-03 -2.23231057e-03 -4.29322827e-05 -2.56489646e-03
  2.96599847e-04 -3.01589442e-05  5.94522142e-03  1.12370300e-02
 -1.37864566e-03  7.00985077e-03 -5.20035869e-03  3.39471166e-03
 -9.95408335e-04 -4.11296422e-03  3.02896362e-01  1.61019163e-01
  1.46336474e-01  3.01576087e-01  1.57632247e-01  1.50969676e-01
  2.78188313e-01  1.35809409e-01  1.43868620e-01  2.73167015e-01
  1.40136331e-01  1.30842463e-01  3.12804733e-01  1.73124601e-01
  1.50671034e-01]

Gradient approximate =
[ 3.28854721e-07  3.88719368e-05  5.15917664e-05  1.77653448e-07
 -3.48694984e-05 -1.13933818e-05  2.94406846e-01  1.43260593e-01
  1.52923392e-01  3.19578056e-01  1.55665514e-01  1.66187069e-01
  3.25160026e-01  1.58322884e-01  1.68869396e-01  2.88260811e-01
  1.40302583e-01  1.49692876e-01  3.02625275e-01  1.47321010e-01
  1.57181416e-01  0.00000000e+00  0.00000000e+00  0.00000000e+00
  0.00000000e+00  0.00000000e+00  0.00000000e+00  0.00000000e+00
  0.00000000e+00  0.00000000e+00  0.00000000e+00  0.00000000e+00
  0.00000000e+00]

Diff = 
[4.70381017e-07 6.63138900e-03 8.84869304e-03 9.52852357e-07
 6.14736132e-03 2.22091719e-03 2.94449778e-01 1.45825490e-01
 1.52626792e-01 3.19608215e-01 1.49720293e-01 1.54950039e-01
 3.26538672e-01 1.51313034e-01 1.74069755e-01 2.84866099e-01
 1.41297991e-01 1.53805840e-01 2.71087852e-04 1.36981529e-02
 1.08449418e-02 3.01576087e-01 1.57632247e-01 1.50969676e-01
 2.78188313e-01 1.35809409e-01 1.43868620e-01 2.73167015e-01
 1.40136331e-01 1.30842463e-01 3.12804733e-01 1.73124601e-01
 1.50671034e-01]

 Iteration 100:
############################
Gradient = 
[-1.64682112e-06  5.94777483e-03  7.94043289e-03 -4.13827621e-06
 -5.52532722e-03 -1.99571358e-03 -9.84998636e-05 -2.31966555e-03
  2.40743794e-04 -1.85699460e-04  5.22214837e-03  9.95775833e-03
 -3.10127829e-06 -2.26579996e-03  2.85303759e-04 -8.43280521e-03
  1.22275881e-03  5.68356186e-03  2.87049364e-01  1.37543201e-01
  1.48792872e-01  3.17368914e-01  1.59901574e-01  1.74238324e-01
  3.24260913e-01  1.65701881e-01  1.63061005e-01  2.88053707e-01
  1.37282370e-01  1.42239424e-01  1.96371381e-01  8.19292961e-02
  8.30639578e-02]

Gradient approximate =
[ 2.90907742e-06  4.58156024e-05  4.83624363e-05  7.11012804e-06
 -2.62569522e-06 -3.95166788e-06  2.90341096e-01  1.41384851e-01
  1.50202359e-01  3.32210232e-01  1.61916715e-01  1.72018279e-01
  2.87049364e-01  1.39794740e-01  1.48509478e-01  3.17368914e-01
  1.54605498e-01  1.64249496e-01  2.87049364e-01  1.39794866e-01
  1.48509656e-01  0.00000000e+00  0.00000000e+00  0.00000000e+00
  0.00000000e+00  0.00000000e+00  0.00000000e+00  0.00000000e+00
  0.00000000e+00  0.00000000e+00  0.00000000e+00  0.00000000e+00
  0.00000000e+00]

Diff = 
[4.55589855e-06 5.90195923e-03 7.89207045e-03 1.12484043e-05
 5.52270152e-03 1.99176191e-03 2.90439596e-01 1.43704517e-01
 1.49961615e-01 3.32395931e-01 1.56694567e-01 1.62060521e-01
 2.87052465e-01 1.42060540e-01 1.48224174e-01 3.25801719e-01
 1.53382739e-01 1.58565934e-01 6.23873175e-12 2.25166486e-03
 2.83215554e-04 3.17368914e-01 1.59901574e-01 1.74238324e-01
 3.24260913e-01 1.65701881e-01 1.63061005e-01 2.88053707e-01
 1.37282370e-01 1.42239424e-01 1.96371381e-01 8.19292961e-02
 8.30639578e-02]

 Iteration 200:
############################
Gradient = 
[-1.48128063e-06  5.30922103e-03  7.08492520e-03 -3.66992086e-06
 -4.92525068e-03 -1.78111696e-03 -9.48311294e-05 -2.06678588e-03
  2.15774605e-04 -1.83667524e-04  4.66387628e-03  8.88414983e-03
 -5.76128318e-04 -2.29541094e-03 -3.68722656e-05 -9.31819409e-03
  2.26417094e-04  4.16875081e-03  2.87310021e-01  1.37994740e-01
  1.48386535e-01  3.15569538e-01  1.58545286e-01  1.71668889e-01
  3.24808842e-01  1.66341260e-01  1.62777040e-01  2.89782177e-01
  1.38147960e-01  1.42085610e-01  9.91663250e-02  1.89182537e-02
  1.56708622e-02]

Gradient approximate =
[ 2.08109974e-06  3.88112897e-05  4.26325242e-05  5.06140907e-06
 -7.52748530e-06 -4.85972595e-06  2.90219049e-01  1.41401750e-01
  1.49621549e-01  3.28737323e-01  1.60295142e-01  1.69620916e-01
  2.87310021e-01  1.39997888e-01  1.48128113e-01  3.15569538e-01
  1.53807957e-01  1.62746160e-01  2.87310021e-01  1.39997978e-01
  1.48128245e-01  0.00000000e+00  0.00000000e+00  0.00000000e+00
  0.00000000e+00  0.00000000e+00  0.00000000e+00  0.00000000e+00
  0.00000000e+00  0.00000000e+00  0.00000000e+00  0.00000000e+00
  0.00000000e+00]

Diff = 
[3.56238036e-06 5.27040974e-03 7.04229268e-03 8.73132993e-06
 4.91772319e-03 1.77625723e-03 2.90313881e-01 1.43468536e-01
 1.49405774e-01 3.28920991e-01 1.55631266e-01 1.60736766e-01
 2.87886150e-01 1.42293299e-01 1.48164985e-01 3.24887732e-01
 1.53581540e-01 1.58577409e-01 1.66419101e-11 2.00323806e-03
 2.58289844e-04 3.15569538e-01 1.58545286e-01 1.71668889e-01
 3.24808842e-01 1.66341260e-01 1.62777040e-01 2.89782177e-01
 1.38147960e-01 1.42085610e-01 9.91663250e-02 1.89182537e-02
 1.56708622e-02]

 Iteration 300:
############################
Gradient = 
[-5.26165724e-07  4.74162365e-03  6.32262369e-03 -1.47119415e-06
 -4.38502436e-03 -1.58729300e-03 -5.95362208e-05 -1.82468049e-03
  2.07605953e-04 -8.10278052e-05  4.21817281e-03  7.97102585e-03
  3.91022037e-03  1.11491282e-04  2.24454164e-03 -4.72642795e-03
  1.95531344e-03  5.58274140e-03  2.87537712e-01  1.38392596e-01
  1.48016261e-01  3.13953299e-01  1.57323700e-01  1.69369820e-01
  3.24535676e-01  1.66425606e-01  1.62007033e-01  2.90944562e-01
  1.38677424e-01  1.41682695e-01  1.72445044e-02 -3.67407029e-02
 -4.34739547e-02]

Gradient approximate =
[ 1.48597135e-06  3.31320948e-05  3.76638365e-05  3.59993813e-06
 -1.04300657e-05 -5.28921573e-06  2.90108270e-01  1.41415014e-01
  1.49098616e-01  3.25641500e-01  1.58847542e-01  1.67488477e-01
  2.87537712e-01  1.40175490e-01  1.47781251e-01  3.13953299e-01
  1.53088800e-01  1.61401037e-01  2.87537712e-01  1.40175554e-01
  1.47781347e-01  0.00000000e+00  0.00000000e+00  0.00000000e+00
  0.00000000e+00  0.00000000e+00  0.00000000e+00  0.00000000e+00
  0.00000000e+00  0.00000000e+00  0.00000000e+00  0.00000000e+00
  0.00000000e+00]

Diff = 
[2.01213707e-06 4.70849155e-03 6.28495985e-03 5.07113228e-06
 4.37459429e-03 1.58200379e-03 2.90167807e-01 1.43239695e-01
 1.48891010e-01 3.25722528e-01 1.54629369e-01 1.59517451e-01
 2.83627492e-01 1.40063999e-01 1.45536709e-01 3.18679727e-01
 1.51133487e-01 1.55818296e-01 1.51792467e-11 1.78295866e-03
 2.34914205e-04 3.13953299e-01 1.57323700e-01 1.69369820e-01
 3.24535676e-01 1.66425606e-01 1.62007033e-01 2.90944562e-01
 1.38677424e-01 1.41682695e-01 1.72445044e-02 3.67407029e-02
 4.34739547e-02]

 Iteration 400:
############################
Gradient = 
[ 4.67949578e-07  4.23482987e-03  5.64261051e-03  7.88377039e-07
 -3.90379575e-03 -1.41397690e-03 -1.46117773e-05 -1.60420424e-03
  2.04998042e-04  5.20973441e-05  3.83463472e-03  7.17102524e-03
  1.12636361e-02  3.89195544e-03  5.98302944e-03  2.98353254e-03
  5.25398593e-03  8.67786642e-03  2.87727945e-01  1.38735127e-01
  1.47665599e-01  3.12473800e-01  1.56203307e-01  1.67285752e-01
  3.21964205e-01  1.65015664e-01  1.59752019e-01  2.89912916e-01
  1.37830747e-01  1.39924464e-01 -4.71182489e-02 -8.39125986e-02
 -9.33236600e-02]

Gradient approximate =
[ 1.05614406e-06  2.84674928e-05  3.33315642e-05  2.55343968e-06
 -1.19863852e-05 -5.40605338e-06  2.89989671e-01  1.41413804e-01
  1.48610644e-01  3.22844123e-01  1.57534024e-01  1.65562774e-01
  2.87727945e-01  1.40324020e-01  1.47453607e-01  3.12473800e-01
  1.52424208e-01  1.60174140e-01  2.87727945e-01  1.40324066e-01
  1.47453676e-01  0.00000000e+00  0.00000000e+00  0.00000000e+00
  0.00000000e+00  0.00000000e+00  0.00000000e+00  0.00000000e+00
  0.00000000e+00  0.00000000e+00  0.00000000e+00  0.00000000e+00
  0.00000000e+00]

Diff = 
[5.88194483e-07 4.20636237e-03 5.60927894e-03 1.76506264e-06
 3.89180936e-03 1.40857084e-03 2.90004283e-01 1.43018008e-01
 1.48405646e-01 3.22792026e-01 1.53699390e-01 1.58391749e-01
 2.76464308e-01 1.36432065e-01 1.41470577e-01 3.09490267e-01
 1.47170222e-01 1.51496273e-01 4.17027524e-12 1.58893967e-03
 2.11922318e-04 3.12473800e-01 1.56203307e-01 1.67285752e-01
 3.21964205e-01 1.65015664e-01 1.59752019e-01 2.89912916e-01
 1.37830747e-01 1.39924464e-01 4.71182489e-02 8.39125986e-02
 9.33236600e-02]

 Iteration 500:
############################
Gradient = 
[ 1.19293618e-06  3.78132253e-03  5.03563532e-03  2.43894957e-06
 -3.47730930e-03 -1.25980919e-03  2.68516204e-05 -1.40986374e-03
  2.01525558e-04  1.75095457e-04  3.48536542e-03  6.45388519e-03
  1.97104598e-02  8.18486613e-03  1.02617751e-02  1.19273530e-02
  9.19935615e-03  1.24691359e-02  2.87882695e-01  1.39026581e-01
  1.47329396e-01  3.11109222e-01  1.55168991e-01  1.65386587e-01
  3.16373079e-01  1.61653962e-01  1.55534372e-01  2.85876744e-01
  1.35088233e-01  1.36267226e-01 -9.49549173e-02 -1.23078275e-01
 -1.34510144e-01]

Gradient approximate =
[ 7.46103179e-07  2.45994580e-05  2.95400748e-05  1.80441440e-06
 -1.26322552e-05 -5.31893640e-06  2.89859906e-01  1.41396923e-01
  1.48149894e-01  3.20301956e-01  1.56334189e-01  1.63812661e-01
  2.87882695e-01  1.40444979e-01  1.47140216e-01  3.11109222e-01
  1.51804353e-01  1.59046356e-01  2.87882695e-01  1.40445012e-01
  1.47140266e-01  0.00000000e+00  0.00000000e+00  0.00000000e+00
  0.00000000e+00  0.00000000e+00  0.00000000e+00  0.00000000e+00
  0.00000000e+00  0.00000000e+00  0.00000000e+00  0.00000000e+00
  0.00000000e+00]

Diff = 
[4.46832996e-07 3.75672308e-03 5.00609524e-03 6.34535169e-07
 3.46467705e-03 1.25449025e-03 2.89833055e-01 1.42806787e-01
 1.47948368e-01 3.20126861e-01 1.52848823e-01 1.57358776e-01
 2.68172236e-01 1.32260113e-01 1.36878441e-01 2.99181869e-01
 1.42604997e-01 1.46577220e-01 1.40206180e-11 1.41843072e-03
 1.89130248e-04 3.11109222e-01 1.55168991e-01 1.65386587e-01
 3.16373079e-01 1.61653962e-01 1.55534372e-01 2.85876744e-01
 1.35088233e-01 1.36267226e-01 9.49549173e-02 1.23078275e-01
 1.34510144e-01]

 Iteration 600:
############################
Gradient = 
[ 1.59935751e-06  3.37529344e-03  4.49373944e-03  3.38119060e-06
 -3.09978644e-03 -1.12291955e-03  5.92438850e-05 -1.24157411e-03
  1.94649165e-04  2.71077690e-04  3.15846508e-03  5.80274951e-03
  2.81263912e-02  1.24444249e-02  1.45058011e-02  2.09250988e-02
  1.32123315e-02  1.63441853e-02  2.88007070e-01  1.39273883e-01
  1.47008227e-01  3.09850641e-01  1.54215054e-01  1.63655744e-01
  3.07584112e-01  1.56229733e-01  1.49245105e-01  2.78609154e-01
  1.30301861e-01  1.30562510e-01 -1.29064429e-01 -1.55586089e-01
 -1.68544988e-01]

Gradient approximate =
[ 5.23894261e-07  2.13662665e-05  2.62117372e-05  1.27004407e-06
 -1.26683819e-05 -5.10240961e-06  2.89723074e-01  1.41367773e-01
  1.47716091e-01  3.17990811e-01  1.55237953e-01  1.62221318e-01
  2.88007070e-01  1.40542307e-01  1.46841354e-01  3.09850641e-01
  1.51226635e-01  1.58009453e-01  2.88007070e-01  1.40542330e-01
  1.46841389e-01  0.00000000e+00  0.00000000e+00  0.00000000e+00
  0.00000000e+00  0.00000000e+00  0.00000000e+00  0.00000000e+00
  0.00000000e+00  0.00000000e+00  0.00000000e+00  0.00000000e+00
  0.00000000e+00]

Diff = 
[1.07546325e-06 3.35392718e-03 4.46752771e-03 2.11114653e-06
 3.08711806e-03 1.11781714e-03 2.89663830e-01 1.42609347e-01
 1.47521442e-01 3.17719733e-01 1.52079488e-01 1.56418568e-01
 2.59880679e-01 1.28097882e-01 1.32335553e-01 2.88925542e-01
 1.38014303e-01 1.41665268e-01 7.84583509e-12 1.26844708e-03
 1.66838308e-04 3.09850641e-01 1.54215054e-01 1.63655744e-01
 3.07584112e-01 1.56229733e-01 1.49245105e-01 2.78609154e-01
 1.30301861e-01 1.30562510e-01 1.29064429e-01 1.55586089e-01
 1.68544988e-01]

 Iteration 700:
############################
Gradient = 
[ 1.74929000e-06  3.01193660e-03  4.00995531e-03  3.75561560e-06
 -2.76526515e-03 -1.00134844e-03  8.17139459e-05 -1.09676523e-03
  1.84213829e-04  3.37682769e-04  2.85091854e-03  5.20902824e-03
  3.59738878e-02  1.64104163e-02  1.84444705e-02  2.94220163e-02
  1.70190646e-02  2.00160964e-02  2.88106924e-01  1.39484385e-01
  1.46704534e-01  3.08694053e-01  1.53339173e-01  1.62082212e-01
  2.95729978e-01  1.48829868e-01  1.40981514e-01  2.68213701e-01
  1.23533402e-01  1.22881100e-01 -1.52675238e-01 -1.82999917e-01
 -1.97134359e-01]

Gradient approximate =
[ 3.65580899e-07  1.86432625e-05  2.32829600e-05  8.90436613e-07
 -1.23069510e-05 -4.80813389e-06  2.89585275e-01  1.41330985e-01
  1.47311327e-01  3.15894516e-01  1.54239360e-01  1.60777821e-01
  2.88106924e-01  1.40620539e-01  1.46559033e-01  3.08694053e-01
  1.50691041e-01  1.57059370e-01  2.88106924e-01  1.40620555e-01
  1.46559057e-01  0.00000000e+00  0.00000000e+00  0.00000000e+00
  0.00000000e+00  0.00000000e+00  0.00000000e+00  0.00000000e+00
  0.00000000e+00  0.00000000e+00  0.00000000e+00  0.00000000e+00
  0.00000000e+00]

Diff = 
[1.38370910e-06 2.99329334e-03 3.98667235e-03 2.86517899e-06
 2.75295820e-03 9.96540305e-04 2.89503561e-01 1.42427750e-01
 1.47127113e-01 3.15556833e-01 1.51388441e-01 1.55568793e-01
 2.52133036e-01 1.24210122e-01 1.28114562e-01 2.79272036e-01
 1.33671976e-01 1.37043273e-01 1.57100999e-11 1.13617041e-03
 1.45477638e-04 3.08694053e-01 1.53339173e-01 1.62082212e-01
 2.95729978e-01 1.48829868e-01 1.40981514e-01 2.68213701e-01
 1.23533402e-01 1.22881100e-01 1.52675238e-01 1.82999917e-01
 1.97134359e-01]

 Iteration 800:
############################
Gradient = 
[ 1.72949487e-06  2.68703142e-03  3.57810227e-03  3.75314058e-06
 -2.46829194e-03 -8.93271276e-04  9.56785903e-05 -9.72020856e-04
  1.71131203e-04  3.79282258e-04  2.56336177e-03  4.66817936e-03
  4.31210862e-02  2.00202714e-02  2.20152398e-02  3.72896708e-02
  2.05538811e-02  2.34174080e-02  2.88187579e-01  1.39664683e-01
  1.46420573e-01  3.07636138e-01  1.52539255e-01  1.60656346e-01
  2.81076284e-01  1.39623882e-01  1.30924344e-01  2.54931940e-01
  1.14930656e-01  1.13380993e-01 -1.68686620e-01 -2.06727346e-01
 -2.21795245e-01]

Gradient approximate =
[ 2.53754795e-07  1.63328373e-05  2.06994977e-05  6.22077945e-07
 -1.16984800e-05 -4.47230697e-06  2.89451878e-01  1.41290698e-01
  1.46937441e-01  3.13999058e-01  1.53333293e-01  1.59472727e-01
  2.88187580e-01  1.40683804e-01  1.46295136e-01  3.07636138e-01
  1.50197686e-01  1.56192690e-01  2.88187580e-01  1.40683816e-01
  1.46295153e-01  0.00000000e+00  0.00000000e+00  0.00000000e+00
  0.00000000e+00  0.00000000e+00  0.00000000e+00  0.00000000e+00
  0.00000000e+00  0.00000000e+00  0.00000000e+00  0.00000000e+00
  0.00000000e+00]

Diff = 
[1.47574008e-06 2.67069858e-03 3.55740278e-03 3.13106264e-06
 2.45659346e-03 8.88798969e-04 2.89356199e-01 1.42262719e-01
 1.46766310e-01 3.13619776e-01 1.50769932e-01 1.54804548e-01
 2.45066493e-01 1.20663532e-01 1.24279896e-01 2.70346467e-01
 1.29643805e-01 1.32775282e-01 1.08324461e-11 1.01913234e-03
 1.25420634e-04 3.07636138e-01 1.52539255e-01 1.60656346e-01
 2.81076284e-01 1.39623882e-01 1.30924344e-01 2.54931940e-01
 1.14930656e-01 1.13380993e-01 1.68686620e-01 2.06727346e-01
 2.21795245e-01]

 Iteration 900:
############################
Gradient = 
[ 1.61387137e-06  2.39674771e-03  3.19265804e-03  3.53518198e-06
 -2.20414593e-03 -7.97077888e-04  1.03209726e-04 -8.64016167e-04
  1.56550647e-04  4.02151709e-04  2.29715882e-03  4.17713148e-03
  4.96673023e-02  2.33240672e-02  2.52726748e-02  4.46390056e-02
  2.38680276e-02  2.66024896e-02  2.88253359e-01  1.39820216e-01
  1.46157646e-01  3.06672613e-01  1.51812262e-01  1.59368213e-01
  2.63912674e-01  1.28792979e-01  1.19263377e-01  2.39027536e-01
  1.04652297e-01  1.02228553e-01 -1.79394729e-01 -2.27884364e-01
 -2.43721473e-01]

Gradient approximate =
[ 1.75290893e-07  1.43583145e-05  1.84162618e-05  4.33182379e-07
 -1.09491749e-05 -4.11981338e-06  2.89326595e-01  1.41249967e-01
  1.46595107e-01  3.12290260e-01  1.52514206e-01  1.58296364e-01
  2.88253359e-01  1.40735459e-01  1.46050721e-01  3.06672613e-01
  1.49745875e-01  1.55405296e-01  2.88253359e-01  1.40735468e-01
  1.46050733e-01  0.00000000e+00  0.00000000e+00  0.00000000e+00
  0.00000000e+00  0.00000000e+00  0.00000000e+00  0.00000000e+00
  0.00000000e+00  0.00000000e+00  0.00000000e+00  0.00000000e+00
  0.00000000e+00]

Diff = 
[1.43858047e-06 2.38238940e-03 3.17424178e-03 3.10199960e-06
 2.19319676e-03 7.92958074e-04 2.89223385e-01 1.42113983e-01
 1.46438557e-01 3.11888108e-01 1.50217048e-01 1.54119233e-01
 2.38586056e-01 1.17411392e-01 1.20778047e-01 2.62033607e-01
 1.25877848e-01 1.28802806e-01 1.16309185e-11 9.15251471e-04
 1.06913200e-04 3.06672613e-01 1.51812262e-01 1.59368213e-01
 2.63912674e-01 1.28792979e-01 1.19263377e-01 2.39027536e-01
 1.04652297e-01 1.02228553e-01 1.79394729e-01 2.27884364e-01
 2.43721473e-01]

 