Iteration 0:
############################
Gradient = 
[-6.93729909e-07 -3.13709326e-04  2.25044572e-05  3.70308537e-06
 -3.23266909e-04 -4.00767584e-04  4.21325233e-05  6.46511350e-04
 -2.85656168e-04 -1.76131308e-04  2.18519511e-04 -1.00294955e-03
  8.70423118e-04 -3.21983064e-04  3.95703427e-04 -7.60657410e-03
 -4.05990995e-03 -2.73109187e-03  3.18084976e-01  1.53799616e-01
  1.59287420e-01  3.00410021e-01  1.46003388e-01  1.49199722e-01
  2.88849652e-01  1.39489126e-01  1.43234969e-01  2.84049098e-01
  1.37723062e-01  1.42047232e-01  3.02762313e-01  1.45785717e-01
  1.51243568e-01]

Gradient approximate =
[-3.26065841e-07 -8.56688054e-07  1.01862296e-06  7.04494241e-07
  1.43323353e-06 -1.95566896e-06  2.92031566e-01  1.44065967e-01
  1.40469855e-01  2.82690593e-01  1.39455849e-01  1.35969020e-01
  2.83661746e-01  1.39925306e-01  1.36452647e-01  2.99330063e-01
  1.47655864e-01  1.43992811e-01  3.17866032e-01  1.56801962e-01
  1.52907578e-01  0.00000000e+00  0.00000000e+00  0.00000000e+00
  0.00000000e+00  0.00000000e+00  0.00000000e+00  0.00000000e+00
  0.00000000e+00  0.00000000e+00  0.00000000e+00  0.00000000e+00
  0.00000000e+00]

Diff = 
[3.67664068e-07 3.12852638e-04 2.14858343e-05 2.99859113e-06
 3.24700143e-04 3.98811915e-04 2.91989434e-01 1.43419456e-01
 1.40755511e-01 2.82866725e-01 1.39237330e-01 1.36971969e-01
 2.82791323e-01 1.40247289e-01 1.36056944e-01 3.06936637e-01
 1.51715773e-01 1.46723903e-01 2.18944157e-04 3.00234622e-03
 6.37984184e-03 3.00410021e-01 1.46003388e-01 1.49199722e-01
 2.88849652e-01 1.39489126e-01 1.43234969e-01 2.84049098e-01
 1.37723062e-01 1.42047232e-01 3.02762313e-01 1.45785717e-01
 1.51243568e-01]

 Iteration 100:
############################
Gradient = 
[-1.21895566e-06 -3.08096963e-04  2.16802146e-05 -3.39128518e-06
 -3.35032925e-04 -4.03947544e-04 -1.82648888e-04  5.25736948e-04
 -3.95150857e-04  2.11389827e-04  4.10340491e-04 -8.02563667e-04
 -8.65351430e-03 -3.65108580e-03 -4.46410489e-03 -6.44001290e-03
 -2.87384175e-03 -4.00415232e-03  2.93296836e-01  1.45299521e-01
  1.40787840e-01  2.81065879e-01  1.38952560e-01  1.34305167e-01
  2.85679253e-01  1.40195742e-01  1.37438248e-01  3.00549370e-01
  1.47964266e-01  1.45532016e-01  2.10578895e-01  1.02378155e-01
  1.00347862e-01]

Gradient approximate =
[ 4.28877156e-06  1.47009871e-05  5.35347100e-06 -7.81291254e-06
 -3.30454153e-05 -1.09135367e-05  3.11293619e-01  1.53568860e-01
  1.49745219e-01  2.61970641e-01  1.29233575e-01  1.26007207e-01
  2.93296836e-01  1.44686340e-01  1.41094721e-01  2.81065879e-01
  1.38650014e-01  1.35205221e-01  2.93296836e-01  1.44686175e-01
  1.41093533e-01  0.00000000e+00  0.00000000e+00  0.00000000e+00
  0.00000000e+00  0.00000000e+00  0.00000000e+00  0.00000000e+00
  0.00000000e+00  0.00000000e+00  0.00000000e+00  0.00000000e+00
  0.00000000e+00]

Diff = 
[5.50772722e-06 3.22797950e-04 1.63267436e-05 4.42162736e-06
 3.01987509e-04 3.93034007e-04 3.11476268e-01 1.53043123e-01
 1.50140370e-01 2.61759251e-01 1.28823234e-01 1.26809771e-01
 3.01950351e-01 1.48337426e-01 1.45558826e-01 2.87505892e-01
 1.41523856e-01 1.39209374e-01 1.25027211e-11 6.13345661e-04
 3.05692912e-04 2.81065879e-01 1.38952560e-01 1.34305167e-01
 2.85679253e-01 1.40195742e-01 1.37438248e-01 3.00549370e-01
 1.47964266e-01 1.45532016e-01 2.10578895e-01 1.02378155e-01
 1.00347862e-01]

 Iteration 200:
############################
Gradient = 
[-1.15656961e-06 -3.03490953e-04  2.11480586e-05 -3.65145409e-06
 -3.27633553e-04 -4.01657858e-04 -1.85152968e-04  5.17506396e-04
 -3.93633691e-04  2.24791743e-04  4.15104158e-04 -7.86597344e-04
 -8.58384532e-03 -3.62300074e-03 -4.42578488e-03 -7.15624751e-03
 -3.23239077e-03 -4.34007650e-03  2.93331157e-01  1.45321413e-01
  1.40804009e-01  2.81050632e-01  1.38950498e-01  1.34301468e-01
  2.89016452e-01  1.41890970e-01  1.39086353e-01  3.03325594e-01
  1.49377405e-01  1.46907328e-01  1.11244851e-01  5.19277895e-02
  5.11521536e-02]

Gradient approximate =
[ 4.18023838e-06  1.42998435e-05  5.22175636e-06 -7.61500640e-06
 -3.22410254e-05 -1.06699649e-05  3.11155428e-01  1.53511376e-01
  1.49674089e-01  2.62148525e-01  1.29330353e-01  1.26089304e-01
  2.93331157e-01  1.44713316e-01  1.41106800e-01  2.81050632e-01
  1.38652148e-01  1.35193717e-01  2.93331157e-01  1.44713155e-01
  1.41105642e-01  0.00000000e+00  0.00000000e+00  0.00000000e+00
  0.00000000e+00  0.00000000e+00  0.00000000e+00  0.00000000e+00
  0.00000000e+00  0.00000000e+00  0.00000000e+00  0.00000000e+00
  0.00000000e+00]

Diff = 
[5.33680798e-06 3.17790796e-04 1.59263023e-05 3.96355232e-06
 2.95392527e-04 3.90987894e-04 3.11340581e-01 1.52993869e-01
 1.50067723e-01 2.61923733e-01 1.28915249e-01 1.26875901e-01
 3.01915002e-01 1.48336316e-01 1.45532585e-01 2.88206880e-01
 1.41884539e-01 1.39533793e-01 1.20728982e-11 6.08258053e-04
 3.01633619e-04 2.81050632e-01 1.38950498e-01 1.34301468e-01
 2.89016452e-01 1.41890970e-01 1.39086353e-01 3.03325594e-01
 1.49377405e-01 1.46907328e-01 1.11244851e-01 5.19277895e-02
 5.11521536e-02]

 Iteration 300:
############################
Gradient = 
[-4.16827425e-07 -2.96364735e-04  2.14506388e-05 -1.25182246e-06
 -3.10264182e-04 -3.96118670e-04 -6.50614859e-05  5.69162386e-04
 -3.33817995e-04  7.77607745e-05  3.41566312e-04 -8.47089332e-04
 -3.07838121e-03 -9.13375770e-04 -1.77283714e-03 -2.47437509e-03
 -9.27456042e-04 -2.07887509e-03  2.93342356e-01  1.45324881e-01
  1.40816002e-01  2.81060204e-01  1.38954550e-01  1.34316925e-01
  2.91266598e-01  1.43028871e-01  1.40204414e-01  3.05310752e-01
  1.50382855e-01  1.47899183e-01  2.66919210e-02  8.76229320e-03
  9.07016868e-03]

Gradient approximate =
[ 4.06938705e-06  1.38902667e-05  5.08660891e-06 -7.41366968e-06
 -3.14225201e-05 -1.04235265e-05  3.10993043e-01  1.53434763e-01
  1.49599048e-01  2.62346771e-01  1.29431122e-01  1.26187661e-01
  2.93342356e-01  1.44722101e-01  1.41115026e-01  2.81060204e-01
  1.38660028e-01  1.35201121e-01  2.93342356e-01  1.44721946e-01
  1.41113900e-01  0.00000000e+00  0.00000000e+00  0.00000000e+00
  0.00000000e+00  0.00000000e+00  0.00000000e+00  0.00000000e+00
  0.00000000e+00  0.00000000e+00  0.00000000e+00  0.00000000e+00
  0.00000000e+00]

Diff = 
[4.48621447e-06 3.10255001e-04 1.63640299e-05 6.16184721e-06
 2.78841662e-04 3.85695144e-04 3.11058104e-01 1.52865601e-01
 1.49932866e-01 2.62269011e-01 1.29089556e-01 1.27034750e-01
 2.96420737e-01 1.45635477e-01 1.42887863e-01 2.83534579e-01
 1.39587484e-01 1.37279996e-01 1.42380552e-12 6.02934604e-04
 2.97898074e-04 2.81060204e-01 1.38954550e-01 1.34316925e-01
 2.91266598e-01 1.43028871e-01 1.40204414e-01 3.05310752e-01
 1.50382855e-01 1.47899183e-01 2.66919210e-02 8.76229320e-03
 9.07016868e-03]

 Iteration 400:
############################
Gradient = 
[ 6.81667527e-07 -2.88004545e-04  2.22202553e-05  2.55645734e-06
 -2.87839810e-04 -3.88789695e-04  1.22370817e-04  6.53250952e-04
 -2.42474900e-04 -1.57673937e-04  2.25516768e-04 -9.49135421e-04
  5.54792969e-03  3.33501497e-03  2.38123149e-03  5.31854120e-03
  2.91306704e-03  1.68032750e-03  2.93294797e-01  1.45281431e-01
  1.40819227e-01  2.81138927e-01  1.38977174e-01  1.34385915e-01
  2.90851737e-01  1.42799319e-01  1.40025716e-01  3.04936253e-01
  1.50174737e-01  1.47746090e-01 -4.02181035e-02 -2.56983905e-02
 -2.45288767e-02]

Gradient approximate =
[ 3.94834831e-06  1.34428735e-05  4.93771246e-06 -7.19394322e-06
 -3.05291237e-05 -1.01587427e-05  3.10767655e-01  1.53308828e-01
  1.49515198e-01  2.62606472e-01  1.29546787e-01  1.26333668e-01
  2.93294797e-01  1.44684662e-01  1.41115246e-01  2.81138927e-01
  1.38685513e-01  1.35261227e-01  2.93294797e-01  1.44684511e-01
  1.41114153e-01  0.00000000e+00  0.00000000e+00  0.00000000e+00
  0.00000000e+00  0.00000000e+00  0.00000000e+00  0.00000000e+00
  0.00000000e+00  0.00000000e+00  0.00000000e+00  0.00000000e+00
  0.00000000e+00]

Diff = 
[3.26668079e-06 3.01447418e-04 1.72825429e-05 9.75040056e-06
 2.57310686e-04 3.78630953e-04 3.10645284e-01 1.52655577e-01
 1.49757672e-01 2.62764146e-01 1.29321270e-01 1.27282804e-01
 2.87746867e-01 1.41349647e-01 1.38734015e-01 2.75820386e-01
 1.35772446e-01 1.33580899e-01 1.84949278e-11 5.96919546e-04
 2.94926435e-04 2.81138927e-01 1.38977174e-01 1.34385915e-01
 2.90851737e-01 1.42799319e-01 1.40025716e-01 3.04936253e-01
 1.50174737e-01 1.47746090e-01 4.02181035e-02 2.56983905e-02
 2.45288767e-02]

 Iteration 500:
############################
Gradient = 
[ 1.85848534e-06 -2.79544652e-04  2.31325152e-05  6.75360367e-06
 -2.64362300e-04 -3.80872807e-04  3.32606764e-04  7.47764474e-04
 -1.41082459e-04 -4.23072371e-04  9.58302397e-05 -1.06455244e-03
  1.53686427e-02  8.16977480e-03  7.11184417e-03  1.43072996e-02
  7.34296872e-03  6.01863469e-03  2.93172117e-01  1.45178004e-01
  1.40811598e-01  2.81307324e-01  1.39024139e-01  1.34524385e-01
  2.86992857e-01  1.40803451e-01  1.38170314e-01  3.01423104e-01
  1.48353905e-01  1.46068484e-01 -9.01730185e-02 -5.17821729e-02
 -4.99874566e-02]

Gradient approximate =
[ 3.81417786e-06  1.29470457e-05  4.77125228e-06 -6.95023816e-06
 -2.95383940e-05 -9.87007587e-06  3.10461566e-01  1.53119814e-01
  1.49420330e-01  2.62946791e-01  1.29682443e-01  1.26542002e-01
  2.93172117e-01  1.44588144e-01  1.41105572e-01  2.81307324e-01
  1.38734100e-01  1.35389716e-01  2.93172117e-01  1.44587998e-01
  1.41104516e-01  0.00000000e+00  0.00000000e+00  0.00000000e+00
  0.00000000e+00  0.00000000e+00  0.00000000e+00  0.00000000e+00
  0.00000000e+00  0.00000000e+00  0.00000000e+00  0.00000000e+00
  0.00000000e+00]

Diff = 
[1.95569252e-06 2.92491698e-04 1.83612629e-05 1.37038418e-05
 2.34823906e-04 3.71002731e-04 3.10128959e-01 1.52372049e-01
 1.49561413e-01 2.63369863e-01 1.29586613e-01 1.27606555e-01
 2.77803474e-01 1.36418370e-01 1.33993728e-01 2.67000024e-01
 1.31391131e-01 1.29371081e-01 1.75846004e-11 5.90006049e-04
 2.92918036e-04 2.81307324e-01 1.39024139e-01 1.34524385e-01
 2.86992857e-01 1.40803451e-01 1.38170314e-01 3.01423104e-01
 1.48353905e-01 1.46068484e-01 9.01730185e-02 5.17821729e-02
 4.99874566e-02]

 Iteration 600:
############################
Gradient = 
[ 2.92471942e-06 -2.71752459e-04  2.39676518e-05  1.06948008e-05
 -2.42360099e-04 -3.73137103e-04  5.37816137e-04  8.39026297e-04
 -4.29983140e-05 -6.81619444e-04 -2.94054653e-05 -1.17567234e-03
  2.51442941e-02  1.29772339e-02  1.18254459e-02  2.32469073e-02
  1.17461077e-02  1.03396574e-02  2.92971698e-01  1.45012570e-01
  1.40792749e-01  2.81568779e-01  1.39096341e-01  1.34735047e-01
  2.79502494e-01  1.36947722e-01  1.34543559e-01  2.94578543e-01
  1.44823948e-01  1.42769445e-01 -1.25872616e-01 -7.08140125e-02
 -6.86108701e-02]

Gradient approximate =
[ 3.66729314e-06  1.24041355e-05  4.58779459e-06 -6.68314959e-06
 -2.84527535e-05 -9.55785451e-06  3.10072127e-01  1.52865697e-01
  1.49314097e-01  2.63371097e-01  1.29838958e-01  1.26815312e-01
  2.92971698e-01  1.44430548e-01  1.41085666e-01  2.81568779e-01
  1.38806649e-01  1.35589262e-01  2.92971698e-01  1.44430405e-01
  1.41084649e-01  0.00000000e+00  0.00000000e+00  0.00000000e+00
  0.00000000e+00  0.00000000e+00  0.00000000e+00  0.00000000e+00
  0.00000000e+00  0.00000000e+00  0.00000000e+00  0.00000000e+00
  0.00000000e+00]

Diff = 
[7.42573714e-07 2.84156594e-04 1.93798572e-05 1.73779504e-05
 2.13907345e-04 3.63579248e-04 3.09534311e-01 1.52026671e-01
 1.49357095e-01 2.64052717e-01 1.29868364e-01 1.27990985e-01
 2.67827404e-01 1.31453314e-01 1.29260220e-01 2.58321872e-01
 1.27060541e-01 1.25249604e-01 1.73442372e-11 5.82164624e-04
 2.91900420e-04 2.81568779e-01 1.39096341e-01 1.34735047e-01
 2.79502494e-01 1.36947722e-01 1.34543559e-01 2.94578543e-01
 1.44823948e-01 1.42769445e-01 1.25872616e-01 7.08140125e-02
 6.86108701e-02]

 Iteration 700:
############################
Gradient = 
[ 3.78692593e-06 -2.65012440e-04  2.46154807e-05  1.40806402e-05
 -2.23005984e-04 -3.65948462e-04  7.25121632e-04  9.20772960e-04
  4.56552232e-05 -9.16090101e-04 -1.41815737e-04 -1.27430786e-03
  3.42792491e-02  1.74619707e-02  1.62375779e-02  3.15260654e-02
  1.58193630e-02  1.43510025e-02  2.92698495e-01  1.44789179e-01
  1.40763216e-01  2.81917136e-01  1.39191935e-01  1.35013256e-01
  2.68537738e-01  1.31316753e-01  1.29216366e-01  2.84552784e-01
  1.39665880e-01  1.37916931e-01 -1.50596665e-01 -8.44102128e-02
 -8.19774526e-02]

Gradient approximate =
[ 3.50998342e-06  1.18218768e-05  4.39017933e-06 -6.39634345e-06
 -2.72871592e-05 -9.22578236e-06  3.09604959e-01  1.52550915e-01
  1.49197123e-01  2.63873955e-01  1.30014810e-01  1.27149549e-01
  2.92698495e-01  1.44215855e-01  1.41055997e-01  2.81917136e-01
  1.38901404e-01  1.35855309e-01  2.92698495e-01  1.44215716e-01
  1.41055022e-01  0.00000000e+00  0.00000000e+00  0.00000000e+00
  0.00000000e+00  0.00000000e+00  0.00000000e+00  0.00000000e+00
  0.00000000e+00  0.00000000e+00  0.00000000e+00  0.00000000e+00
  0.00000000e+00]

Diff = 
[2.76942517e-07 2.76834317e-04 2.02253014e-05 2.04769836e-05
 1.95718825e-04 3.56722679e-04 3.08879837e-01 1.51630142e-01
 1.49151468e-01 2.64790045e-01 1.30156625e-01 1.28423857e-01
 2.58419246e-01 1.26753884e-01 1.24818419e-01 2.50391070e-01
 1.23082041e-01 1.21504307e-01 8.59673444e-12 5.73463108e-04
 2.91806752e-04 2.81917136e-01 1.39191935e-01 1.35013256e-01
 2.68537738e-01 1.31316753e-01 1.29216366e-01 2.84552784e-01
 1.39665880e-01 1.37916931e-01 1.50596665e-01 8.44102128e-02
 8.19774526e-02]

 Iteration 800:
############################
Gradient = 
[ 4.42068042e-06 -2.59431599e-04  2.50452397e-05  1.68480161e-05
 -2.06545725e-04 -3.59394601e-04  8.91774600e-04  9.91741583e-04
  1.23640940e-04 -1.12265533e-03 -2.39639806e-04 -1.35873308e-03
  4.26292741e-02  2.15519581e-02  2.02801005e-02  3.89816569e-02
  1.94813364e-02  1.79749657e-02  2.92360239e-01  1.44514122e-01
  1.40723841e-01  2.82342659e-01  1.39308021e-01  1.35351614e-01
  2.54405016e-01  1.24072349e-01  1.22331070e-01  2.71645078e-01
  1.33037775e-01  1.31650327e-01 -1.67351819e-01 -9.40554442e-02
 -9.15307088e-02]

Gradient approximate =
[ 3.34451133e-06  1.12095488e-05  4.18189705e-06 -6.09441386e-06
 -2.60604072e-05 -8.87846907e-06  3.09068709e-01  1.52182272e-01
  1.49070368e-01  2.64446608e-01  1.30207555e-01  1.27538142e-01
  2.92360239e-01  1.43950253e-01  1.41017307e-01  2.82342659e-01
  1.39015606e-01  1.36180598e-01  2.92360239e-01  1.43950117e-01
  1.41016377e-01  0.00000000e+00  0.00000000e+00  0.00000000e+00
  0.00000000e+00  0.00000000e+00  0.00000000e+00  0.00000000e+00
  0.00000000e+00  0.00000000e+00  0.00000000e+00  0.00000000e+00
  0.00000000e+00]

Diff = 
[1.07616908e-06 2.70641147e-04 2.08633426e-05 2.29424299e-05
 1.80485317e-04 3.50516132e-04 3.08176934e-01 1.51190531e-01
 1.48946727e-01 2.65569263e-01 1.30447195e-01 1.28896875e-01
 2.49730964e-01 1.22398295e-01 1.20737206e-01 2.43361002e-01
 1.19534270e-01 1.18205632e-01 3.34654526e-12 5.64004677e-04
 2.92535852e-04 2.82342659e-01 1.39308021e-01 1.35351614e-01
 2.54405016e-01 1.24072349e-01 1.22331070e-01 2.71645078e-01
 1.33037775e-01 1.31650327e-01 1.67351819e-01 9.40554442e-02
 9.15307088e-02]

 Iteration 900:
############################
Gradient = 
[ 4.83872762e-06 -2.54966851e-04  2.52690082e-05  1.90607213e-05
 -1.92727795e-04 -3.53412161e-04  1.04058027e-03  1.05339544e-03
  1.92386824e-04 -1.30489164e-03 -3.24751985e-04 -1.43077595e-03
  5.03073234e-02  2.53024195e-02  2.40081218e-02  4.57089299e-02
  2.27784756e-02  2.12576512e-02  2.91964512e-01  1.44193575e-01
  1.40675416e-01  2.82835725e-01  1.39441707e-01  1.35742817e-01
  2.37439907e-01  1.15391120e-01  1.14043602e-01  2.56182068e-01
  1.25111669e-01  1.24121939e-01 -1.78542045e-01 -1.00938036e-01
 -9.84232741e-02]

Gradient approximate =
[ 3.17339044e-06  1.05758247e-05  3.96626509e-06 -5.78138648e-06
 -2.47897436e-05 -8.51997584e-06  3.08471842e-01  1.51766440e-01
  1.48934736e-01  2.65080386e-01  1.30414753e-01  1.27974586e-01
  2.91964512e-01  1.43639818e-01  1.40970289e-01  2.82835725e-01
  1.39146503e-01  1.36557956e-01  2.91964512e-01  1.43639685e-01
  1.40969404e-01  0.00000000e+00  0.00000000e+00  0.00000000e+00
  0.00000000e+00  0.00000000e+00  0.00000000e+00  0.00000000e+00
  0.00000000e+00  0.00000000e+00  0.00000000e+00  0.00000000e+00
  0.00000000e+00]

Diff = 
[1.66533718e-06 2.65542675e-04 2.13027431e-05 2.48421078e-05
 1.67938051e-04 3.44892185e-04 3.07431261e-01 1.50713044e-01
 1.48742350e-01 2.66385277e-01 1.30739505e-01 1.29405362e-01
 2.41657188e-01 1.18337398e-01 1.16962167e-01 2.37126795e-01
 1.16368027e-01 1.15300305e-01 6.16362517e-12 5.53890175e-04
 2.93988722e-04 2.82835725e-01 1.39441707e-01 1.35742817e-01
 2.37439907e-01 1.15391120e-01 1.14043602e-01 2.56182068e-01
 1.25111669e-01 1.24121939e-01 1.78542045e-01 1.00938036e-01
 9.84232741e-02]

 