Iteration 0:
############################
Gradient = 
[-2.82780307e-04  9.07029134e-03  1.64757181e-02 -5.82372202e-05
  1.46597342e-02  1.65067974e-02 -2.28082312e-04 -4.09687612e-03
 -1.21582783e-02  3.89012864e-04  1.41922802e-02  1.19386496e-02
  1.70352760e-02 -1.38145534e-03  7.11296578e-03  2.37963009e-03
  2.68613815e-02 -3.55400297e-03 -6.75086285e-04 -8.39780924e-03
  1.49855121e-02 -2.41001544e-03  2.92723306e-01  1.56095364e-01
  1.46752928e-01  2.90678903e-01  1.48930404e-01  1.35899714e-01
  3.42316149e-01  1.80837128e-01  1.85066382e-01  2.90642775e-01
  1.38238471e-01  1.35521010e-01  3.06145813e-01  1.51105188e-01
  1.66288355e-01]

Gradient approximate =
[-3.18314073e-04 -1.26886589e-03 -3.24112799e-04 -3.80519394e-05
 -4.95329799e-05  6.34690278e-05 -3.24919454e-04 -1.44114649e-03
 -5.48397627e-04  4.27657549e-04  3.22004701e-01  1.55939022e-01
  1.82645251e-01  2.87620711e-01  1.45997486e-01  1.50530673e-01
  3.39345076e-01  1.51861156e-01  1.63815195e-01  2.98615448e-01
  1.43949017e-01  1.50968601e-01  2.92723306e-01  1.41942243e-01
  1.49990736e-01  0.00000000e+00  0.00000000e+00  0.00000000e+00
  0.00000000e+00  0.00000000e+00  0.00000000e+00  0.00000000e+00
  0.00000000e+00  0.00000000e+00  0.00000000e+00  0.00000000e+00
  0.00000000e+00]

Diff = 
[3.55337661e-05 1.03391572e-02 1.67998309e-02 2.01852808e-05
 1.47092672e-02 1.64433284e-02 9.68371415e-05 2.65572963e-03
 1.16098807e-02 3.86446850e-05 3.07812421e-01 1.44000372e-01
 1.65609975e-01 2.89002167e-01 1.38884520e-01 1.48151043e-01
 3.12483694e-01 1.55415159e-01 1.64490282e-01 3.07013257e-01
 1.28963505e-01 1.53378617e-01 1.35164657e-11 1.41531207e-02
 3.23780754e-03 2.90678903e-01 1.48930404e-01 1.35899714e-01
 3.42316149e-01 1.80837128e-01 1.85066382e-01 2.90642775e-01
 1.38238471e-01 1.35521010e-01 3.06145813e-01 1.51105188e-01
 1.66288355e-01]

 Iteration 100:
############################
Gradient = 
[-1.69315925e-04  7.87462263e-03  1.40268718e-02  2.31873513e-05
  1.24287599e-02  1.40420622e-02 -3.55464392e-04 -3.59963245e-03
 -1.04855834e-02  1.23465163e-04  1.12871558e-02  9.71776592e-03
  8.18008627e-03 -5.92242346e-03  9.45363924e-04 -1.82633925e-03
  1.77395051e-02 -1.32499804e-02 -5.33675256e-03 -1.20457754e-02
  8.49636841e-03 -6.85863699e-03  3.13883657e-01  1.59647209e-01
  1.51422327e-01  2.76839536e-01  1.28041344e-01  1.37508739e-01
  3.23907339e-01  1.59999205e-01  1.70076560e-01  3.05488994e-01
  1.60872402e-01  1.59129149e-01  1.76780622e-01  7.08412174e-02
  6.23660823e-02]

Gradient approximate =
[-2.83082546e-04 -1.12852413e-03 -2.87169570e-04 -3.85088605e-05
 -9.08445363e-05  5.40757816e-05 -3.67472217e-04 -1.54215966e-03
 -6.09351840e-04  2.69778837e-04  3.15067132e-01  1.50480252e-01
  1.78357768e-01  2.86156532e-01  1.42285495e-01  1.50967930e-01
  3.33662308e-01  1.44167448e-01  1.61403049e-01  2.98749106e-01
  1.41107430e-01  1.51601270e-01  3.13883657e-01  1.50106382e-01
  1.62363668e-01  0.00000000e+00  0.00000000e+00  0.00000000e+00
  0.00000000e+00  0.00000000e+00  0.00000000e+00  0.00000000e+00
  0.00000000e+00  0.00000000e+00  0.00000000e+00  0.00000000e+00
  0.00000000e+00]

Diff = 
[1.13766621e-04 9.00314676e-03 1.43140414e-02 6.16962118e-05
 1.25196044e-02 1.39879865e-02 1.20078254e-05 2.05747279e-03
 9.87623160e-03 1.46313674e-04 3.03779976e-01 1.40762486e-01
 1.70177682e-01 2.92078955e-01 1.41340131e-01 1.52794269e-01
 3.15922803e-01 1.57417428e-01 1.66739802e-01 3.10794881e-01
 1.32611062e-01 1.58459907e-01 1.50052748e-11 9.54082757e-03
 1.09413411e-02 2.76839536e-01 1.28041344e-01 1.37508739e-01
 3.23907339e-01 1.59999205e-01 1.70076560e-01 3.05488994e-01
 1.60872402e-01 1.59129149e-01 1.76780622e-01 7.08412174e-02
 6.23660823e-02]

 Iteration 200:
############################
Gradient = 
[-1.47002861e-04  6.66165705e-03  1.18690683e-02 -8.53701300e-06
  1.02929307e-02  1.18136359e-02 -2.75619987e-04 -2.62969166e-03
 -8.77253934e-03  6.34484319e-05  9.41151895e-03  8.06627500e-03
  6.94050341e-03 -5.64901239e-03  1.04410301e-04 -1.97721980e-03
  1.42875104e-02 -1.12418506e-02 -3.21892717e-03 -8.73340228e-03
  8.03812921e-03 -4.42556082e-03  3.09226937e-01  1.54984946e-01
  1.49593354e-01  2.78614713e-01  1.28059592e-01  1.40314911e-01
  3.22118207e-01  1.60407822e-01  1.71631478e-01  3.07924098e-01
  1.59765816e-01  1.63091588e-01  7.51059755e-02 -4.84088336e-03
 -1.55698152e-02]

Gradient approximate =
[-2.58120854e-04 -1.01297917e-03 -2.65104529e-04 -6.05412720e-05
 -1.82323798e-04  1.10733733e-05 -3.28329304e-04 -1.37240805e-03
 -5.50941546e-04  1.81902775e-04  3.10013604e-01  1.47184171e-01
  1.76633771e-01  2.87110111e-01  1.41398659e-01  1.52994357e-01
  3.30987238e-01  1.42446673e-01  1.62328054e-01  3.01371948e-01
  1.41305875e-01  1.54720756e-01  3.09226937e-01  1.46983298e-01
  1.61620237e-01  0.00000000e+00  0.00000000e+00  0.00000000e+00
  0.00000000e+00  0.00000000e+00  0.00000000e+00  0.00000000e+00
  0.00000000e+00  0.00000000e+00  0.00000000e+00  0.00000000e+00
  0.00000000e+00]

Diff = 
[1.11117993e-04 7.67463623e-03 1.21341728e-02 5.20042590e-05
 1.04752545e-02 1.18025625e-02 5.27093165e-05 1.25728361e-03
 8.22159779e-03 1.18454343e-04 3.00602085e-01 1.39117896e-01
 1.69693268e-01 2.92759124e-01 1.41294249e-01 1.54971577e-01
 3.16699728e-01 1.53688523e-01 1.65546981e-01 3.10105350e-01
 1.33267745e-01 1.59146317e-01 8.82460771e-12 8.00164768e-03
 1.20268839e-02 2.78614713e-01 1.28059592e-01 1.40314911e-01
 3.22118207e-01 1.60407822e-01 1.71631478e-01 3.07924098e-01
 1.59765816e-01 1.63091588e-01 7.51059755e-02 4.84088336e-03
 1.55698152e-02]

 Iteration 300:
############################
Gradient = 
[-1.68907455e-04  5.49547583e-03  9.99625050e-03 -6.41049773e-05
  8.42436775e-03  9.90729028e-03 -1.69010104e-04 -1.76959903e-03
 -7.28567655e-03  1.03641569e-04  8.13279725e-03  6.81034095e-03
  1.12586482e-02 -2.56310677e-03  2.40250665e-03  3.69024018e-04
  1.42987578e-02 -4.75126336e-03  7.70331736e-04 -3.64743542e-03
  9.70055503e-03 -1.30855582e-04  3.04927196e-01  1.50546432e-01
  1.46633746e-01  2.79672587e-01  1.27358976e-01  1.41713357e-01
  3.19709630e-01  1.59522552e-01  1.71357404e-01  3.08701327e-01
  1.57507263e-01  1.64663335e-01 -6.25708108e-03 -6.95811281e-02
 -8.34742544e-02]

Gradient approximate =
[-2.33946085e-04 -9.07596036e-04 -2.44135612e-04 -7.14925252e-05
 -2.30299884e-04 -1.59278946e-05 -3.06042718e-04 -1.27155461e-03
 -5.11414913e-04  1.07940288e-04  3.05391102e-01  1.43897942e-01
  1.73812398e-01  2.87257132e-01  1.39878741e-01  1.53646498e-01
  3.27606585e-01  1.39315914e-01  1.61465155e-01  3.01792073e-01
  1.40057383e-01  1.55528667e-01  3.04927196e-01  1.43830632e-01
  1.60110605e-01  0.00000000e+00  0.00000000e+00  0.00000000e+00
  0.00000000e+00  0.00000000e+00  0.00000000e+00  0.00000000e+00
  0.00000000e+00  0.00000000e+00  0.00000000e+00  0.00000000e+00
  0.00000000e+00]

Diff = 
[6.50386297e-05 6.40307187e-03 1.02403861e-02 7.38754798e-06
 8.65466764e-03 9.92321817e-03 1.37032614e-04 4.98044421e-04
 6.77426163e-03 4.29871908e-06 2.97258304e-01 1.37087601e-01
 1.62553750e-01 2.89820239e-01 1.37476235e-01 1.53277474e-01
 3.13307828e-01 1.44067177e-01 1.60694823e-01 3.05439509e-01
 1.30356828e-01 1.55659523e-01 6.34942099e-12 6.71579972e-03
 1.34768584e-02 2.79672587e-01 1.27358976e-01 1.41713357e-01
 3.19709630e-01 1.59522552e-01 1.71357404e-01 3.08701327e-01
 1.57507263e-01 1.64663335e-01 6.25708108e-03 6.95811281e-02
 8.34742544e-02]

 Iteration 400:
############################
Gradient = 
[-2.16785535e-04  4.36953157e-03  8.40034856e-03 -1.34635780e-04
  6.74887232e-03  8.29947474e-03 -9.83552908e-05 -1.26886368e-03
 -6.04850272e-03  1.38525423e-04  6.94059339e-03  5.78430163e-03
  1.79116105e-02  1.15555832e-03  5.49263035e-03  3.40853952e-03
  1.54248710e-02  3.16173660e-03  4.71609252e-03  1.21370886e-03
  1.17878345e-02  4.05740568e-03  3.00382918e-01  1.45401028e-01
  1.41294075e-01  2.79203451e-01  1.24696435e-01  1.40697473e-01
  3.15653454e-01  1.55767723e-01  1.68240484e-01  3.07364645e-01
  1.53083114e-01  1.63120055e-01 -6.64301270e-02 -1.22822318e-01
 -1.39616324e-01]

Gradient approximate =
[-2.07475113e-04 -7.99230546e-04 -2.18185781e-04 -6.97002545e-05
 -2.27270842e-04 -2.13832951e-05 -3.01382816e-04 -1.24307418e-03
 -4.92521559e-04  4.10870138e-05  3.00569619e-01  1.39736027e-01
  1.68777668e-01  2.85493801e-01  1.36490855e-01  1.51925277e-01
  3.22187676e-01  1.32900824e-01  1.57523773e-01  2.99120361e-01
  1.36152428e-01  1.53014961e-01  3.00382918e-01  1.39783784e-01
  1.57229354e-01  0.00000000e+00  0.00000000e+00  0.00000000e+00
  0.00000000e+00  0.00000000e+00  0.00000000e+00  0.00000000e+00
  0.00000000e+00  0.00000000e+00  0.00000000e+00  0.00000000e+00
  0.00000000e+00]

Diff = 
[9.31042224e-06 5.16876212e-03 8.61853434e-03 6.49355258e-05
 6.97614316e-03 8.32085803e-03 2.03027526e-04 2.57894999e-05
 5.55598117e-03 9.74384091e-05 2.93629026e-01 1.33951725e-01
 1.50866057e-01 2.84338242e-01 1.30998225e-01 1.48516738e-01
 3.06762805e-01 1.29739087e-01 1.52807680e-01 2.97906652e-01
 1.24364594e-01 1.48957556e-01 1.30631062e-11 5.61724437e-03
 1.59352786e-02 2.79203451e-01 1.24696435e-01 1.40697473e-01
 3.15653454e-01 1.55767723e-01 1.68240484e-01 3.07364645e-01
 1.53083114e-01 1.63120055e-01 6.64301270e-02 1.22822318e-01
 1.39616324e-01]

 Iteration 500:
############################
Gradient = 
[-3.08830072e-04  3.17174127e-03  7.03032446e-03 -2.44595932e-04
  5.10569716e-03  6.92824493e-03 -1.07343714e-04 -1.25266838e-03
 -5.06185423e-03  1.00211582e-04  5.54958502e-03  4.88269143e-03
  2.48150947e-02  4.35519637e-03  8.14305143e-03  6.09951646e-03
  1.64062639e-02  1.06065699e-02  7.69727564e-03  4.91684094e-03
  1.33670172e-02  7.20148163e-03  2.95486413e-01  1.39410282e-01
  1.33469062e-01  2.77216850e-01  1.19995373e-01  1.37342241e-01
  3.09919314e-01  1.49018129e-01  1.62497414e-01  3.04238916e-01
  1.46603260e-01  1.58856342e-01 -1.08515809e-01 -1.65716298e-01
 -1.84577928e-01]

Gradient approximate =
[-1.65114189e-04 -6.32693893e-04 -1.69267436e-04 -4.36688219e-05
 -1.28214268e-04  9.21753562e-06 -2.92380045e-04 -1.20032358e-03
 -4.67201442e-04 -1.27202027e-06  2.95504005e-01  1.34607052e-01
  1.61620887e-01  2.81827284e-01  1.31173000e-01  1.47927812e-01
  3.14703081e-01  1.23123251e-01  1.50637755e-01  2.93705320e-01
  1.29656813e-01  1.47486933e-01  2.95486413e-01  1.34731577e-01
  1.53055459e-01  0.00000000e+00  0.00000000e+00  0.00000000e+00
  0.00000000e+00  0.00000000e+00  0.00000000e+00  0.00000000e+00
  0.00000000e+00  0.00000000e+00  0.00000000e+00  0.00000000e+00
  0.00000000e+00]

Diff = 
[1.43715883e-04 3.80443516e-03 7.19959189e-03 2.00927110e-04
 5.23391143e-03 6.91902739e-03 1.85036331e-04 5.23447965e-05
 4.59465279e-03 1.01483603e-04 2.89954420e-01 1.29724360e-01
 1.36805792e-01 2.77472088e-01 1.23029949e-01 1.41828296e-01
 2.98296817e-01 1.12516681e-01 1.42940479e-01 2.88788479e-01
 1.16289796e-01 1.40285451e-01 8.82793838e-12 4.67870488e-03
 1.95863973e-02 2.77216850e-01 1.19995373e-01 1.37342241e-01
 3.09919314e-01 1.49018129e-01 1.62497414e-01 3.04238916e-01
 1.46603260e-01 1.58856342e-01 1.08515809e-01 1.65716298e-01
 1.84577928e-01]

 Iteration 600:
############################
Gradient = 
[-4.55609169e-04  1.86481842e-03  5.84327302e-03 -4.07588717e-04
  3.42829738e-03  5.74445626e-03 -2.06193594e-04 -1.68279421e-03
 -4.29591427e-03 -2.98051637e-05  3.92112289e-03  4.06267128e-03
  3.09686623e-02  6.65714437e-03  9.94676612e-03  8.05484941e-03
  1.68024416e-02  1.67378142e-02  9.49881865e-03  7.27139318e-03
  1.41294108e-02  9.09901435e-03  2.90393269e-01  1.32810307e-01
  1.23616402e-01  2.74100806e-01  1.13726910e-01  1.32228006e-01
  3.02964562e-01  1.39870997e-01  1.54898344e-01  2.99954094e-01
  1.38677077e-01  1.52722278e-01 -1.37042484e-01 -2.00327679e-01
 -2.20210506e-01]

Gradient approximate =
[-8.79183060e-05 -3.33558314e-04 -7.41361816e-05  2.37471376e-05
  1.32006712e-04  9.54747459e-05 -2.51071754e-04 -1.03436417e-03
 -4.01259876e-04  5.30684385e-06  2.90438576e-01  1.28789221e-01
  1.52994865e-01  2.76776850e-01  1.24415523e-01  1.42265366e-01
  3.05749327e-01  1.10774509e-01  1.41590226e-01  2.86394210e-01
  1.21219630e-01  1.39804176e-01  2.90393269e-01  1.28924683e-01
  1.47978238e-01  0.00000000e+00  0.00000000e+00  0.00000000e+00
  0.00000000e+00  0.00000000e+00  0.00000000e+00  0.00000000e+00
  0.00000000e+00  0.00000000e+00  0.00000000e+00  0.00000000e+00
  0.00000000e+00]

Diff = 
[3.67690863e-04 2.19837673e-03 5.91740920e-03 4.31335855e-04
 3.29629067e-03 5.64898151e-03 4.48781600e-05 6.48430043e-04
 3.89465439e-03 3.51120075e-05 2.86517453e-01 1.24726549e-01
 1.22026203e-01 2.70119705e-01 1.14468757e-01 1.34210516e-01
 2.88946886e-01 9.40366943e-02 1.32091407e-01 2.79122816e-01
 1.07090219e-01 1.30705162e-01 5.45535839e-12 3.88562355e-03
 2.43618369e-02 2.74100806e-01 1.13726910e-01 1.32228006e-01
 3.02964562e-01 1.39870997e-01 1.54898344e-01 2.99954094e-01
 1.38677077e-01 1.52722278e-01 1.37042484e-01 2.00327679e-01
 2.20210506e-01]

 Iteration 700:
############################
Gradient = 
[-6.49470042e-04  5.05216370e-04  4.81634626e-03 -6.16686060e-04
  1.75795952e-03  4.72245919e-03 -3.79147459e-04 -2.41528111e-03
 -3.70250970e-03 -2.35410011e-04  2.16811397e-03  3.32080360e-03
  3.60730927e-02  8.10073644e-03  1.09377110e-02  9.27240515e-03
  1.66155639e-02  2.13553792e-02  1.02605101e-02  8.45249241e-03
  1.41160587e-02  9.91385905e-03  2.85325128e-01  1.25918144e-01
  1.12333900e-01  2.70313159e-01  1.06477824e-01  1.26026061e-01
  2.95361275e-01  1.29114598e-01  1.46292003e-01  2.95137300e-01
  1.29982954e-01  1.45581748e-01 -1.56157176e-01 -2.28726005e-01
 -2.48524927e-01]

Gradient approximate =
[ 3.77425891e-05  1.50757118e-04  8.35302294e-05  1.44635817e-04
  5.98144838e-04  2.50618579e-04 -1.57631947e-04 -6.68750266e-04
 -2.70437530e-04  7.70007724e-05  2.85652205e-01  1.22628972e-01
  1.43645063e-01  2.70953321e-01  1.16818626e-01  1.35635435e-01
  2.96055810e-01  9.68424451e-02  1.31267689e-01  2.78056007e-01
  1.11581664e-01  1.30863440e-01  2.85325128e-01  1.22695784e-01
  1.42431057e-01  0.00000000e+00  0.00000000e+00  0.00000000e+00
  0.00000000e+00  0.00000000e+00  0.00000000e+00  0.00000000e+00
  0.00000000e+00  0.00000000e+00  0.00000000e+00  0.00000000e+00
  0.00000000e+00]

Diff = 
[6.87212631e-04 3.54459252e-04 4.73281603e-03 7.61321877e-04
 1.15981469e-03 4.47184061e-03 2.21515511e-04 1.74653085e-03
 3.43207217e-03 3.12410783e-04 2.83484091e-01 1.19308168e-01
 1.07571970e-01 2.62852584e-01 1.05880915e-01 1.26363029e-01
 2.79440246e-01 7.54870658e-02 1.21007179e-01 2.69603515e-01
 9.74656050e-02 1.20949581e-01 2.85499402e-12 3.22235977e-03
 3.00971576e-02 2.70313159e-01 1.06477824e-01 1.26026061e-01
 2.95361275e-01 1.29114598e-01 1.46292003e-01 2.95137300e-01
 1.29982954e-01 1.45581748e-01 1.56157176e-01 2.28726005e-01
 2.48524927e-01]

 Iteration 800:
############################
Gradient = 
[-8.72397708e-04 -8.09612656e-04  3.93796375e-03 -8.53530209e-04
  1.84298621e-04  3.84969769e-03 -5.99897969e-04 -3.28032349e-03
 -3.23259426e-03 -4.87391589e-04  4.45053293e-04  2.66652879e-03
  4.01643703e-02  8.87498490e-03  1.13059136e-02  9.90167554e-03
  1.60061194e-02  2.45531741e-02  1.02288186e-02  8.73940330e-03
  1.34952343e-02  9.91430038e-03  2.80462216e-01  1.18993296e-01
  1.00150649e-01  2.66234642e-01  9.87453507e-02  1.19301355e-01
  2.87608864e-01  1.17461209e-01  1.37383735e-01  2.90282173e-01
  1.21073063e-01  1.38123623e-01 -1.68991714e-01 -2.52565630e-01
 -2.71167343e-01]

Gradient approximate =
[ 2.15188145e-04  8.32496210e-04  3.07585686e-04  3.20871234e-04
  1.27559434e-03  4.75966118e-04 -5.41500178e-06 -7.83803422e-05
 -6.63566491e-05  2.16498837e-04  2.81331549e-01  1.16401094e-01
  1.34185608e-01  2.64861201e-01  1.08883423e-01  1.28618526e-01
  2.86245913e-01  8.21795474e-02  1.20405861e-01  2.69379122e-01
  1.01349214e-01  1.21377831e-01  2.80462216e-01  1.16324250e-01
  1.36766756e-01  0.00000000e+00  0.00000000e+00  0.00000000e+00
  0.00000000e+00  0.00000000e+00  0.00000000e+00  0.00000000e+00
  0.00000000e+00  0.00000000e+00  0.00000000e+00  0.00000000e+00
  0.00000000e+00]

Diff = 
[1.08758585e-03 1.64210887e-03 3.63037807e-03 1.17440144e-03
 1.09129572e-03 3.37373158e-03 5.94482967e-04 3.20194315e-03
 3.16623761e-03 7.03890426e-04 2.80886496e-01 1.13734566e-01
 9.40212376e-02 2.55986216e-01 9.75775092e-02 1.18716851e-01
 2.70239794e-01 5.76263733e-02 1.10177042e-01 2.60639718e-01
 8.78539793e-02 1.11463531e-01 2.39780418e-11 2.66904563e-03
 3.66161078e-02 2.66234642e-01 9.87453507e-02 1.19301355e-01
 2.87608864e-01 1.17461209e-01 1.37383735e-01 2.90282173e-01
 1.21073063e-01 1.38123623e-01 1.68991714e-01 2.52565630e-01
 2.71167343e-01]

 Iteration 900:
############################
Gradient = 
[-0.00110474 -0.00198691  0.00319883 -0.00109791 -0.00120513  0.00311661
 -0.00084233 -0.00413162 -0.00284618 -0.00075719 -0.00111601  0.00210725
  0.04339141  0.00917858  0.01125061  0.01011249  0.01514572  0.02651698
  0.00963636  0.00839061  0.01244396  0.0093474   0.27590949  0.11220513
  0.08746749  0.26213199  0.09088538  0.11246459  0.28007754  0.10546535
  0.12868366  0.28572902  0.11233298  0.13083311 -0.17769851 -0.27303603
 -0.28933119]

Gradient approximate =
[4.38359873e-04 1.68772444e-03 5.90624099e-04 5.45033445e-04
 2.13441804e-03 7.62066219e-04 2.00791312e-04 7.17713837e-04
 2.05539485e-04 4.15257526e-04 2.77546097e-01 1.10279349e-01
 1.25046479e-01 2.58851763e-01 1.00962847e-01 1.21631759e-01
 2.76772269e-01 6.74099194e-02 1.09532185e-01 2.60840262e-01
 9.09470824e-02 1.11843868e-01 2.75909492e-01 1.10001173e-01
 1.31230215e-01 0.00000000e+00 0.00000000e+00 0.00000000e+00
 0.00000000e+00 0.00000000e+00 0.00000000e+00 0.00000000e+00
 0.00000000e+00 0.00000000e+00 0.00000000e+00 0.00000000e+00
 0.00000000e+00]

Diff = 
[1.54310210e-03 3.67463939e-03 2.60820477e-03 1.64294220e-03
 3.33955210e-03 2.35454399e-03 1.04311667e-03 4.84933318e-03
 3.05171666e-03 1.17244975e-03 2.78662106e-01 1.08172103e-01
 8.16550735e-02 2.49673182e-01 8.97122336e-02 1.11519264e-01
 2.61626553e-01 4.08929386e-02 9.98958228e-02 2.52449653e-01
 7.85031186e-02 1.02496468e-01 2.29427588e-11 2.20395436e-03
 4.37627262e-02 2.62131987e-01 9.08853802e-02 1.12464590e-01
 2.80077544e-01 1.05465348e-01 1.28683661e-01 2.85729019e-01
 1.12332976e-01 1.30833106e-01 1.77698513e-01 2.73036031e-01
 2.89331187e-01]

 