Iteration 0:
############################
Gradient = 
[ 1.05168200e-06 -2.85226924e-04 -4.23503552e-04 -8.17542399e-06
  1.58865277e-04  8.02816277e-05  4.76892142e-06 -6.45342609e-04
 -2.98331098e-04  5.96178443e-06  6.37994710e-04 -7.09253687e-04
 -9.88401234e-06  2.40074575e-04 -6.00054457e-04 -2.11384201e-06
 -5.92982143e-04  6.62425546e-04  1.17506908e-04 -6.39100918e-04
 -7.69944451e-04  1.07284162e-04  4.68821604e-04 -4.46392410e-04
 -8.94752626e-04 -5.86349494e-04 -7.63845618e-04  4.99151757e-04
 -9.82474401e-04 -6.02877479e-04  3.11117137e-04  4.17552532e-04
 -5.18114798e-06  1.60278593e-04  6.35926766e-04  7.59118089e-04
  1.78413699e-04 -6.46196537e-04  3.15639095e-04  9.39755611e-05
 -9.58697518e-04 -5.37721218e-04  5.46096987e-04 -1.23699164e-04
 -6.44887724e-04  7.74996142e-04 -2.84087352e-04  7.57249347e-04
 -6.05840159e-04  8.19841667e-04  2.69522826e-04 -4.82998765e-04
 -1.08061404e-03  1.86077032e-04  1.00170470e-03  1.01349830e-03
  3.54484698e-05  1.03253217e-03 -3.42824921e-05  5.36159235e-04
  8.64712468e-03  4.87157864e-03  3.62172150e-03  3.93006999e-03
  3.56945392e-03  3.60172109e-03  5.02347853e-03  2.36252243e-02
  1.09052082e-02  1.07169329e-02  1.23061931e-02  1.18173948e-02
  1.11541254e-02  1.28699887e-02  1.88151897e-02  9.69432007e-03
  8.54098809e-03  1.02727198e-02  8.86232008e-03  8.63823625e-03
  1.02414816e-02 -4.95269490e-03 -1.46712909e-03 -2.76215219e-03
 -1.85800463e-03 -1.75196633e-03 -2.50045919e-03 -2.49431000e-03
  2.15015908e-04 -3.36835929e-04  6.84975867e-04 -4.78860859e-04
  3.30341468e-04  6.84504777e-05  1.51234392e-04 -1.17680212e-02
 -6.46951528e-03 -6.52648422e-03 -7.18627079e-03 -5.54483844e-03
 -6.33661517e-03 -6.02354018e-03  3.33738827e-01  1.66547399e-01
  1.59173642e-01  1.61360303e-01  1.82408596e-01  1.70710144e-01
  1.60881738e-01  3.27224269e-01  1.64308909e-01  1.55995522e-01
  1.58594523e-01  1.78218806e-01  1.67696873e-01  1.57623694e-01
  2.69444740e-01  1.33950725e-01  1.28004312e-01  1.30364465e-01
  1.45755827e-01  1.38298913e-01  1.30253229e-01  2.65795166e-01
  1.33316402e-01  1.26173331e-01  1.29388435e-01  1.43907091e-01
  1.35108300e-01  1.27680940e-01  3.42056862e-01  1.71063113e-01
  1.63207655e-01  1.66210178e-01  1.85588635e-01  1.74603271e-01
  1.65842466e-01]

Gradient approximate =
[-1.82480697e-06 -4.12267598e-05 -9.86686954e-06 -4.91057417e-06
 -1.61771196e-05 -8.57995230e-06  8.92476537e-06  1.66942726e-05
  9.61090985e-06 -3.28839178e-06 -1.19820820e-05 -6.23479490e-06
 -4.50367299e-06 -1.71198589e-05 -1.14017529e-05 -2.12981210e-05
 -6.02068795e-05 -2.29245134e-05  3.60714341e-04  1.52575184e-04
  1.85175395e-04  1.51927382e-04  2.05444741e-04  1.73715151e-04
  1.53902144e-04  5.53174151e-05  1.62009539e-05  3.67297659e-05
  9.00975516e-06  3.59162611e-05  3.31000249e-05  2.22492047e-05
  5.66775848e-04  2.54833707e-04  2.97896534e-04  2.56599286e-04
  3.15244812e-04  2.72972704e-04  2.56996275e-04 -4.67429284e-04
 -2.19767249e-04 -2.43179472e-04  3.16044149e-01  1.59537623e-01
  1.68179843e-01  1.65034607e-01  1.43213758e-01  1.55383127e-01
  1.63875908e-01  3.19499661e-01  1.61955983e-01  1.71376964e-01
  1.66702181e-01  1.43335468e-01  1.56823613e-01  1.64726672e-01
  3.27419823e-01  1.65398262e-01  1.74500077e-01  1.70902464e-01
  1.48089989e-01  1.60945414e-01  1.69625586e-01  2.41225477e-01
  1.22212606e-01  1.29310291e-01  1.25864145e-01  1.08683257e-01
  1.18599284e-01  1.24612732e-01  3.11585785e-01  1.57282586e-01
  1.65482820e-01  1.62895210e-01  1.41170145e-01  1.52922475e-01
  1.61562958e-01 -9.85444096e-03 -4.80671360e-03 -4.79553961e-03
 -5.24152818e-03 -4.68204144e-03 -4.75523460e-03 -5.28088089e-03
  0.00000000e+00  0.00000000e+00  0.00000000e+00  0.00000000e+00
  0.00000000e+00  0.00000000e+00  0.00000000e+00  0.00000000e+00
  0.00000000e+00  0.00000000e+00  0.00000000e+00  0.00000000e+00
  0.00000000e+00  0.00000000e+00  0.00000000e+00  0.00000000e+00
  0.00000000e+00  0.00000000e+00  0.00000000e+00  0.00000000e+00
  0.00000000e+00  0.00000000e+00  0.00000000e+00  0.00000000e+00
  0.00000000e+00  0.00000000e+00  0.00000000e+00  0.00000000e+00
  0.00000000e+00  0.00000000e+00  0.00000000e+00  0.00000000e+00
  0.00000000e+00  0.00000000e+00  0.00000000e+00  0.00000000e+00
  0.00000000e+00  0.00000000e+00  0.00000000e+00  0.00000000e+00
  0.00000000e+00  0.00000000e+00  0.00000000e+00  0.00000000e+00
  0.00000000e+00  0.00000000e+00  0.00000000e+00  0.00000000e+00
  0.00000000e+00  0.00000000e+00  0.00000000e+00  0.00000000e+00
  0.00000000e+00]

Diff = 
[2.87648897e-06 2.44000164e-04 4.13636683e-04 3.26484983e-06
 1.75042397e-04 8.88615800e-05 4.15584395e-06 6.62036882e-04
 3.07942008e-04 9.25017621e-06 6.49976792e-04 7.03018892e-04
 5.38033935e-06 2.57194434e-04 5.88652704e-04 1.91842790e-05
 5.32775263e-04 6.85350060e-04 2.43207433e-04 7.91676101e-04
 9.55119846e-04 4.46432193e-05 2.63376863e-04 6.20107561e-04
 1.04865477e-03 6.41666909e-04 7.80046572e-04 4.62421991e-04
 9.91484156e-04 6.38793741e-04 2.78017112e-04 3.95303328e-04
 5.71956996e-04 9.45551143e-05 3.38030231e-04 5.02518803e-04
 1.36831113e-04 9.19169242e-04 5.86428192e-05 5.61404845e-04
 7.38930269e-04 2.94541746e-04 3.15498052e-01 1.59661322e-01
 1.68824731e-01 1.64259611e-01 1.43497845e-01 1.54625877e-01
 1.64481748e-01 3.18679820e-01 1.61686460e-01 1.71859963e-01
 1.67782795e-01 1.43149391e-01 1.55821909e-01 1.63713174e-01
 3.27384375e-01 1.64365729e-01 1.74534360e-01 1.70366305e-01
 1.39442865e-01 1.56073836e-01 1.66003865e-01 2.37295407e-01
 1.18643152e-01 1.25708570e-01 1.20840666e-01 8.50580325e-02
 1.07694076e-01 1.13895799e-01 2.99279592e-01 1.45465191e-01
 1.54328695e-01 1.50025221e-01 1.22354955e-01 1.43228155e-01
 1.53021969e-01 2.01271607e-02 1.36690337e-02 1.34337759e-02
 1.54830098e-02 2.70653462e-04 3.28810551e-03 2.51872870e-03
 1.85800463e-03 1.75196633e-03 2.50045919e-03 2.49431000e-03
 2.15015908e-04 3.36835929e-04 6.84975867e-04 4.78860859e-04
 3.30341468e-04 6.84504777e-05 1.51234392e-04 1.17680212e-02
 6.46951528e-03 6.52648422e-03 7.18627079e-03 5.54483844e-03
 6.33661517e-03 6.02354018e-03 3.33738827e-01 1.66547399e-01
 1.59173642e-01 1.61360303e-01 1.82408596e-01 1.70710144e-01
 1.60881738e-01 3.27224269e-01 1.64308909e-01 1.55995522e-01
 1.58594523e-01 1.78218806e-01 1.67696873e-01 1.57623694e-01
 2.69444740e-01 1.33950725e-01 1.28004312e-01 1.30364465e-01
 1.45755827e-01 1.38298913e-01 1.30253229e-01 2.65795166e-01
 1.33316402e-01 1.26173331e-01 1.29388435e-01 1.43907091e-01
 1.35108300e-01 1.27680940e-01 3.42056862e-01 1.71063113e-01
 1.63207655e-01 1.66210178e-01 1.85588635e-01 1.74603271e-01
 1.65842466e-01]

 Iteration 100:
############################
Gradient = 
[-2.79964880e-06 -3.19544424e-04 -4.25610517e-04 -3.23483617e-06
  1.87484439e-04  8.71574684e-05  6.34057627e-06 -6.66661005e-04
 -2.99292281e-04 -3.84372954e-06  5.79165985e-04 -7.14999284e-04
 -2.97384975e-06  2.87707814e-04 -5.79682221e-04 -2.23489375e-05
 -6.28384359e-04  6.29389698e-04  4.19676958e-04 -4.97286039e-04
 -6.08165558e-04  2.44083327e-04  6.23971519e-04 -2.99393387e-04
 -7.45097527e-04  1.13707287e-04 -4.55173550e-04  8.59297630e-04
 -6.81103138e-04 -2.05991859e-04  6.47760559e-04  7.19354322e-04
  6.07644847e-04  4.35698613e-04  9.41567821e-04  1.03238196e-03
  5.06018440e-04 -3.46570521e-04  5.92646317e-04 -5.65351143e-04
 -1.24214099e-03 -8.70769529e-04  2.47241484e-04 -4.79555670e-04
 -9.54180781e-04  4.68305415e-04  1.12628134e-04  9.26717479e-04
 -3.97585967e-04  9.91861547e-04  4.75962235e-04 -2.91719014e-04
 -8.85071813e-04 -5.81425821e-04  6.52687246e-04  6.08084901e-04
 -3.00866429e-04  6.00578570e-04 -4.04707485e-04  1.88858774e-04
  1.06796104e-02  5.03078673e-03  4.50581795e-03  6.41276763e-03
  4.20387278e-03  6.03831574e-03  5.26392490e-03 -1.43901771e-02
 -6.60019673e-03 -7.34212088e-03 -8.58831620e-03 -6.94143967e-03
 -6.03478668e-03 -6.79785035e-03  5.50957798e-03  3.61220713e-03
  2.56073441e-03  3.37640580e-03  3.13762036e-03  3.26240181e-03
  2.32198417e-03 -1.02198648e-02 -5.57053692e-03 -5.60964742e-03
 -5.08918716e-03 -5.20010591e-03 -5.47814203e-03 -6.17594602e-03
  1.92609892e-02  1.00358345e-02  9.16866323e-03  1.05238135e-02
  8.52908575e-03  9.78479144e-03  9.68086297e-03 -9.98027123e-03
 -4.98825690e-03 -5.33850704e-03 -5.16531286e-03 -3.91683480e-03
 -3.82238615e-03 -5.65284308e-03  3.05751998e-01  1.54485959e-01
  1.62557162e-01  1.59626310e-01  1.37142287e-01  1.52033585e-01
  1.57912040e-01  3.33873255e-01  1.69314592e-01  1.77910335e-01
  1.72577362e-01  1.50637264e-01  1.65976054e-01  1.73857916e-01
  3.19986001e-01  1.62799538e-01  1.70720617e-01  1.66755151e-01
  1.44978044e-01  1.58803135e-01  1.65132016e-01  2.50702702e-01
  1.26237854e-01  1.33220219e-01  1.30631489e-01  1.12843885e-01
  1.23397970e-01  1.29156392e-01  2.95178229e-01  1.49962556e-01
  1.57390950e-01  1.53694032e-01  1.32617771e-01  1.46413075e-01
  1.52274181e-01]

Gradient approximate =
[ 1.01499231e-05  2.41121856e-05  3.79043907e-06  7.05724146e-06
  3.94954669e-05  8.67750538e-06  2.16272555e-05  7.05912306e-05
  2.58051802e-05  6.01950711e-06  2.42163223e-05  4.49363213e-06
 -1.04672870e-05 -3.82592935e-05 -2.09808504e-05 -2.46764387e-06
  4.40474768e-06 -2.35671038e-06 -4.73584594e-05 -2.83283708e-05
 -2.83928236e-05 -2.37746089e-05 -2.79524270e-05 -2.94871461e-05
 -2.30342900e-05  4.60782512e-04  2.00652024e-04  2.45755265e-04
  1.94375553e-04  2.59036652e-04  2.30720849e-04  2.06439073e-04
  5.21604364e-04  2.29181012e-04  2.76848120e-04  2.28202572e-04
  2.90509663e-04  2.49574239e-04  2.36235580e-04  1.63884988e-04
  6.70837919e-05  8.26043722e-05  3.06018661e-01  1.54817231e-01
  1.63339549e-01  1.56014648e-01  1.60886965e-01  1.55609051e-01
  1.51074349e-01  3.39191584e-01  1.71747509e-01  1.81027482e-01
  1.73108473e-01  1.77155025e-01  1.71862346e-01  1.67032312e-01
  3.15309405e-01  1.59446109e-01  1.68132282e-01  1.60773655e-01
  1.64879371e-01  1.59917278e-01  1.55389478e-01  3.29855287e-01
  1.66783598e-01  1.75941799e-01  1.68155370e-01  1.72526405e-01
  1.67333150e-01  1.62536042e-01  3.32211823e-01  1.67624388e-01
  1.76253253e-01  1.69808750e-01  1.72822750e-01  1.68038622e-01
  1.64542113e-01 -4.88173783e-03 -2.37882475e-03 -2.37036796e-03
 -2.59748045e-03 -2.32683023e-03 -2.36126525e-03 -2.61882127e-03
  0.00000000e+00  0.00000000e+00  0.00000000e+00  0.00000000e+00
  0.00000000e+00  0.00000000e+00  0.00000000e+00  0.00000000e+00
  0.00000000e+00  0.00000000e+00  0.00000000e+00  0.00000000e+00
  0.00000000e+00  0.00000000e+00  0.00000000e+00  0.00000000e+00
  0.00000000e+00  0.00000000e+00  0.00000000e+00  0.00000000e+00
  0.00000000e+00  0.00000000e+00  0.00000000e+00  0.00000000e+00
  0.00000000e+00  0.00000000e+00  0.00000000e+00  0.00000000e+00
  0.00000000e+00  0.00000000e+00  0.00000000e+00  0.00000000e+00
  0.00000000e+00  0.00000000e+00  0.00000000e+00  0.00000000e+00
  0.00000000e+00  0.00000000e+00  0.00000000e+00  0.00000000e+00
  0.00000000e+00  0.00000000e+00  0.00000000e+00  0.00000000e+00
  0.00000000e+00  0.00000000e+00  0.00000000e+00  0.00000000e+00
  0.00000000e+00  0.00000000e+00  0.00000000e+00  0.00000000e+00
  0.00000000e+00]

Diff = 
[1.29495719e-05 3.43656609e-04 4.29400957e-04 1.02920776e-05
 1.47988972e-04 7.84799630e-05 1.52866793e-05 7.37252235e-04
 3.25097462e-04 9.86323666e-06 5.54949662e-04 7.19492916e-04
 7.49343729e-06 3.25967107e-04 5.58701370e-04 1.98812937e-05
 6.32789107e-04 6.31746408e-04 4.67035417e-04 4.68957668e-04
 5.79772734e-04 2.67857936e-04 6.51923946e-04 2.69906241e-04
 7.22063237e-04 3.47075225e-04 6.55825573e-04 6.13542365e-04
 8.75478691e-04 4.65028511e-04 4.17039710e-04 5.12915250e-04
 8.60404829e-05 2.06517601e-04 6.64719701e-04 8.04179386e-04
 2.15508777e-04 5.96144761e-04 3.56410737e-04 7.29236131e-04
 1.30922478e-03 9.53373902e-04 3.05771420e-01 1.55296787e-01
 1.64293730e-01 1.55546342e-01 1.60774337e-01 1.54682334e-01
 1.51471935e-01 3.38199723e-01 1.71271547e-01 1.81319201e-01
 1.73993545e-01 1.77736451e-01 1.71209659e-01 1.66424227e-01
 3.15610271e-01 1.58845530e-01 1.68536990e-01 1.60584796e-01
 1.54199760e-01 1.54886492e-01 1.50883660e-01 3.23442519e-01
 1.62579725e-01 1.69903484e-01 1.62891445e-01 1.86916582e-01
 1.73933346e-01 1.69878163e-01 3.40800139e-01 1.74565827e-01
 1.82288039e-01 1.76606601e-01 1.67313172e-01 1.64426415e-01
 1.61981378e-01 8.25814363e-03 5.51644512e-03 5.63276977e-03
 4.91946462e-03 7.89303455e-03 3.20927167e-03 2.99082616e-03
 5.08918716e-03 5.20010591e-03 5.47814203e-03 6.17594602e-03
 1.92609892e-02 1.00358345e-02 9.16866323e-03 1.05238135e-02
 8.52908575e-03 9.78479144e-03 9.68086297e-03 9.98027123e-03
 4.98825690e-03 5.33850704e-03 5.16531286e-03 3.91683480e-03
 3.82238615e-03 5.65284308e-03 3.05751998e-01 1.54485959e-01
 1.62557162e-01 1.59626310e-01 1.37142287e-01 1.52033585e-01
 1.57912040e-01 3.33873255e-01 1.69314592e-01 1.77910335e-01
 1.72577362e-01 1.50637264e-01 1.65976054e-01 1.73857916e-01
 3.19986001e-01 1.62799538e-01 1.70720617e-01 1.66755151e-01
 1.44978044e-01 1.58803135e-01 1.65132016e-01 2.50702702e-01
 1.26237854e-01 1.33220219e-01 1.30631489e-01 1.12843885e-01
 1.23397970e-01 1.29156392e-01 2.95178229e-01 1.49962556e-01
 1.57390950e-01 1.53694032e-01 1.32617771e-01 1.46413075e-01
 1.52274181e-01]

 Iteration 200:
############################
Gradient = 
[-3.78315467e-06 -3.20211230e-04 -4.22335441e-04 -1.59810740e-06
  1.92310107e-04  8.84396713e-05  3.65505242e-06 -6.70877225e-04
 -2.99828009e-04 -4.50171260e-06  5.68900946e-04 -7.08764413e-04
 -1.41670460e-06  2.92028417e-04 -5.71704506e-04 -2.35239200e-05
 -6.26834355e-04  6.20734555e-04  4.79523994e-04 -4.65516748e-04
 -5.71339349e-04  2.68653859e-04  6.50041581e-04 -2.67788634e-04
 -7.10121071e-04  1.72838256e-04 -4.24232280e-04  8.81241510e-04
 -6.47955607e-04 -1.71623250e-04  6.69851412e-04  7.39004999e-04
  6.49553849e-04  4.49812773e-04  9.53996386e-04  1.04018882e-03
  5.24312682e-04 -3.22714068e-04  6.05383821e-04 -6.69227173e-04
 -1.27526717e-03 -9.16211249e-04  2.00243408e-04 -5.32555500e-04
 -9.95182828e-04  4.17501504e-04  6.58626137e-05  8.97132638e-04
 -4.18116475e-04  9.62383124e-04  4.44574997e-04 -3.11933808e-04
 -8.96412527e-04 -6.17400961e-04  6.30707571e-04  5.83081611e-04
 -3.12585839e-04  5.73943186e-04 -4.18497919e-04  1.71576720e-04
  1.08827303e-02  5.13477286e-03  4.61246846e-03  6.51075240e-03
  4.30592702e-03  6.12610005e-03  5.37648126e-03 -1.41962924e-02
 -6.51055964e-03 -7.24231604e-03 -8.46865206e-03 -6.85024840e-03
 -5.94644262e-03 -6.69991135e-03  5.70393037e-03  3.70074607e-03
  2.65817064e-03  3.47538210e-03  3.12608476e-03  3.30496156e-03
  2.38021481e-03 -1.06329382e-02 -5.81379980e-03 -5.86876060e-03
 -5.35737290e-03 -5.26066733e-03 -5.61167523e-03 -6.32383678e-03
  1.88804508e-02  9.91967659e-03  9.04042328e-03  1.03786969e-02
  8.30135114e-03  9.56264494e-03  9.45082190e-03 -1.01078789e-02
 -5.08147225e-03 -5.43132331e-03 -5.25181238e-03 -3.87938279e-03
 -3.82640349e-03 -5.66353086e-03  3.05782912e-01  1.54500494e-01
  1.62516066e-01  1.58882356e-01  1.37120368e-01  1.52996298e-01
  1.58162725e-01  3.33785720e-01  1.69258519e-01  1.77793118e-01
  1.71715024e-01  1.50566813e-01  1.66969663e-01  1.74059092e-01
  3.17589953e-01  1.61574524e-01  1.69375525e-01  1.64722001e-01
  1.43753949e-01  1.58560014e-01  1.64085838e-01  2.50355428e-01
  1.26014285e-01  1.32918678e-01  1.29778943e-01  1.12801822e-01
  1.24074573e-01  1.29238450e-01  2.98439952e-01  1.51675083e-01
  1.59126766e-01  1.54717969e-01  1.34001672e-01  1.48921775e-01
  1.54163696e-01]

Gradient approximate =
[ 9.63011892e-06  2.23738317e-05  3.35771855e-06  6.68945122e-06
  3.75985776e-05  8.12903300e-06  2.13474372e-05  6.99756564e-05
  2.54568366e-05  6.20737017e-06  2.52476062e-05  4.73204365e-06
 -1.07167186e-05 -3.95861899e-05 -2.12024975e-05 -2.58050026e-06
  3.44990037e-06 -2.59940736e-06 -2.88258728e-05 -2.00695038e-05
 -1.86645277e-05 -1.57910329e-05 -1.73944126e-05 -2.02392014e-05
 -1.49481982e-05  4.60146672e-04  2.00679984e-04  2.45228704e-04
  1.94626701e-04  2.58452948e-04  2.30292214e-04  2.06392694e-04
  5.19913497e-04  2.28715056e-04  2.75777490e-04  2.27865220e-04
  2.89446780e-04  2.48788041e-04  2.35592394e-04  1.70791405e-04
  7.02844827e-05  8.62296723e-05  3.06097934e-01  1.54853597e-01
  1.63316456e-01  1.56115990e-01  1.60832097e-01  1.55688118e-01
  1.49683205e-01  3.38866458e-01  1.71573711e-01  1.80777938e-01
  1.73005168e-01  1.76898866e-01  1.71748391e-01  1.65317898e-01
  3.15611790e-01  1.59594624e-01  1.68225187e-01  1.60989651e-01
  1.64944363e-01  1.60111363e-01  1.54082007e-01  3.29507751e-01
  1.66601442e-01  1.75685338e-01  1.68040171e-01  1.72251829e-01
  1.67202951e-01  1.60838056e-01  3.32208471e-01  1.67619320e-01
  1.76187564e-01  1.69852128e-01  1.72750258e-01  1.68082581e-01
  1.63087002e-01 -4.77710606e-03 -2.32841671e-03 -2.31894862e-03
 -2.53963044e-03 -2.27997471e-03 -2.31052253e-03 -2.56304372e-03
  0.00000000e+00  0.00000000e+00  0.00000000e+00  0.00000000e+00
  0.00000000e+00  0.00000000e+00  0.00000000e+00  0.00000000e+00
  0.00000000e+00  0.00000000e+00  0.00000000e+00  0.00000000e+00
  0.00000000e+00  0.00000000e+00  0.00000000e+00  0.00000000e+00
  0.00000000e+00  0.00000000e+00  0.00000000e+00  0.00000000e+00
  0.00000000e+00  0.00000000e+00  0.00000000e+00  0.00000000e+00
  0.00000000e+00  0.00000000e+00  0.00000000e+00  0.00000000e+00
  0.00000000e+00  0.00000000e+00  0.00000000e+00  0.00000000e+00
  0.00000000e+00  0.00000000e+00  0.00000000e+00  0.00000000e+00
  0.00000000e+00  0.00000000e+00  0.00000000e+00  0.00000000e+00
  0.00000000e+00  0.00000000e+00  0.00000000e+00  0.00000000e+00
  0.00000000e+00  0.00000000e+00  0.00000000e+00  0.00000000e+00
  0.00000000e+00  0.00000000e+00  0.00000000e+00  0.00000000e+00
  0.00000000e+00]

Diff = 
[1.34132736e-05 3.42585062e-04 4.25693159e-04 8.28755861e-06
 1.54711529e-04 8.03106383e-05 1.76923847e-05 7.40852882e-04
 3.25284845e-04 1.07090828e-05 5.43653339e-04 7.13496457e-04
 9.30001403e-06 3.31614607e-04 5.50502008e-04 2.09434198e-05
 6.30284256e-04 6.23333962e-04 5.08349867e-04 4.45447244e-04
 5.52674821e-04 2.84444892e-04 6.67435994e-04 2.47549433e-04
 6.95172873e-04 2.87308416e-04 6.24912264e-04 6.36012806e-04
 8.42582308e-04 4.30076198e-04 4.39559198e-04 5.32612305e-04
 1.29640352e-04 2.21097718e-04 6.78218896e-04 8.12323603e-04
 2.34865902e-04 5.71502109e-04 3.69791426e-04 8.40018578e-04
 1.34555165e-03 1.00244092e-03 3.05897690e-01 1.55386153e-01
 1.64311639e-01 1.55698489e-01 1.60766235e-01 1.54790985e-01
 1.50101322e-01 3.37904075e-01 1.71129136e-01 1.81089871e-01
 1.73901581e-01 1.77516267e-01 1.71117684e-01 1.64734817e-01
 3.15924376e-01 1.59020680e-01 1.68643685e-01 1.60818074e-01
 1.54061633e-01 1.54976590e-01 1.49469539e-01 3.22996999e-01
 1.62295515e-01 1.69559238e-01 1.62663689e-01 1.86448122e-01
 1.73713511e-01 1.68080372e-01 3.40677123e-01 1.74469568e-01
 1.82134007e-01 1.76552040e-01 1.67046327e-01 1.64381835e-01
 1.60428832e-01 8.25248816e-03 5.45450148e-03 5.62391018e-03
 4.91984525e-03 8.35296348e-03 3.50327728e-03 3.30571688e-03
 5.35737290e-03 5.26066733e-03 5.61167523e-03 6.32383678e-03
 1.88804508e-02 9.91967659e-03 9.04042328e-03 1.03786969e-02
 8.30135114e-03 9.56264494e-03 9.45082190e-03 1.01078789e-02
 5.08147225e-03 5.43132331e-03 5.25181238e-03 3.87938279e-03
 3.82640349e-03 5.66353086e-03 3.05782912e-01 1.54500494e-01
 1.62516066e-01 1.58882356e-01 1.37120368e-01 1.52996298e-01
 1.58162725e-01 3.33785720e-01 1.69258519e-01 1.77793118e-01
 1.71715024e-01 1.50566813e-01 1.66969663e-01 1.74059092e-01
 3.17589953e-01 1.61574524e-01 1.69375525e-01 1.64722001e-01
 1.43753949e-01 1.58560014e-01 1.64085838e-01 2.50355428e-01
 1.26014285e-01 1.32918678e-01 1.29778943e-01 1.12801822e-01
 1.24074573e-01 1.29238450e-01 2.98439952e-01 1.51675083e-01
 1.59126766e-01 1.54717969e-01 1.34001672e-01 1.48921775e-01
 1.54163696e-01]

 Iteration 300:
############################
Gradient = 
[-4.78450067e-06 -3.20889545e-04 -4.19128622e-04  2.50650247e-08
  1.96695935e-04  8.96735442e-05  8.14755977e-07 -6.75097755e-04
 -3.00561449e-04 -5.27316855e-06  5.58587862e-04 -7.02756498e-04
  1.90529155e-07  2.95969360e-04 -5.63754833e-04 -2.47681268e-05
 -6.25405074e-04  6.12078400e-04  5.39309882e-04 -4.34022050e-04
 -5.34949525e-04  2.93076533e-04  6.75765857e-04 -2.36550433e-04
 -6.75453569e-04  2.33169940e-04 -3.92971176e-04  9.03532483e-04
 -6.14423513e-04 -1.37046060e-04  6.92254719e-04  7.59118922e-04
  6.91178105e-04  4.63724902e-04  9.66113832e-04  1.04792074e-03
  5.42192786e-04 -2.99271929e-04  6.17954301e-04 -7.78527067e-04
 -1.31071230e-03 -9.63855089e-04  1.50817486e-04 -5.87652333e-04
 -1.03823100e-03  3.64393567e-04  1.65203580e-05  8.66581138e-04
 -4.39701041e-04  9.31810601e-04  4.12275625e-04 -3.33102055e-04
 -9.08994249e-04 -6.55364259e-04  6.07954541e-04  5.57372460e-04
 -3.25306272e-04  5.46663551e-04 -4.33017806e-04  1.53381214e-04
  1.10919020e-02  5.24185304e-03  4.72202440e-03  6.61200407e-03
  4.41221722e-03  6.21740207e-03  5.49275255e-03 -1.39969782e-02
 -6.41742640e-03 -7.13924612e-03 -8.34590339e-03 -6.75675609e-03
 -5.85570022e-03 -6.59914592e-03  5.89967097e-03  3.79003328e-03
  2.75615685e-03  3.57492457e-03  3.11368807e-03  3.34727360e-03
  2.43824836e-03 -1.10792007e-02 -6.07391112e-03 -6.14437391e-03
 -5.64361306e-03 -5.34010928e-03 -5.76239627e-03 -6.49077797e-03
  1.84812129e-02  9.79278107e-03  8.90169525e-03  1.02226792e-02
  8.06346524e-03  9.33119255e-03  9.21023618e-03 -1.02492320e-02
 -5.18090708e-03 -5.53084559e-03 -5.34581787e-03 -3.84493341e-03
 -3.83482176e-03 -5.67915367e-03  3.05853458e-01  1.54548510e-01
  1.62504857e-01  1.58145268e-01  1.37084769e-01  1.53943168e-01
  1.58460928e-01  3.33722523e-01  1.69229161e-01  1.77698230e-01
  1.70850609e-01  1.50472728e-01  1.67935671e-01  1.74302141e-01
  3.15140916e-01  1.60336382e-01  1.68011958e-01  1.62659291e-01
  1.42471339e-01  1.58237068e-01  1.63034920e-01  2.49915774e-01
  1.25753505e-01  1.32573935e-01  1.28868056e-01  1.12690002e-01
  1.24672287e-01  1.29292781e-01  3.01573378e-01  1.53334379e-01
  1.60800027e-01  1.55645043e-01  1.35293343e-01  1.51350088e-01
  1.56016813e-01]

Gradient approximate =
[ 9.13148668e-06  2.07134820e-05  2.94501978e-06  6.32409680e-06
  3.57125929e-05  7.57963692e-06  2.10916795e-05  6.94428670e-05
  2.51355869e-05  6.39039266e-06  2.62508237e-05  4.96088282e-06
 -1.09607767e-05 -4.08867362e-05 -2.14245444e-05 -2.71177525e-06
  2.42502907e-06 -2.86786594e-06 -1.03186659e-05 -1.18071442e-05
 -8.96021701e-06 -7.79059928e-06 -6.86851021e-06 -1.10124132e-05
 -6.85547175e-06  4.60058545e-04  2.00949555e-04  2.44983858e-04
  1.95118086e-04  2.58178823e-04  2.30128234e-04  2.06588624e-04
  5.18534924e-04  2.28385233e-04  2.74866454e-04  2.27665680e-04
  2.88559823e-04  2.48147822e-04  2.35090314e-04  1.77537363e-04
  7.34228478e-05  8.97692320e-05  3.06235744e-01  1.54932022e-01
  1.63332024e-01  1.56255843e-01  1.60819560e-01  1.55803154e-01
  1.48295357e-01  3.38578073e-01  1.71432567e-01  1.80556819e-01
  1.72929962e-01  1.76673491e-01  1.71659044e-01  1.63596345e-01
  3.15953745e-01  1.59775750e-01  1.68346782e-01  1.61234454e-01
  1.65041344e-01  1.60331777e-01  1.52765603e-01  3.29210993e-01
  1.66458337e-01  1.75464204e-01  1.67959930e-01  1.72015548e-01
  1.67104682e-01  1.59140841e-01  3.32241865e-01  1.67644748e-01
  1.76148356e-01  1.69922805e-01  1.72708800e-01  1.68151714e-01
  1.61623307e-01 -4.66245859e-03 -2.27296379e-03 -2.26254466e-03
 -2.47648214e-03 -2.22851402e-03 -2.25510665e-03 -2.50202175e-03
  0.00000000e+00  0.00000000e+00  0.00000000e+00  0.00000000e+00
  0.00000000e+00  0.00000000e+00  0.00000000e+00  0.00000000e+00
  0.00000000e+00  0.00000000e+00  0.00000000e+00  0.00000000e+00
  0.00000000e+00  0.00000000e+00  0.00000000e+00  0.00000000e+00
  0.00000000e+00  0.00000000e+00  0.00000000e+00  0.00000000e+00
  0.00000000e+00  0.00000000e+00  0.00000000e+00  0.00000000e+00
  0.00000000e+00  0.00000000e+00  0.00000000e+00  0.00000000e+00
  0.00000000e+00  0.00000000e+00  0.00000000e+00  0.00000000e+00
  0.00000000e+00  0.00000000e+00  0.00000000e+00  0.00000000e+00
  0.00000000e+00  0.00000000e+00  0.00000000e+00  0.00000000e+00
  0.00000000e+00  0.00000000e+00  0.00000000e+00  0.00000000e+00
  0.00000000e+00  0.00000000e+00  0.00000000e+00  0.00000000e+00
  0.00000000e+00  0.00000000e+00  0.00000000e+00  0.00000000e+00
  0.00000000e+00]

Diff = 
[1.39159873e-05 3.41603028e-04 4.22073642e-04 6.29903178e-06
 1.60983342e-04 8.20939073e-05 2.02769235e-05 7.44540622e-04
 3.25697036e-04 1.16635612e-05 5.32337038e-04 7.07717381e-04
 1.11513059e-05 3.36856096e-04 5.42330289e-04 2.20563515e-05
 6.27830103e-04 6.14946266e-04 5.49628547e-04 4.22214906e-04
 5.25989308e-04 3.00867132e-04 6.82634367e-04 2.25538020e-04
 6.68598097e-04 2.26888604e-04 5.93920731e-04 6.58548625e-04
 8.09541599e-04 3.95224883e-04 4.62126485e-04 5.52530298e-04
 1.72643181e-04 2.35339669e-04 6.91247378e-04 8.20255059e-04
 2.53632964e-04 5.47419751e-04 3.82863987e-04 9.56064429e-04
 1.38413515e-03 1.05362432e-03 3.06084926e-01 1.55519674e-01
 1.64370255e-01 1.55891449e-01 1.60803040e-01 1.54936573e-01
 1.48735058e-01 3.37646263e-01 1.71020292e-01 1.80889921e-01
 1.73838956e-01 1.77328855e-01 1.71051090e-01 1.63038973e-01
 3.16279052e-01 1.59229087e-01 1.68779800e-01 1.61081073e-01
 1.53949442e-01 1.55089924e-01 1.48043579e-01 3.22598989e-01
 1.62046119e-01 1.69246802e-01 1.62467177e-01 1.86012526e-01
 1.73522109e-01 1.66280087e-01 3.40587768e-01 1.74401504e-01
 1.82004056e-01 1.76521951e-01 1.66809129e-01 1.64361681e-01
 1.58867150e-01 8.23738315e-03 5.38665186e-03 5.60981825e-03
 4.91473049e-03 8.85068664e-03 3.81880447e-03 3.64235216e-03
 5.64361306e-03 5.34010928e-03 5.76239627e-03 6.49077797e-03
 1.84812129e-02 9.79278107e-03 8.90169525e-03 1.02226792e-02
 8.06346524e-03 9.33119255e-03 9.21023618e-03 1.02492320e-02
 5.18090708e-03 5.53084559e-03 5.34581787e-03 3.84493341e-03
 3.83482176e-03 5.67915367e-03 3.05853458e-01 1.54548510e-01
 1.62504857e-01 1.58145268e-01 1.37084769e-01 1.53943168e-01
 1.58460928e-01 3.33722523e-01 1.69229161e-01 1.77698230e-01
 1.70850609e-01 1.50472728e-01 1.67935671e-01 1.74302141e-01
 3.15140916e-01 1.60336382e-01 1.68011958e-01 1.62659291e-01
 1.42471339e-01 1.58237068e-01 1.63034920e-01 2.49915774e-01
 1.25753505e-01 1.32573935e-01 1.28868056e-01 1.12690002e-01
 1.24672287e-01 1.29292781e-01 3.01573378e-01 1.53334379e-01
 1.60800027e-01 1.55645043e-01 1.35293343e-01 1.51350088e-01
 1.56016813e-01]

 Iteration 400:
############################
Gradient = 
[-5.81789589e-06 -3.21618653e-04 -4.16008490e-04  1.62875923e-06
  2.00633574e-04  9.08480093e-05 -2.19710886e-06 -6.79389870e-04
 -3.01509604e-04 -6.17347491e-06  5.48171534e-04 -6.96992639e-04
  1.84189693e-06  2.99533675e-04 -5.55845702e-04 -2.60933563e-05
 -6.24137041e-04  6.03405229e-04  5.99156138e-04 -4.02743868e-04
 -4.98930467e-04  3.17410884e-04  7.01212754e-04 -2.05618753e-04
 -6.41034054e-04  2.94913528e-04 -3.61296839e-04  9.26274111e-04
 -5.80411357e-04 -1.02147288e-04  7.15067966e-04  7.79789086e-04
  7.32662124e-04  4.77502816e-04  9.77996371e-04  1.05564708e-03
  5.59740360e-04 -2.76172314e-04  6.30427604e-04 -8.93664910e-04
 -1.34864216e-03 -1.01389018e-03  9.87976412e-05 -6.45060081e-04
 -1.08350730e-03  3.08820953e-04 -3.56277532e-05  8.34968281e-04
 -4.62446010e-04  9.00049978e-04  3.78943651e-04 -3.55326225e-04
 -9.22906125e-04 -6.95520262e-04  5.84343007e-04  5.30859797e-04
 -3.39111049e-04  5.18629981e-04 -4.48360102e-04  1.34191021e-04
  1.13065025e-02  5.35172346e-03  4.83417225e-03  6.71619563e-03
  4.52255685e-03  6.31196476e-03  5.61244380e-03 -1.37925801e-02
 -6.32098102e-03 -7.03308469e-03 -8.22026487e-03 -6.66110372e-03
 -5.76272199e-03 -6.49573330e-03  6.09617814e-03  3.87975137e-03
  2.85437417e-03  3.67470002e-03  3.10013299e-03  3.38903407e-03
  2.49574511e-03 -1.15590553e-02 -6.35105703e-03 -6.43664262e-03
 -5.94807620e-03 -5.43885381e-03 -5.93058385e-03 -6.67706305e-03
  1.80633775e-02  9.65522481e-03  8.75254798e-03  1.00558473e-02
  7.81541632e-03  9.09047228e-03  8.95914826e-03 -1.04045233e-02
 -5.28662952e-03 -5.63713383e-03 -5.44739838e-03 -3.81332773e-03
 -3.84758956e-03 -5.69967113e-03  3.05965664e-01  1.54631667e-01
  1.62524987e-01  1.57415332e-01  1.37035670e-01  1.54874621e-01
  1.58810773e-01  3.33684964e-01  1.69227835e-01  1.77626755e-01
  1.69984109e-01  1.50354843e-01  1.68873954e-01  1.74591003e-01
  3.12638660e-01  1.59085306e-01  1.66630007e-01  1.60567171e-01
  1.41130129e-01  1.57833580e-01  1.61981349e-01  2.49378740e-01
  1.25453372e-01  1.32183604e-01  1.27896607e-01  1.12505736e-01
  1.25187114e-01  1.29318797e-01  3.04576888e-01  1.54940590e-01
  1.62410541e-01  1.56474475e-01  1.36490433e-01  1.53693988e-01
  1.57836111e-01]

Gradient approximate =
[ 8.65476135e-06  1.91337945e-05  2.55302890e-06  5.96159122e-06
  3.38393380e-05  7.02990111e-06  2.08581064e-05  6.89861412e-05
  2.48397347e-05  6.56696697e-06  2.72200662e-05  5.17871745e-06
 -1.11973475e-05 -4.21530388e-05 -2.16446394e-05 -2.86080937e-06
  1.33291378e-06 -3.16105586e-06  8.08843215e-06 -3.57478713e-06
  6.81072976e-07  1.93984828e-07  3.58403751e-06 -1.84388504e-06
  1.21070487e-06  4.60496488e-04  2.01451817e-04  2.45009339e-04
  1.95841439e-04  2.58201618e-04  2.30218182e-04  2.07018023e-04
  5.17436294e-04  2.28177568e-04  2.74098215e-04  2.27590238e-04
  2.87830511e-04  2.47637686e-04  2.34715476e-04  1.84076887e-04
  7.64783414e-05  9.31995259e-05  3.06434781e-01  1.55054452e-01
  1.63387981e-01  1.56436044e-01  1.60851229e-01  1.55955881e-01
  1.46911007e-01  3.38327998e-01  1.71325470e-01  1.80365281e-01
  1.72884128e-01  1.76480174e-01  1.71595441e-01  1.61867597e-01
  3.16337110e-01  1.59991042e-01  1.68498378e-01  1.61509489e-01
  1.65171812e-01  1.60579838e-01  1.51440206e-01  3.28967247e-01
  1.66356006e-01  1.75279891e-01  1.67916264e-01  1.71819194e-01
  1.67039823e-01  1.57444540e-01  3.32313623e-01  1.67702135e-01
  1.76136833e-01  1.70022093e-01  1.72699773e-01  1.68247213e-01
  1.60151003e-01 -4.53736464e-03 -2.21227058e-03 -2.20096279e-03
 -2.40783205e-03 -2.17221775e-03 -2.19480818e-03 -2.43552167e-03
  0.00000000e+00  0.00000000e+00  0.00000000e+00  0.00000000e+00
  0.00000000e+00  0.00000000e+00  0.00000000e+00  0.00000000e+00
  0.00000000e+00  0.00000000e+00  0.00000000e+00  0.00000000e+00
  0.00000000e+00  0.00000000e+00  0.00000000e+00  0.00000000e+00
  0.00000000e+00  0.00000000e+00  0.00000000e+00  0.00000000e+00
  0.00000000e+00  0.00000000e+00  0.00000000e+00  0.00000000e+00
  0.00000000e+00  0.00000000e+00  0.00000000e+00  0.00000000e+00
  0.00000000e+00  0.00000000e+00  0.00000000e+00  0.00000000e+00
  0.00000000e+00  0.00000000e+00  0.00000000e+00  0.00000000e+00
  0.00000000e+00  0.00000000e+00  0.00000000e+00  0.00000000e+00
  0.00000000e+00  0.00000000e+00  0.00000000e+00  0.00000000e+00
  0.00000000e+00  0.00000000e+00  0.00000000e+00  0.00000000e+00
  0.00000000e+00  0.00000000e+00  0.00000000e+00  0.00000000e+00
  0.00000000e+00]

Diff = 
[1.44726572e-05 3.40752447e-04 4.18561519e-04 4.33283199e-06
 1.66794236e-04 8.38181082e-05 2.30552152e-05 7.48376011e-04
 3.26349339e-04 1.27404419e-05 5.20951468e-04 7.02171356e-04
 1.30392444e-05 3.41686713e-04 5.34201062e-04 2.32325469e-05
 6.25469955e-04 6.06566285e-04 5.91067706e-04 3.99169081e-04
 4.99611540e-04 3.17216900e-04 6.97628717e-04 2.03774868e-04
 6.42244759e-04 1.65582959e-04 5.62748656e-04 6.81264772e-04
 7.76252795e-04 3.60348906e-04 4.84849784e-04 5.72771063e-04
 2.15225830e-04 2.49325249e-04 7.03898156e-04 8.28056846e-04
 2.71909849e-04 5.23810000e-04 3.95712128e-04 1.07774180e-03
 1.42512050e-03 1.10708971e-03 3.06335983e-01 1.55699512e-01
 1.64471489e-01 1.56127223e-01 1.60886857e-01 1.55120913e-01
 1.47373453e-01 3.37427948e-01 1.70946526e-01 1.80720608e-01
 1.73807034e-01 1.77175694e-01 1.71011098e-01 1.61336738e-01
 3.16676221e-01 1.59472412e-01 1.68946738e-01 1.61375298e-01
 1.53865310e-01 1.55228115e-01 1.46606034e-01 3.22251052e-01
 1.61833450e-01 1.68967927e-01 1.62303820e-01 1.85611774e-01
 1.73360804e-01 1.64477624e-01 3.40533888e-01 1.74363239e-01
 1.81899555e-01 1.76517826e-01 1.66603595e-01 1.64367462e-01
 1.57296629e-01 8.21206465e-03 5.31240357e-03 5.58999686e-03
 4.90357717e-03 9.38683759e-03 4.15624884e-03 4.00112096e-03
 5.94807620e-03 5.43885381e-03 5.93058385e-03 6.67706305e-03
 1.80633775e-02 9.65522481e-03 8.75254798e-03 1.00558473e-02
 7.81541632e-03 9.09047228e-03 8.95914826e-03 1.04045233e-02
 5.28662952e-03 5.63713383e-03 5.44739838e-03 3.81332773e-03
 3.84758956e-03 5.69967113e-03 3.05965664e-01 1.54631667e-01
 1.62524987e-01 1.57415332e-01 1.37035670e-01 1.54874621e-01
 1.58810773e-01 3.33684964e-01 1.69227835e-01 1.77626755e-01
 1.69984109e-01 1.50354843e-01 1.68873954e-01 1.74591003e-01
 3.12638660e-01 1.59085306e-01 1.66630007e-01 1.60567171e-01
 1.41130129e-01 1.57833580e-01 1.61981349e-01 2.49378740e-01
 1.25453372e-01 1.32183604e-01 1.27896607e-01 1.12505736e-01
 1.25187114e-01 1.29318797e-01 3.04576888e-01 1.54940590e-01
 1.62410541e-01 1.56474475e-01 1.36490433e-01 1.53693988e-01
 1.57836111e-01]

 Iteration 500:
############################
Gradient = 
[-6.89898232e-06 -3.22440052e-04 -4.12995038e-04  3.20515392e-06
  2.04110465e-04  9.19497157e-05 -5.39788895e-06 -6.83819138e-04
 -3.02690119e-04 -7.21924489e-06  5.37596312e-04 -6.91491334e-04
  3.52925073e-06  3.02718699e-04 -5.47992146e-04 -2.75130182e-05
 -6.23073494e-04  5.94697191e-04  6.59200073e-04 -3.71617384e-04
 -4.63209051e-04  3.41723316e-04  7.26458615e-04 -1.74926431e-04
 -6.06794852e-04  3.58286017e-04 -3.29113805e-04  9.49571842e-04
 -5.45821299e-04 -6.68120832e-05  7.38390478e-04  8.01110559e-04
  7.74170105e-04  4.91222763e-04  9.89729606e-04  1.06344581e-03
  5.77046906e-04 -2.53334518e-04  6.42881974e-04 -1.01505117e-03
 -1.38922009e-03 -1.06650171e-03  4.40195097e-05 -7.04987965e-04
 -1.13118998e-03  2.50625212e-04 -9.08016958e-05  8.02203957e-04
 -4.86451810e-04  8.67011418e-04  3.44465218e-04 -3.78703217e-04
 -9.38232870e-04 -7.38077471e-04  5.59786493e-04  5.03444983e-04
 -3.54085149e-04  4.89731953e-04 -4.64618716e-04  1.13923474e-04
  1.15260114e-02  5.46413076e-03  4.94864770e-03  6.82305593e-03
  4.63681679e-03  6.40958560e-03  5.73531936e-03 -1.35833489e-02
 -6.22135979e-03 -6.92395772e-03 -8.09187842e-03 -6.56338439e-03
 -5.66762323e-03 -6.38980084e-03  6.29293636e-03  3.96963542e-03
  2.95255528e-03  3.77443315e-03  3.08518142e-03  3.42999546e-03
  2.55242687e-03 -1.20727153e-02 -6.64532138e-03 -6.74561730e-03
 -6.27082165e-03 -5.55725152e-03 -6.11643382e-03 -6.88289085e-03
  1.76271381e-02  9.50713268e-03  8.59309857e-03  9.87833845e-03
  7.55723429e-03  8.84056559e-03  8.69764988e-03 -1.05738555e-02
 -5.39865727e-03 -5.75019668e-03 -5.55656911e-03 -3.78437083e-03
 -3.86461552e-03 -5.72499765e-03  3.06121711e-01  1.54751767e-01
  1.62578035e-01  1.56692920e-01  1.36973381e-01  1.55791225e-01
  1.59216624e-01  3.33674449e-01  1.69255971e-01  1.77579877e-01
  1.69115593e-01  1.50213124e-01  1.69784525e-01  1.74929822e-01
  3.10083187e-01  1.57821619e-01  1.65229902e-01  1.58445977e-01
  1.39730499e-01  1.57349096e-01  1.60927331e-01  2.48739601e-01
  1.25111892e-01  1.31745466e-01  1.26862632e-01  1.12246607e-01
  1.25615279e-01  1.29316065e-01  3.07449193e-01  1.56494069e-01
  1.63958328e-01  1.57205730e-01  1.37590893e-01  1.55949731e-01
  1.59624501e-01]

Gradient approximate =
[ 8.20052026e-06  1.76378090e-05  2.18268736e-06  5.60243851e-06
  3.19803806e-05  6.48051168e-06  2.06450412e-05  6.85990198e-05
  2.45672038e-05  6.73550771e-06  2.81499180e-05  5.38396661e-06
 -1.14245302e-05 -4.33769332e-05 -2.18604468e-05 -3.02687431e-06
  1.76056947e-07 -3.47803120e-06  2.63173394e-05  4.59249305e-06
  1.02184949e-05  8.12830692e-06  1.39202583e-05  7.22771842e-06
  9.21546617e-06  4.61439622e-04  2.02178203e-04  2.45294316e-04
  1.96788825e-04  2.58509079e-04  2.30551793e-04  2.07672268e-04
  5.16585383e-04  2.28078085e-04  2.73456111e-04  2.27625645e-04
  2.87240651e-04  2.47242129e-04  2.34453916e-04  1.90362968e-04
  7.94296628e-05  9.64962776e-05  3.06697978e-01  1.55223014e-01
  1.63486219e-01  1.56658606e-01  1.60929165e-01  1.56148186e-01
  1.45530513e-01  3.38117973e-01  1.71253953e-01  1.80204610e-01
  1.72869074e-01  1.76320330e-01  1.71558844e-01  1.60131755e-01
  3.16763890e-01  1.60242193e-01  1.68681409e-01  1.61816314e-01
  1.65337412e-01  1.60856992e-01  1.50105896e-01  3.28778945e-01
  1.66296332e-01  1.75134034e-01  1.67910938e-01  1.71664558e-01
  1.67009994e-01  1.55749451e-01  3.32425543e-01  1.67793085e-01
  1.76154328e-01  1.70151440e-01  1.72724723e-01  1.68370401e-01
  1.58670220e-01 -4.40135697e-03 -2.14612593e-03 -2.13399423e-03
 -2.33345941e-03 -2.11083269e-03 -2.12939793e-03 -2.36328836e-03
  0.00000000e+00  0.00000000e+00  0.00000000e+00  0.00000000e+00
  0.00000000e+00  0.00000000e+00  0.00000000e+00  0.00000000e+00
  0.00000000e+00  0.00000000e+00  0.00000000e+00  0.00000000e+00
  0.00000000e+00  0.00000000e+00  0.00000000e+00  0.00000000e+00
  0.00000000e+00  0.00000000e+00  0.00000000e+00  0.00000000e+00
  0.00000000e+00  0.00000000e+00  0.00000000e+00  0.00000000e+00
  0.00000000e+00  0.00000000e+00  0.00000000e+00  0.00000000e+00
  0.00000000e+00  0.00000000e+00  0.00000000e+00  0.00000000e+00
  0.00000000e+00  0.00000000e+00  0.00000000e+00  0.00000000e+00
  0.00000000e+00  0.00000000e+00  0.00000000e+00  0.00000000e+00
  0.00000000e+00  0.00000000e+00  0.00000000e+00  0.00000000e+00
  0.00000000e+00  0.00000000e+00  0.00000000e+00  0.00000000e+00
  0.00000000e+00  0.00000000e+00  0.00000000e+00  0.00000000e+00
  0.00000000e+00]

Diff = 
[1.50995026e-05 3.40077861e-04 4.15177725e-04 2.39728459e-06
 1.72130085e-04 8.54692040e-05 2.60429302e-05 7.52418158e-04
 3.27257322e-04 1.39547526e-05 5.09446394e-04 6.96875300e-04
 1.49537809e-05 3.46095632e-04 5.26131700e-04 2.44861439e-05
 6.23249551e-04 5.98175223e-04 6.32882733e-04 3.76209877e-04
 4.73427545e-04 3.33595009e-04 7.12538356e-04 1.82154149e-04
 6.16010319e-04 1.03153605e-04 5.31292008e-04 7.04277526e-04
 7.42610124e-04 3.25321162e-04 5.07838685e-04 5.93438290e-04
 2.57584722e-04 2.63144678e-04 7.16273495e-04 8.35820163e-04
 2.89806255e-04 5.00576647e-04 4.08428058e-04 1.20541414e-03
 1.46864976e-03 1.16299799e-03 3.06653958e-01 1.55928002e-01
 1.64617409e-01 1.56407981e-01 1.61019967e-01 1.55345982e-01
 1.46016965e-01 3.37250962e-01 1.70909488e-01 1.80583313e-01
 1.73807307e-01 1.77058408e-01 1.70999057e-01 1.59628310e-01
 3.17117975e-01 1.59752461e-01 1.69146028e-01 1.61702390e-01
 1.53811400e-01 1.55392861e-01 1.45157248e-01 3.21955889e-01
 1.61659516e-01 1.68724449e-01 1.62175618e-01 1.85247906e-01
 1.73231354e-01 1.62673408e-01 3.40517421e-01 1.74356469e-01
 1.81821951e-01 1.76541241e-01 1.66431786e-01 1.64400766e-01
 1.55717665e-01 8.17579012e-03 5.23130735e-03 5.56398970e-03
 4.88588628e-03 9.96188265e-03 4.51592345e-03 4.38232894e-03
 6.27082165e-03 5.55725152e-03 6.11643382e-03 6.88289085e-03
 1.76271381e-02 9.50713268e-03 8.59309857e-03 9.87833845e-03
 7.55723429e-03 8.84056559e-03 8.69764988e-03 1.05738555e-02
 5.39865727e-03 5.75019668e-03 5.55656911e-03 3.78437083e-03
 3.86461552e-03 5.72499765e-03 3.06121711e-01 1.54751767e-01
 1.62578035e-01 1.56692920e-01 1.36973381e-01 1.55791225e-01
 1.59216624e-01 3.33674449e-01 1.69255971e-01 1.77579877e-01
 1.69115593e-01 1.50213124e-01 1.69784525e-01 1.74929822e-01
 3.10083187e-01 1.57821619e-01 1.65229902e-01 1.58445977e-01
 1.39730499e-01 1.57349096e-01 1.60927331e-01 2.48739601e-01
 1.25111892e-01 1.31745466e-01 1.26862632e-01 1.12246607e-01
 1.25615279e-01 1.29316065e-01 3.07449193e-01 1.56494069e-01
 1.63958328e-01 1.57205730e-01 1.37590893e-01 1.55949731e-01
 1.59624501e-01]

 Iteration 600:
############################
Gradient = 
[-8.04504026e-06 -3.23397923e-04 -4.10110058e-04  4.74430067e-06
  2.07109412e-04  9.29627967e-05 -8.80571903e-06 -6.88450004e-04
 -3.04121541e-04 -8.42856478e-06  5.26805529e-04 -6.86272729e-04
  5.24203559e-06  3.05515649e-04 -5.40211968e-04 -2.90422960e-05
 -6.22260638e-04  5.85934420e-04  7.19594357e-04 -3.40571268e-04
 -4.27704947e-04  3.66086885e-04  7.51587413e-04 -1.44399445e-04
 -5.72661814e-04  4.23509941e-04 -2.96324677e-04  9.73532848e-04
 -5.10553291e-04 -3.09238691e-05  7.62323270e-04  8.23180345e-04
  8.15885151e-04  5.04969023e-04  1.00140803e-03  1.07140305e-03
  5.94213314e-04 -2.30669390e-04  6.55403643e-04 -1.14309073e-03
 -1.43260618e-03 -1.12186990e-03 -1.36787408e-05 -7.67639580e-04
 -1.18145260e-03  1.89650944e-04 -1.49212060e-04  7.68202713e-04
 -5.11812904e-04  8.32609327e-04  3.08733088e-04 -4.03324294e-04
 -9.55054683e-04 -7.83246755e-04  5.34197902e-04  4.75029222e-04
 -3.70314510e-04  4.59858963e-04 -4.81887728e-04  9.24951919e-05
  1.17500070e-02  5.57886982e-03  5.06523326e-03  6.93236690e-03
  4.75492346e-03  6.51011439e-03  5.86120053e-03 -1.33694425e-02
 -6.11865236e-03 -6.81194492e-03 -7.96083468e-03 -6.46364382e-03
 -5.57047305e-03 -6.28142514e-03  6.48953208e-03  4.05947095e-03
  3.05048230e-03  3.87390398e-03  3.06865168e-03  3.46996393e-03
  2.60807420e-03 -1.26202176e-02 -6.95669275e-03 -7.07125063e-03
 -6.61180762e-03 -5.69559037e-03 -6.32006726e-03 -7.10837425e-03
  1.71727675e-02  9.34867128e-03  8.42350642e-03  9.69033270e-03
  7.28898327e-03  8.58159055e-03  8.42587499e-03 -1.07572451e-02
 -5.51695987e-03 -5.86999365e-03 -5.67329401e-03 -3.75783582e-03
 -3.88577137e-03 -5.75500581e-03  3.06323931e-01  1.54910751e-01
  1.62665704e-01  1.55978472e-01  1.36898328e-01  1.56693668e-01
  1.59683064e-01  3.33692486e-01  1.69315112e-01  1.77558880e-01
  1.68245191e-01  1.50047648e-01  1.70667499e-01  1.75322926e-01
  3.07474700e-01  1.56545762e-01  1.63811995e-01  1.56296207e-01
  1.38272854e-01  1.56783384e-01  1.59875142e-01  2.47993862e-01
  1.24727194e-01  1.31257433e-01  1.25764388e-01  1.11910445e-01
  1.25953192e-01  1.29284243e-01  3.10189276e-01  1.57995342e-01
  1.65443577e-01  1.57838469e-01  1.38592940e-01  1.58113815e-01
  1.61385168e-01]

Gradient approximate =
[ 7.76947617e-06  1.62287161e-05  1.83491444e-06  5.24687183e-06
  3.01379810e-05  5.93212146e-06  2.04509276e-05  6.82757384e-05
  2.43166753e-05  6.89434287e-06  2.90347746e-05  5.57536461e-06
 -1.16402399e-05 -4.45506054e-05 -2.20695950e-05 -3.20929949e-06
 -1.04305453e-06 -3.81779941e-06  4.42865189e-05  1.26579902e-05
  1.96096650e-05  1.59761449e-05  2.40953013e-05  1.61622737e-05
  1.71222814e-05  4.62867937e-04  2.03120285e-04  2.45828002e-04
  1.97952441e-04  2.59089483e-04  2.31119062e-04  2.08543363e-04
  5.15950720e-04  2.28073089e-04  2.72923946e-04  2.27758494e-04
  2.86772481e-04  2.46945664e-04  2.34292046e-04  1.96347707e-04
  8.22552781e-05  9.96348648e-05  3.07028510e-01  1.55440014e-01
  1.63628795e-01  1.56925713e-01  1.61055618e-01  1.56382122e-01
  1.44154375e-01  3.37949909e-01  1.71219691e-01  1.80076215e-01
  1.72886342e-01  1.76195511e-01  1.71550639e-01  1.58389057e-01
  3.17236261e-01  1.60531035e-01  1.68897439e-01  1.62156621e-01
  1.65539928e-01  1.61164810e-01  1.48762876e-01  3.28648714e-01
  1.66281348e-01  1.75028406e-01  1.67945863e-01  1.71553585e-01
  1.67016956e-01  1.54056009e-01  3.32579599e-01  1.67919339e-01
  1.76202301e-01  1.70312427e-01  1.72785341e-01  1.68522732e-01
  1.57181230e-01 -4.25393414e-03 -2.07430420e-03 -2.06141620e-03
 -2.25312711e-03 -2.04408255e-03 -2.05862784e-03 -2.28504652e-03
  0.00000000e+00  0.00000000e+00  0.00000000e+00  0.00000000e+00
  0.00000000e+00  0.00000000e+00  0.00000000e+00  0.00000000e+00
  0.00000000e+00  0.00000000e+00  0.00000000e+00  0.00000000e+00
  0.00000000e+00  0.00000000e+00  0.00000000e+00  0.00000000e+00
  0.00000000e+00  0.00000000e+00  0.00000000e+00  0.00000000e+00
  0.00000000e+00  0.00000000e+00  0.00000000e+00  0.00000000e+00
  0.00000000e+00  0.00000000e+00  0.00000000e+00  0.00000000e+00
  0.00000000e+00  0.00000000e+00  0.00000000e+00  0.00000000e+00
  0.00000000e+00  0.00000000e+00  0.00000000e+00  0.00000000e+00
  0.00000000e+00  0.00000000e+00  0.00000000e+00  0.00000000e+00
  0.00000000e+00  0.00000000e+00  0.00000000e+00  0.00000000e+00
  0.00000000e+00  0.00000000e+00  0.00000000e+00  0.00000000e+00
  0.00000000e+00  0.00000000e+00  0.00000000e+00  0.00000000e+00
  0.00000000e+00]

Diff = 
[1.58145164e-05 3.39626639e-04 4.11944973e-04 5.02571156e-07
 1.76971431e-04 8.70306752e-05 2.92566466e-05 7.56725742e-04
 3.28438216e-04 1.53229077e-05 4.97770754e-04 6.91848093e-04
 1.68822755e-05 3.50066254e-04 5.18142373e-04 2.58329965e-05
 6.21217583e-04 5.89752219e-04 6.75307838e-04 3.53229259e-04
 4.47314612e-04 3.50110741e-04 7.27492111e-04 1.60561719e-04
 5.89784096e-04 3.93579963e-05 4.99444962e-04 7.27704846e-04
 7.08505732e-04 2.90013352e-04 5.31204208e-04 6.14636983e-04
 2.99934431e-04 2.76895934e-04 7.28484081e-04 8.43644558e-04
 3.07440833e-04 4.77615054e-04 4.21111597e-04 1.33943844e-03
 1.51486145e-03 1.22150477e-03 3.07042188e-01 1.56207654e-01
 1.64810247e-01 1.56736062e-01 1.61204830e-01 1.55613919e-01
 1.44666188e-01 3.37117299e-01 1.70910958e-01 1.80479539e-01
 1.73841396e-01 1.76978758e-01 1.71016441e-01 1.57914027e-01
 3.17606576e-01 1.60071176e-01 1.69379327e-01 1.62064126e-01
 1.53789921e-01 1.55585941e-01 1.43697643e-01 3.21716348e-01
 1.61526424e-01 1.68518291e-01 1.62084663e-01 1.84923027e-01
 1.73135609e-01 1.60867954e-01 3.40540434e-01 1.74382983e-01
 1.81772774e-01 1.76593852e-01 1.66295809e-01 1.64463261e-01
 1.54130747e-01 8.12783812e-03 5.14295587e-03 5.53138013e-03
 4.86120131e-03 1.05761351e-02 4.89806491e-03 4.78620411e-03
 6.61180762e-03 5.69559037e-03 6.32006726e-03 7.10837425e-03
 1.71727675e-02 9.34867128e-03 8.42350642e-03 9.69033270e-03
 7.28898327e-03 8.58159055e-03 8.42587499e-03 1.07572451e-02
 5.51695987e-03 5.86999365e-03 5.67329401e-03 3.75783582e-03
 3.88577137e-03 5.75500581e-03 3.06323931e-01 1.54910751e-01
 1.62665704e-01 1.55978472e-01 1.36898328e-01 1.56693668e-01
 1.59683064e-01 3.33692486e-01 1.69315112e-01 1.77558880e-01
 1.68245191e-01 1.50047648e-01 1.70667499e-01 1.75322926e-01
 3.07474700e-01 1.56545762e-01 1.63811995e-01 1.56296207e-01
 1.38272854e-01 1.56783384e-01 1.59875142e-01 2.47993862e-01
 1.24727194e-01 1.31257433e-01 1.25764388e-01 1.11910445e-01
 1.25953192e-01 1.29284243e-01 3.10189276e-01 1.57995342e-01
 1.65443577e-01 1.57838469e-01 1.38592940e-01 1.58113815e-01
 1.61385168e-01]

 Iteration 700:
############################
Gradient = 
[-9.27520670e-06 -3.24539588e-04 -4.07377371e-04  6.23388313e-06
  2.09608142e-04  9.38686198e-05 -1.24397764e-05 -6.93346415e-04
 -3.05823595e-04 -9.82124802e-06  5.15740914e-04 -6.81358891e-04
  6.96706816e-06  3.07909232e-04 -5.32525961e-04 -3.06983271e-05
 -6.21747934e-04  5.77094855e-04  7.80506562e-04 -3.09527910e-04
 -3.92330942e-04  3.90581093e-04  7.76690439e-04 -1.13957214e-04
 -5.38554556e-04  4.90813083e-04 -2.62830258e-04  9.98265871e-04
 -4.74505203e-04  5.63552252e-06  7.86968899e-04  8.46097245e-04
  8.58008421e-04  5.18833489e-04  1.01313447e-03  1.07961274e-03
  6.11349314e-04 -2.08079829e-04  6.68086404e-04 -1.27818110e-03
 -1.47895644e-03 -1.18016923e-03 -7.44556464e-05 -8.33212067e-04
 -1.23446329e-03  1.25746583e-04 -2.11059857e-04  7.32883803e-04
 -5.38617762e-04  7.96762413e-04  2.71646607e-04 -4.29275061e-04
 -9.73447195e-04 -8.31239840e-04  5.07490176e-04  4.45514333e-04
 -3.87885377e-04  4.28901303e-04 -5.00260658e-04  6.98227465e-05
  1.19781615e-02  5.69578122e-03  5.18375571e-03  7.04396057e-03
  4.87685689e-03  6.61345083e-03  5.98996310e-03 -1.31509287e-02
 -6.01290310e-03 -6.69708128e-03 -7.82717462e-03 -6.36188087e-03
 -5.47129532e-03 -6.17063327e-03  6.68564907e-03  4.14909157e-03
  3.14798436e-03  3.97294498e-03  3.05041562e-03  3.50879655e-03
  2.66252356e-03 -1.32014367e-02 -7.28507145e-03 -7.41340423e-03
 -6.97089913e-03 -5.85410436e-03 -6.54153843e-03 -7.35354879e-03
  1.67006071e-02  9.18004289e-03  8.24396749e-03  9.49204646e-03
  7.01075444e-03  8.31369530e-03  8.14399275e-03 -1.09546255e-02
 -5.64146080e-03 -5.99643724e-03 -5.79748828e-03 -3.73346755e-03
 -3.91089484e-03 -5.78952939e-03  3.06574801e-01  1.55110696e-01
  1.62789822e-01  1.55272481e-01  1.36811023e-01  1.57582734e-01
  1.60214883e-01  3.33740680e-01  1.69406909e-01  1.77565140e-01
  1.67373078e-01  1.49858583e-01  1.71523071e-01  1.75774811e-01
  3.04813583e-01  1.55258271e-01  1.62376747e-01  1.54118494e-01
  1.36757794e-01  1.56136411e-01  1.58827095e-01  2.47137207e-01
  1.24297493e-01  1.30717523e-01  1.24600322e-01  1.11495297e-01
  1.26197425e-01  1.29223024e-01  3.12796324e-01  1.59445070e-01
  1.66866618e-01  1.58372516e-01  1.39495020e-01  1.60182937e-01
  1.63121506e-01]

Gradient approximate =
[ 7.36243511e-06  1.49101753e-05  1.51067603e-06  4.89553731e-06
  2.83137580e-05  5.38538769e-06  2.02741601e-05  6.80110435e-05
  2.40867504e-05  7.04206915e-06  2.98694025e-05  5.75149484e-06
 -1.18425558e-05 -4.56663107e-05 -2.22699326e-05 -3.40744544e-06
 -2.32185826e-06 -4.17959667e-06  6.19112739e-05  2.05833839e-05
  2.88105584e-05  2.36997644e-05  3.40627149e-05  2.49178767e-05
  2.48931120e-05  4.64762351e-04  2.04270212e-04  2.46600633e-04
  1.99325061e-04  2.59931994e-04  2.31910644e-04  2.09623690e-04
  5.15501533e-04  2.28149186e-04  2.72485856e-04  2.27975923e-04
  2.86408832e-04  2.46733480e-04  2.34216506e-04  2.01982582e-04
  8.49331250e-05  1.02590645e-04  3.07429791e-01  1.55707935e-01
  1.63817926e-01  1.57239723e-01  1.61233021e-01  1.56659911e-01
  1.42783210e-01  3.37825882e-01  1.71224495e-01  1.79981633e-01
  1.72937606e-01  1.76107404e-01  1.71572335e-01  1.56639860e-01
  3.17756566e-01  1.60859542e-01  1.69148155e-01  1.62532237e-01
  1.65781291e-01  1.61504993e-01  1.47411460e-01  3.28579374e-01
  1.66313236e-01  1.74964915e-01  1.68023099e-01  1.71488378e-01
  1.67062610e-01  1.52364766e-01  3.32777943e-01  1.68082777e-01
  1.76282334e-01  1.70506769e-01  1.72883467e-01  1.68705790e-01
  1.55684424e-01 -4.09456330e-03 -1.99656670e-03 -1.98299389e-03
 -2.16658369e-03 -1.97166868e-03 -1.98223189e-03 -2.20050175e-03
  0.00000000e+00  0.00000000e+00  0.00000000e+00  0.00000000e+00
  0.00000000e+00  0.00000000e+00  0.00000000e+00  0.00000000e+00
  0.00000000e+00  0.00000000e+00  0.00000000e+00  0.00000000e+00
  0.00000000e+00  0.00000000e+00  0.00000000e+00  0.00000000e+00
  0.00000000e+00  0.00000000e+00  0.00000000e+00  0.00000000e+00
  0.00000000e+00  0.00000000e+00  0.00000000e+00  0.00000000e+00
  0.00000000e+00  0.00000000e+00  0.00000000e+00  0.00000000e+00
  0.00000000e+00  0.00000000e+00  0.00000000e+00  0.00000000e+00
  0.00000000e+00  0.00000000e+00  0.00000000e+00  0.00000000e+00
  0.00000000e+00  0.00000000e+00  0.00000000e+00  0.00000000e+00
  0.00000000e+00  0.00000000e+00  0.00000000e+00  0.00000000e+00
  0.00000000e+00  0.00000000e+00  0.00000000e+00  0.00000000e+00
  0.00000000e+00  0.00000000e+00  0.00000000e+00  0.00000000e+00
  0.00000000e+00]

Diff = 
[1.66376418e-05 3.39449764e-04 4.08888047e-04 1.33834582e-06
 1.81294384e-04 8.84832321e-05 3.27139366e-05 7.61357459e-04
 3.29910345e-04 1.68633172e-05 4.85871512e-04 6.87110386e-04
 1.88096240e-05 3.53575543e-04 5.10256028e-04 2.72908817e-05
 6.19426075e-04 5.81274452e-04 7.18595288e-04 3.30111294e-04
 4.21141500e-04 3.66881329e-04 7.42627724e-04 1.38875090e-04
 5.63447668e-04 2.60507322e-05 4.67100470e-04 7.51665238e-04
 6.73830264e-04 2.54296471e-04 5.55058255e-04 6.36473556e-04
 3.42506888e-04 2.90684302e-04 7.40648619e-04 8.51636819e-04
 3.24940482e-04 4.54813309e-04 4.33869898e-04 1.48016368e-03
 1.56388956e-03 1.28275987e-03 3.07504247e-01 1.56541147e-01
 1.65052390e-01 1.57113977e-01 1.61444081e-01 1.55927027e-01
 1.43321828e-01 3.37029119e-01 1.70952848e-01 1.80410908e-01
 1.73911053e-01 1.76938644e-01 1.71064845e-01 1.56194346e-01
 3.18144451e-01 1.60430641e-01 1.69648416e-01 1.62462414e-01
 1.53803130e-01 1.55809211e-01 1.42227705e-01 3.21535413e-01
 1.61436379e-01 1.68351465e-01 1.62033135e-01 1.84639307e-01
 1.73075513e-01 1.59061847e-01 3.40605118e-01 1.74444658e-01
 1.81753629e-01 1.76677402e-01 1.66197818e-01 1.64556699e-01
 1.52536440e-01 8.06750828e-03 5.04698232e-03 5.49179044e-03
 4.82910725e-03 1.12297681e-02 5.30283956e-03 5.21290249e-03
 6.97089913e-03 5.85410436e-03 6.54153843e-03 7.35354879e-03
 1.67006071e-02 9.18004289e-03 8.24396749e-03 9.49204646e-03
 7.01075444e-03 8.31369530e-03 8.14399275e-03 1.09546255e-02
 5.64146080e-03 5.99643724e-03 5.79748828e-03 3.73346755e-03
 3.91089484e-03 5.78952939e-03 3.06574801e-01 1.55110696e-01
 1.62789822e-01 1.55272481e-01 1.36811023e-01 1.57582734e-01
 1.60214883e-01 3.33740680e-01 1.69406909e-01 1.77565140e-01
 1.67373078e-01 1.49858583e-01 1.71523071e-01 1.75774811e-01
 3.04813583e-01 1.55258271e-01 1.62376747e-01 1.54118494e-01
 1.36757794e-01 1.56136411e-01 1.58827095e-01 2.47137207e-01
 1.24297493e-01 1.30717523e-01 1.24600322e-01 1.11495297e-01
 1.26197425e-01 1.29223024e-01 3.12796324e-01 1.59445070e-01
 1.66866618e-01 1.58372516e-01 1.39495020e-01 1.60182937e-01
 1.63121506e-01]

 Iteration 800:
############################
Gradient = 
[-1.06107072e-05 -3.25915974e-04 -4.04823066e-04  7.65896223e-06
  2.11578872e-04  9.46455269e-05 -1.63205509e-05 -6.98572471e-04
 -3.07817461e-04 -1.14191043e-05  5.04341996e-04 -6.76774082e-04
  8.68830481e-06  3.09877276e-04 -5.24958152e-04 -3.25004024e-05
 -6.21588422e-04  5.68154051e-04  8.42118689e-04 -2.78403651e-04
 -3.56993246e-04  4.15291667e-04  8.01865987e-04 -8.35128790e-05
 -5.04386697e-04  5.60428175e-04 -2.28529681e-04  1.02388106e-03
 -4.37572957e-04  4.29857158e-05  8.12431317e-04  8.69961713e-04
  9.00758266e-04  5.32915244e-04  1.02501961e-03  1.08817619e-03
  6.28572926e-04 -1.85461281e-04  6.81031176e-04 -1.42071058e-03
 -1.52842213e-03 -1.24156752e-03 -1.38465696e-04 -9.01895333e-04
 -1.29038392e-03  5.87651629e-05 -2.76536313e-04  6.96171238e-04
 -5.66948848e-04  7.59393756e-04  2.33111684e-04 -4.56635446e-04
 -9.93481402e-04 -8.82267858e-04  4.79576939e-04  4.14803482e-04
 -4.06883660e-04  3.96750801e-04 -5.19829784e-04  4.58233152e-05
  1.22102354e-02  5.81474854e-03  5.30408333e-03  7.15771585e-03
  5.00264865e-03  6.71954213e-03  6.12153466e-03 -1.29277881e-02
 -5.90411248e-03 -6.57935875e-03 -7.69089136e-03 -6.25804813e-03
 -5.37006978e-03 -6.05740412e-03  6.88106347e-03  4.23837649e-03
  3.24493510e-03  4.07143806e-03  3.03039566e-03  3.54639848e-03
  2.71566425e-03 -1.38160983e-02 -7.63027622e-03 -7.77185511e-03
 -7.34787561e-03 -6.03298188e-03 -6.78084238e-03 -7.61838091e-03
  1.62110556e-02  9.00147973e-03  8.05470893e-03  9.28372615e-03
  6.72265916e-03  8.03705192e-03  7.85220095e-03 -1.11658507e-02
 -5.77203935e-03 -6.12939471e-03 -5.92902050e-03 -3.71098591e-03
 -3.93979221e-03 -5.82836616e-03  3.06876935e-01  1.55353813e-01
  1.62952332e-01  1.54575478e-01  1.36712053e-01  1.58459273e-01
  1.60817068e-01  3.33820728e-01  1.69533119e-01  1.77600131e-01
  1.66499457e-01  1.49646165e-01  1.72351491e-01  1.76290122e-01
  3.02100368e-01  1.53959763e-01  1.60924703e-01  1.51913583e-01
  1.35186092e-01  1.55408304e-01  1.57785492e-01  2.46165456e-01
  1.23821062e-01  1.30123829e-01  1.23369041e-01  1.10999396e-01
  1.26344677e-01  1.29132088e-01  3.15269672e-01  1.60844020e-01
  1.68227886e-01  1.58807812e-01  1.40295772e-01  1.62153952e-01
  1.64837061e-01]

Gradient approximate =
[ 6.98018088e-06  1.36857259e-05  1.21106902e-06  4.54882576e-06
  2.65099853e-05  4.84108753e-06  2.01133332e-05  6.77999878e-05
  2.38760522e-05  7.17713222e-06  3.06486481e-05  5.91111382e-06
 -1.20296528e-05 -4.67167505e-05 -2.24595209e-05 -3.62075037e-06
 -3.65790953e-06 -4.56253035e-06  7.91038590e-05  2.83288637e-05
  3.77757226e-05  3.12596660e-05  4.37743419e-05  3.34514461e-05
  3.24884142e-05  4.67105241e-04  2.05620676e-04  2.47602838e-04
  2.00900105e-04  2.61026087e-04  2.32917570e-04  2.10905964e-04
  5.15208316e-04  2.28293524e-04  2.72126719e-04  2.28265340e-04
  2.86133288e-04  2.46591234e-04  2.34214694e-04  2.07219337e-04
  8.74414341e-05  1.05338920e-04  3.07905474e-01  1.56029437e-01
  1.64055996e-01  1.57603169e-01  1.61463998e-01  1.56983943e-01
  1.41417740e-01  3.37748132e-01  1.71270312e-01  1.79922522e-01
  1.73024674e-01  1.76057835e-01  1.71625564e-01  1.54884625e-01
  3.18327313e-01  1.61229829e-01  1.69435371e-01  1.62945125e-01
  1.66063576e-01  1.61879368e-01  1.46052055e-01  3.28573929e-01
  1.66394329e-01  1.74945607e-01  1.68144847e-01  1.71471195e-01
  1.67148992e-01  1.50676376e-01  3.33022902e-01  1.68285418e-01
  1.76396135e-01  1.70736315e-01  1.73021091e-01  1.68921294e-01
  1.54180307e-01 -3.92268303e-03 -1.91266344e-03 -1.89848219e-03
 -2.07356499e-03 -1.89327011e-03 -1.89992666e-03 -2.10934158e-03
  0.00000000e+00  0.00000000e+00  0.00000000e+00  0.00000000e+00
  0.00000000e+00  0.00000000e+00  0.00000000e+00  0.00000000e+00
  0.00000000e+00  0.00000000e+00  0.00000000e+00  0.00000000e+00
  0.00000000e+00  0.00000000e+00  0.00000000e+00  0.00000000e+00
  0.00000000e+00  0.00000000e+00  0.00000000e+00  0.00000000e+00
  0.00000000e+00  0.00000000e+00  0.00000000e+00  0.00000000e+00
  0.00000000e+00  0.00000000e+00  0.00000000e+00  0.00000000e+00
  0.00000000e+00  0.00000000e+00  0.00000000e+00  0.00000000e+00
  0.00000000e+00  0.00000000e+00  0.00000000e+00  0.00000000e+00
  0.00000000e+00  0.00000000e+00  0.00000000e+00  0.00000000e+00
  0.00000000e+00  0.00000000e+00  0.00000000e+00  0.00000000e+00
  0.00000000e+00  0.00000000e+00  0.00000000e+00  0.00000000e+00
  0.00000000e+00  0.00000000e+00  0.00000000e+00  0.00000000e+00
  0.00000000e+00]

Diff = 
[1.75908880e-05 3.39601700e-04 4.06034135e-04 3.11013647e-06
 1.85068887e-04 8.98044393e-05 3.64338841e-05 7.66372459e-04
 3.31693513e-04 1.85962365e-05 4.73693348e-04 6.82685196e-04
 2.07179576e-05 3.56594027e-04 5.02498631e-04 2.88796520e-05
 6.17930513e-04 5.72716581e-04 7.63014830e-04 3.06732514e-04
 3.94768969e-04 3.84032001e-04 7.58091645e-04 1.16964325e-04
 5.36875111e-04 9.33229338e-05 4.34150357e-04 7.76278220e-04
 6.38473063e-04 2.18040372e-04 5.79513747e-04 6.59055750e-04
 3.85549950e-04 3.04621720e-04 7.52892890e-04 8.59910848e-04
 3.42439638e-04 4.32052515e-04 4.46816482e-04 1.62792991e-03
 1.61586357e-03 1.34690644e-03 3.08043940e-01 1.56931332e-01
 1.65346380e-01 1.57544404e-01 1.61740535e-01 1.56287772e-01
 1.41984689e-01 3.36988739e-01 1.71037200e-01 1.80379158e-01
 1.74018155e-01 1.76940103e-01 1.71145987e-01 1.54469822e-01
 3.18734197e-01 1.60833078e-01 1.69955201e-01 1.62899302e-01
 1.53853340e-01 1.56064619e-01 1.40747972e-01 3.21416213e-01
 1.61391680e-01 1.68226065e-01 1.62023312e-01 1.84398983e-01
 1.73053104e-01 1.57255734e-01 3.40713794e-01 1.74543466e-01
 1.81766204e-01 1.76793719e-01 1.66140027e-01 1.64682917e-01
 1.50935372e-01 7.99412110e-03 4.94305910e-03 5.44488066e-03
 4.78922925e-03 1.19228282e-02 5.73034955e-03 5.66251353e-03
 7.34787561e-03 6.03298188e-03 6.78084238e-03 7.61838091e-03
 1.62110556e-02 9.00147973e-03 8.05470893e-03 9.28372615e-03
 6.72265916e-03 8.03705192e-03 7.85220095e-03 1.11658507e-02
 5.77203935e-03 6.12939471e-03 5.92902050e-03 3.71098591e-03
 3.93979221e-03 5.82836616e-03 3.06876935e-01 1.55353813e-01
 1.62952332e-01 1.54575478e-01 1.36712053e-01 1.58459273e-01
 1.60817068e-01 3.33820728e-01 1.69533119e-01 1.77600131e-01
 1.66499457e-01 1.49646165e-01 1.72351491e-01 1.76290122e-01
 3.02100368e-01 1.53959763e-01 1.60924703e-01 1.51913583e-01
 1.35186092e-01 1.55408304e-01 1.57785492e-01 2.46165456e-01
 1.23821062e-01 1.30123829e-01 1.23369041e-01 1.10999396e-01
 1.26344677e-01 1.29132088e-01 3.15269672e-01 1.60844020e-01
 1.68227886e-01 1.58807812e-01 1.40295772e-01 1.62153952e-01
 1.64837061e-01]

 Iteration 900:
############################
Gradient = 
[-1.20751015e-05 -3.27582071e-04 -4.02475758e-04  9.00170696e-06
  2.12987861e-04  9.52685677e-05 -2.04701262e-05 -7.04193078e-04
 -3.10126062e-04 -1.32462223e-05  4.92545493e-04 -6.72545043e-04
  1.03865967e-05  3.11390371e-04 -5.17536042e-04 -3.44701812e-05
 -6.21839070e-04  5.59084969e-04  9.04626719e-04 -2.47109004e-04
 -3.21591800e-04  4.40310360e-04  8.27219050e-04 -5.29735893e-05
 -4.70066076e-04  6.32592592e-04 -1.93320546e-04  1.05048980e-03
 -3.99650654e-04  8.12476512e-05  8.38815714e-04  8.94875726e-04
  9.44369362e-04  5.47320145e-04  1.03718137e-03  1.09720169e-03
  6.46009923e-04 -1.62702234e-04  6.94345587e-04 -1.57105647e-03
 -1.58114896e-03 -1.30622521e-03 -2.05858549e-04 -9.73871260e-04
 -1.34936931e-03 -1.14348939e-05 -3.45822607e-04  6.57993866e-04
 -5.96882567e-04  7.20430905e-04  1.93040786e-04 -4.85479653e-04
 -1.01522357e-03 -9.36539908e-04  4.50373115e-04  3.82801886e-04
 -4.27394311e-04  3.63301531e-04 -5.40685477e-04  2.04153147e-05
  1.24460728e-02  5.93569556e-03  5.42612303e-03  7.27355522e-03
  5.13237982e-03  6.82838050e-03  6.25589196e-03 -1.26999169e-02
 -5.79223870e-03 -6.45872803e-03 -7.55193193e-03 -6.15205233e-03
 -5.26673307e-03 -5.94166957e-03  7.07563871e-03  4.32724785e-03
  3.34124989e-03  4.16931151e-03  3.00856185e-03  3.58272007e-03
  2.76743545e-03 -1.44637912e-02 -7.99205061e-03 -8.14630177e-03
 -7.74243793e-03 -6.23237370e-03 -7.03792224e-03 -7.90277588e-03
  1.57045598e-02  8.81323865e-03  7.85598406e-03  9.06564239e-03
  6.42482257e-03  7.75185063e-03  7.55071990e-03 -1.13906968e-02
 -5.90853218e-03 -6.26868963e-03 -6.06771445e-03 -3.69008868e-03
 -3.97224051e-03 -5.87128020e-03  3.07233078e-01  1.55642445e-01
  1.63155298e-01  1.53888014e-01  1.36602052e-01  1.59324183e-01
  1.61494795e-01  3.33934412e-01  1.69695600e-01  1.77665411e-01
  1.65624546e-01  1.49410680e-01  1.73153036e-01  1.76873643e-01
  2.99335719e-01  1.52650917e-01  1.59456486e-01  1.49682306e-01
  1.33558660e-01  1.54599325e-01  1.56752598e-01  2.45074518e-01
  1.23296204e-01  1.29474487e-01  1.22069283e-01  1.10421138e-01
  1.26391747e-01  1.29011036e-01  3.17608749e-01  1.62193030e-01
  1.69527886e-01  1.59144379e-01  1.40993991e-01  1.64023830e-01
  1.66535475e-01]

Gradient approximate =
[ 6.62350841e-06  1.25592847e-05  9.37117051e-07  4.20724788e-06
  2.47286880e-05  4.29984048e-06  1.99673988e-05  6.76385437e-05
  2.36835618e-05  7.29811100e-06  3.13676751e-05  6.05295147e-06
 -1.21997545e-05 -4.76948103e-05 -2.26362284e-05 -3.84852150e-06
 -5.04874142e-06 -4.96569452e-06  9.57741220e-05  3.58534757e-05
  4.64585925e-05  3.86152088e-05  5.31809330e-05  4.17187529e-05
  3.98674915e-05  4.69880550e-04  2.07165052e-04  2.48826215e-04
  2.02671577e-04  2.62362647e-04  2.34132034e-04  2.12384039e-04
  5.15043510e-04  2.28493966e-04  2.71832401e-04  2.28615153e-04
  2.85930415e-04  2.46505500e-04  2.34274620e-04  2.12010660e-04
  8.97584673e-05  1.07855749e-04  3.08459443e-01  1.56407360e-01
  1.64345544e-01  1.58018757e-01  1.61751362e-01  1.57356775e-01
  1.40058774e-01  3.37719060e-01  1.71359220e-01  1.79900659e-01
  1.73149480e-01  1.76048762e-01  1.71712078e-01  1.53123900e-01
  3.18951176e-01  1.61644148e-01  1.69761023e-01  1.63397382e-01
  1.66389000e-01  1.62289892e-01  1.44685145e-01  3.28635567e-01
  1.66527104e-01  1.74972655e-01  1.68313454e-01  1.71504446e-01
  1.67278278e-01  1.48991573e-01  3.33316976e-01  1.68529411e-01
  1.76545533e-01  1.71003048e-01  1.73200346e-01  1.69171091e-01
  1.52669475e-01 -3.73770673e-03 -1.82233506e-03 -1.80762760e-03
 -1.97379637e-03 -1.80854375e-03 -1.81141279e-03 -2.01123684e-03
  0.00000000e+00  0.00000000e+00  0.00000000e+00  0.00000000e+00
  0.00000000e+00  0.00000000e+00  0.00000000e+00  0.00000000e+00
  0.00000000e+00  0.00000000e+00  0.00000000e+00  0.00000000e+00
  0.00000000e+00  0.00000000e+00  0.00000000e+00  0.00000000e+00
  0.00000000e+00  0.00000000e+00  0.00000000e+00  0.00000000e+00
  0.00000000e+00  0.00000000e+00  0.00000000e+00  0.00000000e+00
  0.00000000e+00  0.00000000e+00  0.00000000e+00  0.00000000e+00
  0.00000000e+00  0.00000000e+00  0.00000000e+00  0.00000000e+00
  0.00000000e+00  0.00000000e+00  0.00000000e+00  0.00000000e+00
  0.00000000e+00  0.00000000e+00  0.00000000e+00  0.00000000e+00
  0.00000000e+00  0.00000000e+00  0.00000000e+00  0.00000000e+00
  0.00000000e+00  0.00000000e+00  0.00000000e+00  0.00000000e+00
  0.00000000e+00  0.00000000e+00  0.00000000e+00  0.00000000e+00
  0.00000000e+00]

Diff = 
[1.86986099e-05 3.40141356e-04 4.03412875e-04 4.79445907e-06
 1.88259173e-04 9.09687272e-05 4.04375251e-05 7.71831621e-04
 3.33809624e-04 2.05443333e-05 4.61177818e-04 6.78597995e-04
 2.25863512e-05 3.59085181e-04 4.94899813e-04 3.06216597e-05
 6.16790329e-04 5.64050663e-04 8.08852597e-04 2.82962480e-04
 3.68050393e-04 4.01695151e-04 7.74038117e-04 9.46923422e-05
 5.09933567e-04 1.62712042e-04 4.00485598e-04 8.01663587e-04
 6.02322231e-04 1.81114996e-04 6.04683680e-04 6.82491687e-04
 4.29325852e-04 3.18826179e-04 7.65348969e-04 8.68586535e-04
 3.60079508e-04 4.09207734e-04 4.60070968e-04 1.78306713e-03
 1.67090743e-03 1.41408096e-03 3.08665301e-01 1.57381231e-01
 1.65694914e-01 1.58030192e-01 1.62097184e-01 1.56698781e-01
 1.40655656e-01 3.36998629e-01 1.71166179e-01 1.80386139e-01
 1.74164704e-01 1.76985301e-01 1.71261705e-01 1.52741098e-01
 3.19378571e-01 1.61280847e-01 1.70301709e-01 1.63376967e-01
 1.53942927e-01 1.56354197e-01 1.39259022e-01 3.21362012e-01
 1.61394724e-01 1.68144274e-01 1.62057562e-01 1.84204363e-01
 1.73070517e-01 1.55450301e-01 3.40868908e-01 1.74681464e-01
 1.81812266e-01 1.76944718e-01 1.66124707e-01 1.64843843e-01
 1.49328225e-01 7.90701824e-03 4.83089691e-03 5.39034767e-03
 4.74123181e-03 1.26552475e-02 6.18063782e-03 6.13506493e-03
 7.74243793e-03 6.23237370e-03 7.03792224e-03 7.90277588e-03
 1.57045598e-02 8.81323865e-03 7.85598406e-03 9.06564239e-03
 6.42482257e-03 7.75185063e-03 7.55071990e-03 1.13906968e-02
 5.90853218e-03 6.26868963e-03 6.06771445e-03 3.69008868e-03
 3.97224051e-03 5.87128020e-03 3.07233078e-01 1.55642445e-01
 1.63155298e-01 1.53888014e-01 1.36602052e-01 1.59324183e-01
 1.61494795e-01 3.33934412e-01 1.69695600e-01 1.77665411e-01
 1.65624546e-01 1.49410680e-01 1.73153036e-01 1.76873643e-01
 2.99335719e-01 1.52650917e-01 1.59456486e-01 1.49682306e-01
 1.33558660e-01 1.54599325e-01 1.56752598e-01 2.45074518e-01
 1.23296204e-01 1.29474487e-01 1.22069283e-01 1.10421138e-01
 1.26391747e-01 1.29011036e-01 3.17608749e-01 1.62193030e-01
 1.69527886e-01 1.59144379e-01 1.40993991e-01 1.64023830e-01
 1.66535475e-01]

 