Iteration 0:
############################
Gradient = 
[-0.00829178 -0.0315019  -0.00708853 -0.00266508  0.01013023  0.00080388
  0.31757165  0.18443589  0.19695182  0.27826723  0.15145849  0.1600812
  0.30835106  0.16513431  0.1705038   0.30982919  0.17541509  0.18400723
  0.32270872  0.17353159  0.18445106]

Gradient approximate =
[-0.00829178 -0.03262613 -0.00686581 -0.00266508  0.00917618 -0.00032963
  0.31757165  0.18431074  0.19640422  0.27826723  0.15288582  0.16067705
  0.30835106  0.16535343  0.1717869   0.30982919  0.17614205  0.18266386
  0.32270872  0.17307884  0.18500226]

Diff = 
[1.36141133e-11 1.12422354e-03 2.22717349e-04 2.07144224e-11
 9.54046204e-04 1.13351655e-03 1.48447366e-11 1.25146616e-04
 5.47594323e-04 1.79452009e-11 1.42732640e-03 5.95858244e-04
 1.15749077e-11 2.19125485e-04 1.28309752e-03 3.38618023e-13
 7.26965854e-04 1.34336225e-03 2.08913442e-11 4.52744682e-04
 5.51204795e-04]

 Iteration 100:
############################
Gradient = 
[-0.03645326 -0.13458317 -0.04038192 -0.03511813 -0.11346573 -0.03801399
  0.2003386   0.15002335  0.1490928   0.17755113  0.1099663   0.1107804
  0.19875597  0.11512041  0.11375384  0.1976498   0.13542568  0.13337488
  0.20834818  0.12398815  0.12652469]

Gradient approximate =
[-0.03645326 -0.13724056 -0.04060343 -0.03511813 -0.1154777  -0.03951467
  0.2003386   0.15236312  0.15107478  0.17755113  0.1133297   0.11336775
  0.19875597  0.11741726  0.11713052  0.1976498   0.13844907  0.13435725
  0.20834818  0.12573863  0.12936542]

Diff = 
[3.84641347e-11 2.65738513e-03 2.21516787e-04 2.89053781e-11
 2.01196502e-03 1.50068210e-03 8.30167601e-11 2.33976326e-03
 1.98197898e-03 8.83037532e-11 3.36340373e-03 2.58734562e-03
 7.83120513e-11 2.29684848e-03 3.37668233e-03 6.69002909e-11
 3.02338398e-03 9.82366541e-04 8.39679992e-11 1.75048352e-03
 2.84073263e-03]

 Iteration 200:
############################
Gradient = 
[-0.0277989  -0.09358865 -0.02873234 -0.0294773  -0.08896118 -0.03033985
  0.11371515  0.11074325  0.10904909  0.10715683  0.06960568  0.07026587
  0.12252487  0.07017298  0.06861931  0.11710719  0.09285847  0.09090189
  0.12781558  0.07765745  0.07888543]

Gradient approximate =
[-0.0277989  -0.09800132 -0.0294874  -0.0294773  -0.09255318 -0.03237296
  0.11371515  0.11504189  0.11296353  0.10715683  0.07430656  0.07419852
  0.12252487  0.07384377  0.07334565  0.11710719  0.09759137  0.09355877
  0.12781558  0.08090761  0.08325068]

Diff = 
[2.71748249e-12 4.41267068e-03 7.55063514e-04 3.10328499e-12
 3.59200064e-03 2.03311128e-03 1.21892260e-10 4.29864003e-03
 3.91443827e-03 1.32026834e-10 4.70087596e-03 3.93265435e-03
 1.30604805e-10 3.67078759e-03 4.72634414e-03 1.27449870e-10
 4.73290266e-03 2.65687707e-03 1.21072763e-10 3.25016118e-03
 4.36524164e-03]

 Iteration 300:
############################
Gradient = 
[-0.01699038 -0.05264218 -0.01614858 -0.01952232 -0.05321009 -0.0187741
  0.06112277  0.07499748  0.07425843  0.0665614   0.03958584  0.04068754
  0.07855786  0.03871878  0.03755593  0.06912079  0.05766149  0.05678011
  0.08076136  0.04379934  0.04479411]

Gradient approximate =
[-0.01699038 -0.05812364 -0.01723223 -0.01952232 -0.05784838 -0.02116931
  0.06112277  0.08066912  0.07952813  0.0665614   0.04508652  0.04543352
  0.07855786  0.04318547  0.04305806  0.06912079  0.06350247  0.06052459
  0.08076136  0.04793874  0.05006491]

Diff = 
[2.78305538e-11 5.48145970e-03 1.08364400e-03 2.93698156e-11
 4.63829263e-03 2.39520837e-03 1.46335749e-10 5.67164481e-03
 5.26969596e-03 1.53826701e-10 5.50067679e-03 4.74597548e-03
 1.53880547e-10 4.46669024e-03 5.50213043e-03 1.47274970e-10
 5.84097545e-03 3.74448269e-03 1.46744866e-10 4.13939991e-03
 5.27080310e-03]

 Iteration 400:
############################
Gradient = 
[-0.00991966 -0.0290385  -0.00871739 -0.01265623 -0.03114941 -0.01151105
  0.03087388  0.05117987  0.05093486  0.04385389  0.02120208  0.02246865
  0.05388506  0.01968602  0.01877084  0.04188897  0.03522366  0.03483735
  0.05427703  0.02307126  0.02395546]

Gradient approximate =
[-0.00991966 -0.03511388 -0.00998181 -0.01265623 -0.03640352 -0.01412783
  0.03087388  0.05778076  0.05712694  0.04385389  0.02714567  0.02767542
  0.05388506  0.02457744  0.02468233  0.04188897  0.04174531  0.03925357
  0.05427703  0.02769768  0.02972721]

Diff = 
[1.11954630e-11 6.07537983e-03 1.26441897e-03 4.88477314e-13
 5.25410516e-03 2.61678056e-03 1.58416291e-10 6.60089035e-03
 6.19207100e-03 1.48870395e-10 5.94358592e-03 5.20676614e-03
 1.60856044e-10 4.89142243e-03 5.91149099e-03 1.63680139e-10
 6.52164918e-03 4.41622482e-03 1.54193956e-10 4.62641893e-03
 5.77174871e-03]

 Iteration 500:
############################
Gradient = 
[-0.00546351 -0.01567433 -0.00447234 -0.00826831 -0.01836956 -0.00727442
  0.01309269  0.03621971  0.03617919  0.03080988  0.01026757  0.01157866
  0.03963732  0.00833581  0.00758889  0.02611338  0.02160078  0.02139225
  0.03898778  0.01068043  0.01151726]

Gradient approximate =
[-0.00546351 -0.02207502 -0.00583256 -0.00826831 -0.02398538 -0.0100288
  0.01309269  0.04346478  0.04301354  0.03080988  0.01643963  0.0170332
  0.03963733  0.01342984  0.01369065  0.02611338  0.02853873  0.02622058
  0.03898778  0.01555162  0.01754655]

Diff = 
[4.93234707e-12 6.40068872e-03 1.36021985e-03 1.63412946e-11
 5.61582650e-03 2.75437787e-03 1.67332523e-10 7.24507300e-03
 6.83434525e-03 1.58648379e-10 6.17205562e-03 5.45453909e-03
 1.63734304e-10 5.09403632e-03 6.10176014e-03 1.66752109e-10
 6.93794700e-03 4.82833217e-03 1.63746440e-10 4.87118914e-03
 6.02929093e-03]

 Iteration 600:
############################
Gradient = 
[-0.00255482 -0.00785303 -0.00198204 -0.00539865 -0.01080335 -0.00476647
  0.00233258  0.02682386  0.02685588  0.02310948  0.00373663  0.00504875
  0.03116735  0.00149413  0.00088094  0.01672638  0.01333668  0.01315839
  0.02990542  0.00321095  0.00404448]

Gradient approximate =
[-0.00255482 -0.01442472 -0.00338898 -0.00539865 -0.01663253 -0.00760924
  0.00233258  0.03453441  0.03415573  0.02310948  0.01000947  0.01062367
  0.03116735  0.00665775  0.00704216  0.01672638  0.02053069  0.01824003
  0.02990542  0.00818167  0.0101857 ]

Diff = 
[3.24036071e-11 6.57169374e-03 1.40693904e-03 2.08213021e-11
 5.82917294e-03 2.84276737e-03 1.68279625e-10 7.71054450e-03
 7.29985365e-03 1.50992458e-10 6.27284074e-03 5.57491651e-03
 1.59859747e-10 5.16362062e-03 6.16121966e-03 1.59415457e-10
 7.19401579e-03 5.08163691e-03 1.59064342e-10 4.97071518e-03
 6.14122851e-03]

 Iteration 700:
############################
Gradient = 
[-0.00056492 -0.00315211 -0.0004844  -0.00344048 -0.00619773 -0.00324753
 -0.00431933  0.02086278  0.02090844  0.01847049 -0.00018977  0.00110746
  0.02602093 -0.00268016 -0.00317577  0.01102516  0.0082957   0.00807622
  0.02439    -0.00134327 -0.00048336]

Gradient approximate =
[-0.00056492 -0.00980331 -0.00190892 -0.00344048 -0.01215127 -0.00614925
 -0.00431933  0.02892605  0.02856165  0.01847049  0.00610736  0.00672612
  0.02602093  0.00247241  0.00296613  0.01102516  0.01564834  0.01331357
  0.02439     0.00363896  0.00568197]

Diff = 
[1.20066787e-11 6.65120297e-03 1.42451851e-03 8.13286504e-13
 5.95353902e-03 2.90171938e-03 1.52876094e-10 8.06327593e-03
 7.65320990e-03 1.58337267e-10 6.29712230e-03 5.61866866e-03
 1.58856546e-10 5.15256332e-03 6.14189921e-03 1.71301603e-10
 7.35263709e-03 5.23735594e-03 1.48893595e-10 4.98222292e-03
 6.16533274e-03]

 Iteration 800:
############################
Gradient = 
[ 0.00086623 -0.00029222  0.00042893 -0.00203781 -0.00333069 -0.00231079
 -0.00848288  0.0170438   0.01707792  0.01563379 -0.00255738 -0.00128077
  0.02284263 -0.00525195 -0.00563898  0.0075133   0.00521232  0.00491596
  0.0209851  -0.00414546 -0.00323973]

Gradient approximate =
[ 0.00086623 -0.00696756 -0.00099551 -0.00203781 -0.00935384 -0.00525348
 -0.00848288  0.02538795  0.02501262  0.01563379  0.00371795  0.0043353
  0.02284263 -0.00015988  0.00043585  0.0075133   0.01266405  0.01024859
  0.0209851   0.00079437  0.00289635]

Diff = 
[2.53965857e-11 6.67534490e-03 1.42444473e-03 1.12714035e-11
 6.02315902e-03 2.94268637e-03 1.58857412e-10 8.34414968e-03
 7.93469812e-03 1.55834304e-10 6.27533109e-03 5.61607624e-03
 1.52205533e-10 5.09207593e-03 6.07483078e-03 1.54277710e-10
 7.45172175e-03 5.33262998e-03 1.61662746e-10 4.93983059e-03
 6.13608436e-03]

 Iteration 900:
############################
Gradient = 
[ 0.00194983  0.0014387   0.00098662 -0.00098    -0.00151606 -0.00172633
 -0.01110002  0.01457853  0.0145921   0.01387744 -0.00398282 -0.00272857
  0.0208533  -0.00684877 -0.00713371  0.00532891  0.00333032  0.00293955
  0.01885465 -0.00588147 -0.00491763]

Gradient approximate =
[ 0.00194983 -0.00522713 -0.00042697 -0.00098    -0.00757448 -0.00469882
 -0.01110002  0.02315735  0.02276183  0.01387744  0.00224294  0.00285681
  0.0208533  -0.00184775 -0.00115495  0.00532891  0.01084473  0.00832976
  0.01885465 -0.00101731  0.00115671]

Diff = 
[9.75716404e-12 6.66582800e-03 1.41358694e-03 2.29960083e-12
 6.05842472e-03 2.97249676e-03 1.47041716e-10 8.57881894e-03
 8.16972964e-03 1.57884549e-10 6.22576684e-03 5.58538748e-03
 1.60962955e-10 5.00102318e-03 5.97876687e-03 1.41991969e-10
 7.51440886e-03 5.39021441e-03 1.66296445e-10 4.86416523e-03
 6.07434452e-03]

 