Iteration 0:
############################
Gradient = 
[-0.00100187 -0.01531568 -0.00570566 -0.00040129 -0.00604061 -0.00229405
  0.00061383 -0.00810309  0.00148482  0.00045035 -0.00598855  0.01651114
  0.00060151  0.00874618  0.00633997 -0.00057169 -0.01710897 -0.00477289
  0.01143728 -0.00958009  0.00684157  0.00399195  0.01114407 -0.00583067
  0.01912067  0.018039   -0.00545149 -0.00799502 -0.00296933  0.01493398
  0.02226645 -0.00818934  0.00457444  0.01092633  0.01620109  0.01517163
 -0.00583189 -0.01239166  0.01493834  0.01248691  0.01061684 -0.00244965
  0.01378801  0.01297373  0.02384359 -0.01007827  0.00766914 -0.00291051
 -0.00101888  0.01880332 -0.00650454  0.01810233  0.00700506 -0.02368848
  0.00533849 -0.0151061  -0.02676076 -0.01866868 -0.01515817 -0.00122137
  0.2938436   0.14625376  0.14442468  0.15977981  0.1674157   0.14943919
  0.1484415   0.31628503  0.15077402  0.17105754  0.17528865  0.18008723
  0.16557185  0.14347049  0.29300426  0.14964216  0.15840323  0.16633642
  0.13908223  0.1451217   0.12986576  0.34057314  0.18327957  0.17133271
  0.18915631  0.19198289  0.16024166  0.16087332  0.31218443  0.16040328
  0.16051087  0.15492969  0.16413844  0.15968323  0.1401534 ]

Gradient approximate =
[-5.78920685e-04 -2.70369856e-03 -1.02052396e-03 -5.55646251e-04
 -2.43639203e-03 -9.53522785e-04 -7.63974335e-04 -3.47272177e-03
 -1.17303649e-03 -3.84560384e-06  3.70852451e-04  2.95977678e-04
  1.24766444e-04  5.14155596e-04  3.63766344e-04  2.78436674e-05
 -2.66515314e-04 -2.01188779e-04  8.05027409e-03  3.10782411e-03
  3.80321869e-03  3.63636200e-03  3.99965002e-03  4.30101002e-03
  3.10223949e-03  2.09721949e-02  8.44700328e-03  9.87378425e-03
  9.58133066e-03  1.03726963e-02  1.13195994e-02  8.02269378e-03
 -6.70569699e-03 -2.54143752e-03 -3.05739083e-03 -2.93791605e-03
 -3.44135400e-03 -3.77825319e-03 -2.37298763e-03 -1.40787923e-02
 -5.80894139e-03 -6.78711120e-03  2.93485939e-01  1.40760213e-01
  1.41167406e-01  1.54647734e-01  1.63411934e-01  1.49532746e-01
  1.51916847e-01  3.41162929e-01  1.69384653e-01  1.69471884e-01
  1.84272507e-01  1.87659062e-01  1.70185748e-01  1.73238444e-01
  2.69506858e-01  1.35423075e-01  1.35103173e-01  1.46879805e-01
  1.38739399e-01  1.29757533e-01  1.31972503e-01  3.24719050e-01
  1.59914361e-01  1.60111577e-01  1.74168847e-01  1.70483257e-01
  1.59114858e-01  1.61737310e-01  3.25788167e-01  1.60625771e-01
  1.60088312e-01  1.75133637e-01  1.70954230e-01  1.59624575e-01
  1.62287400e-01  0.00000000e+00  0.00000000e+00  0.00000000e+00
  0.00000000e+00  0.00000000e+00  0.00000000e+00  0.00000000e+00
  0.00000000e+00  0.00000000e+00  0.00000000e+00  0.00000000e+00
  0.00000000e+00  0.00000000e+00  0.00000000e+00  0.00000000e+00
  0.00000000e+00  0.00000000e+00  0.00000000e+00]

Diff = 
[4.22945907e-04 1.26119813e-02 4.68513577e-03 1.54351268e-04
 3.60422107e-03 1.34052451e-03 1.37780190e-03 4.63036645e-03
 2.65785406e-03 4.54191494e-04 6.35940703e-03 1.62151623e-02
 4.76745641e-04 8.23202295e-03 5.97620333e-03 5.99531462e-04
 1.68424526e-02 4.57170438e-03 3.38700755e-03 1.26879147e-02
 3.03834949e-03 3.55583857e-04 7.14442406e-03 1.01316805e-02
 1.60184279e-02 2.93319784e-03 1.38984953e-02 1.78688047e-02
 1.25506639e-02 4.56128713e-03 1.09468528e-02 1.62120380e-02
 1.12801411e-02 1.34677715e-02 1.92584853e-02 1.81095460e-02
 2.39053671e-03 8.61340843e-03 1.73113283e-02 2.65656992e-02
 1.64257839e-02 4.33746166e-03 2.79697926e-01 1.27786485e-01
 1.17323819e-01 1.64726003e-01 1.55742792e-01 1.52443252e-01
 1.52935730e-01 3.22359607e-01 1.75889198e-01 1.51369554e-01
 1.77267450e-01 2.11347545e-01 1.64847258e-01 1.88344541e-01
 2.96267620e-01 1.54091751e-01 1.50261346e-01 1.48101175e-01
 1.55104197e-01 1.64962285e-02 1.24521727e-02 1.64939243e-01
 7.50134036e-03 1.06723832e-02 2.57273496e-02 1.45801768e-01
 8.34083975e-03 9.32022717e-03 1.50499519e-01 1.94614587e-02
 5.48353374e-03 3.16631509e-02 1.22050027e-01 9.98241475e-03
 3.88417040e-03 1.66336416e-01 1.39082232e-01 1.45121698e-01
 1.29865756e-01 3.40573137e-01 1.83279567e-01 1.71332714e-01
 1.89156310e-01 1.91982895e-01 1.60241664e-01 1.60873324e-01
 3.12184431e-01 1.60403284e-01 1.60510874e-01 1.54929694e-01
 1.64138437e-01 1.59683232e-01 1.40153399e-01]

 Iteration 100:
############################
Gradient = 
[-8.01786762e-04 -1.30029968e-02 -4.73182285e-03  6.83260468e-06
 -4.18959661e-03 -1.75184044e-03 -9.26325526e-04 -1.19368868e-02
 -3.09256610e-04 -2.05537662e-04 -6.88720272e-03  1.33922178e-02
 -8.90415560e-04  2.89240531e-03  4.14355109e-03 -7.18546672e-05
 -1.32293419e-02 -3.69854963e-03 -8.37405725e-03 -1.56626956e-02
 -2.76250061e-03 -5.05011567e-03  7.27873266e-04 -1.40819246e-02
  8.81645092e-03  4.54435034e-03 -1.00109304e-02 -1.27278896e-02
 -8.45014352e-03  6.50993958e-03  1.25013108e-02 -1.21769309e-02
 -1.52663871e-02  1.99215567e-03  5.44209444e-03  4.71202124e-03
 -1.33215282e-02 -1.94518804e-02  5.70671561e-03 -4.55560190e-02
 -1.27428701e-02 -2.65189777e-02 -1.24859711e-02 -1.38568853e-02
 -6.36782092e-03 -2.92555143e-02 -1.24576969e-02 -1.02014221e-02
 -9.56670148e-03  7.24654143e-03 -1.43251957e-02  5.87869509e-03
 -1.52935465e-03 -1.51874868e-02  6.74839748e-03 -1.00411855e-02
 -1.99803508e-02 -1.28474927e-02 -9.69623928e-03  1.14125112e-03
  3.09106210e-01  1.61427737e-01  1.69037522e-01  1.57208333e-01
  1.55726790e-01  1.47303781e-01  1.51557448e-01  3.35619693e-01
  1.57842490e-01  1.76486446e-01  1.85868971e-01  1.85495383e-01
  1.78546613e-01  1.65931612e-01  1.90211642e-01  8.88074793e-02
  9.08289735e-02  1.11154664e-01  3.46189624e-02  6.84447510e-02
  6.62797650e-02  1.49066108e-01  6.11316510e-02  5.40724342e-02
  5.79702080e-02  2.09436120e-02  4.16613043e-02  6.00030081e-02
  1.59164938e-01  6.19419303e-02  5.76804323e-02  4.45433593e-02
  4.30837883e-02  6.53681184e-02  7.60424924e-02]

Gradient approximate =
[-3.41439277e-05 -5.53633128e-04 -5.29543569e-04 -4.66993129e-04
 -2.02167084e-03 -6.96408538e-04 -3.96608464e-04 -1.96729506e-03
 -7.31765504e-04 -1.71520531e-05  1.56150968e-04  1.65203398e-04
  4.00108582e-04  1.51641903e-03  3.38795603e-04 -3.61455290e-04
 -1.70620104e-03 -5.26150028e-04 -6.07940812e-03 -2.77401714e-03
 -2.97108596e-03 -2.96127536e-03 -2.89973434e-03 -3.17226054e-03
 -2.53280157e-03  1.69403340e-02  7.12151358e-03  8.08314714e-03
  8.01156244e-03  8.48724750e-03  9.02656717e-03  6.77776089e-03
 -1.90182978e-03 -5.88080340e-04 -7.78456457e-04 -7.13256096e-04
 -9.57711894e-04 -1.18524472e-03 -4.93138723e-04  5.97560519e-04
  3.98996891e-04  3.02592129e-04  3.09482378e-01  1.53114222e-01
  1.52223074e-01  1.67473227e-01  1.70174124e-01  1.53245420e-01
  1.56292347e-01  3.37003893e-01  1.67279253e-01  1.65492779e-01
  1.83450958e-01  1.91234746e-01  1.69341732e-01  1.73040058e-01
  3.13204391e-01  1.57322183e-01  1.55434011e-01  1.71936604e-01
  1.67407668e-01  1.51944566e-01  1.55272266e-01  2.84064335e-01
  1.40452924e-01  1.39145923e-01  1.53970665e-01  1.54092954e-01
  1.39710967e-01  1.42701948e-01  3.00212285e-01  1.48677907e-01
  1.46717842e-01  1.63114693e-01  1.62739092e-01  1.47629406e-01
  1.50767378e-01  0.00000000e+00  0.00000000e+00  0.00000000e+00
  0.00000000e+00  0.00000000e+00  0.00000000e+00  0.00000000e+00
  0.00000000e+00  0.00000000e+00  0.00000000e+00  0.00000000e+00
  0.00000000e+00  0.00000000e+00  0.00000000e+00  0.00000000e+00
  0.00000000e+00  0.00000000e+00  0.00000000e+00]

Diff = 
[7.67642834e-04 1.24493636e-02 4.20227928e-03 4.73825733e-04
 2.16792576e-03 1.05543190e-03 5.29717062e-04 9.96959169e-03
 4.22508894e-04 1.88385609e-04 7.04335369e-03 1.32270144e-02
 1.29052414e-03 1.37598628e-03 3.80475548e-03 2.89600623e-04
 1.15231409e-02 3.17239960e-03 2.29464914e-03 1.28886785e-02
 2.08585354e-04 2.08884031e-03 3.62760760e-03 1.09096640e-02
 1.13492525e-02 1.23959836e-02 1.71324440e-02 2.08110368e-02
 1.64617060e-02 1.97730792e-03 3.47474365e-03 1.89546918e-02
 1.33645573e-02 2.58023601e-03 6.22055089e-03 5.42527733e-03
 1.23638163e-02 1.82666357e-02 6.19985433e-03 4.61535795e-02
 1.31418670e-02 2.68215698e-02 3.21968349e-01 1.66971107e-01
 1.58590895e-01 1.96728741e-01 1.82631821e-01 1.63446842e-01
 1.65859048e-01 3.29757352e-01 1.81604449e-01 1.59614084e-01
 1.84980313e-01 2.06422232e-01 1.62593335e-01 1.83081243e-01
 3.33184742e-01 1.70169675e-01 1.65130250e-01 1.70795353e-01
 1.41698541e-01 9.48317097e-03 1.37652565e-02 1.26856002e-01
 1.52738666e-02 8.15785833e-03 2.41321689e-03 1.81526740e-01
 1.81315228e-02 3.37844973e-02 1.14343314e-01 3.68174757e-02
 3.18287702e-02 2.81691982e-03 2.74725497e-02 5.88219266e-02
 5.99384045e-02 1.11154664e-01 3.46189624e-02 6.84447510e-02
 6.62797650e-02 1.49066108e-01 6.11316510e-02 5.40724342e-02
 5.79702080e-02 2.09436120e-02 4.16613043e-02 6.00030081e-02
 1.59164938e-01 6.19419303e-02 5.76804323e-02 4.45433593e-02
 4.30837883e-02 6.53681184e-02 7.60424924e-02]

 Iteration 200:
############################
Gradient = 
[-6.98128322e-04 -1.01600144e-02 -3.46455194e-03 -2.06594194e-04
 -4.12899572e-03 -1.61114432e-03 -5.28945550e-04 -8.12825466e-03
  5.61780441e-04 -2.00367896e-04 -5.56407326e-03  1.14507199e-02
 -5.48127599e-04  4.26661457e-03  4.39126691e-03 -2.02573675e-04
 -1.13414454e-02 -3.12664546e-03 -9.85813310e-04 -1.01978097e-02
  1.06877460e-03 -9.08700886e-04  4.05072537e-03 -8.15704140e-03
  1.02830296e-02  1.15532179e-02 -5.43980750e-03 -7.45278528e-03
 -3.82963395e-03  8.76996154e-03  1.39989787e-02 -7.40627468e-03
 -2.60700192e-03  6.66613441e-03  1.02808893e-02  9.56543982e-03
 -5.39699892e-03 -1.01146592e-02  9.55044163e-03 -2.48742970e-02
 -2.81731876e-03 -1.30772915e-02 -1.49492916e-03 -1.98998377e-03
  5.14679478e-03 -1.71652711e-02 -5.43748926e-03 -5.91572045e-03
 -4.89281273e-03  9.18707983e-03 -8.73286764e-03  8.60665602e-03
  1.23001883e-03 -1.20718184e-02  6.78728649e-03 -7.03252269e-03
 -1.55022660e-02 -9.23935972e-03 -6.36508818e-03  1.96754574e-03
  3.19116833e-01  1.69323674e-01  1.73882508e-01  1.68092987e-01
  1.68619167e-01  1.55125468e-01  1.60943641e-01  3.37314428e-01
  1.62175844e-01  1.75969853e-01  1.88109832e-01  1.95151500e-01
  1.79869057e-01  1.71540383e-01  1.15564347e-01  5.43692817e-02
  5.58521749e-02  7.08293766e-02 -5.75039746e-02  3.88500810e-03
  4.59614965e-04 -1.34949008e-03 -4.11484223e-02 -4.54971315e-02
 -5.03962708e-02 -1.18203139e-01 -5.97446160e-02 -4.57123135e-02
  3.02325415e-02 -3.43566231e-02 -3.60216206e-02 -5.42321847e-02
 -5.24187972e-02 -1.01879273e-02 -9.74469376e-04]

Gradient approximate =
[ 5.88938454e-06 -3.71420823e-04 -4.20163695e-04 -3.58452781e-04
 -1.58199814e-03 -5.74949361e-04 -2.19212419e-04 -1.24093900e-03
 -5.07339628e-04  2.39997933e-05  1.91546445e-04  1.22844124e-04
  3.93355617e-04  1.38924008e-03  2.86389583e-04 -1.92989538e-04
 -1.02639727e-03 -3.33659322e-04 -1.49736507e-03 -7.83012122e-04
 -7.47320528e-04 -7.60740049e-04 -6.48527509e-04 -7.65000601e-04
 -6.48404010e-04  1.77890474e-02  7.73230823e-03  8.59233641e-03
  8.60809505e-03  8.91754008e-03  9.37691693e-03  7.37273241e-03
  1.23294243e-03  7.00135458e-04  7.11015111e-04  7.41627695e-04
  5.98621650e-04  5.10069640e-04  7.22948321e-04  4.26000036e-03
  2.03101801e-03  2.11468339e-03  3.21303952e-01  1.61295202e-01
  1.58625040e-01  1.75790894e-01  1.83947994e-01  1.60776071e-01
  1.65641403e-01  3.39996939e-01  1.70871208e-01  1.67461013e-01
  1.86688299e-01  2.00418189e-01  1.72719118e-01  1.78149317e-01
  3.24625435e-01  1.64860673e-01  1.61431436e-01  1.79561245e-01
  1.78800808e-01  1.58437539e-01  1.63399573e-01  2.93656384e-01
  1.46441768e-01  1.43570619e-01  1.60269268e-01  1.64554292e-01
  1.45737655e-01  1.50244903e-01  3.07715688e-01  1.53677278e-01
  1.50211693e-01  1.68241853e-01  1.72417252e-01  1.52722450e-01
  1.57436294e-01  0.00000000e+00  0.00000000e+00  0.00000000e+00
  0.00000000e+00  0.00000000e+00  0.00000000e+00  0.00000000e+00
  0.00000000e+00  0.00000000e+00  0.00000000e+00  0.00000000e+00
  0.00000000e+00  0.00000000e+00  0.00000000e+00  0.00000000e+00
  0.00000000e+00  0.00000000e+00  0.00000000e+00]

Diff = 
[7.04017706e-04 9.78859355e-03 3.04438825e-03 1.51858587e-04
 2.54699758e-03 1.03619495e-03 3.09733131e-04 6.88731565e-03
 1.06912007e-03 2.24367689e-04 5.75561971e-03 1.13278758e-02
 9.41483216e-04 2.87737449e-03 4.10487732e-03 9.58413711e-06
 1.03150481e-02 2.79298613e-03 5.11551758e-04 9.41479755e-03
 1.81609512e-03 1.47960838e-04 4.69925288e-03 7.39204080e-03
 1.09314336e-02 6.23582947e-03 1.31721157e-02 1.60451217e-02
 1.24377290e-02 1.47578541e-04 4.62206179e-03 1.47790071e-02
 3.83994436e-03 5.96599895e-03 9.56987423e-03 8.82381212e-03
 5.99562057e-03 1.06247288e-02 8.82749331e-03 2.91342974e-02
 4.84833677e-03 1.51919749e-02 3.22798881e-01 1.63285185e-01
 1.53478245e-01 1.92956165e-01 1.89385483e-01 1.66691792e-01
 1.70534216e-01 3.30809860e-01 1.79604076e-01 1.58854357e-01
 1.85458280e-01 2.12490007e-01 1.65931831e-01 1.85181840e-01
 3.40127701e-01 1.74100033e-01 1.67796525e-01 1.77593700e-01
 1.40316025e-01 1.08861350e-02 1.04829352e-02 1.25563397e-01
 2.21773985e-02 1.15548492e-02 6.74372658e-04 1.72760136e-01
 1.64381891e-02 2.57249503e-02 1.19605856e-01 4.14742213e-02
 2.96573638e-02 3.29852971e-03 5.68529050e-02 9.83531685e-02
 1.01584120e-01 7.08293766e-02 5.75039746e-02 3.88500810e-03
 4.59614965e-04 1.34949008e-03 4.11484223e-02 4.54971315e-02
 5.03962708e-02 1.18203139e-01 5.97446160e-02 4.57123135e-02
 3.02325415e-02 3.43566231e-02 3.60216206e-02 5.42321847e-02
 5.24187972e-02 1.01879273e-02 9.74469376e-04]

 Iteration 300:
############################
Gradient = 
[-2.45830525e-04 -6.88265259e-03 -2.16270562e-03 -2.85921700e-04
 -3.77475134e-03 -1.41728674e-03  1.96999176e-04 -4.17953856e-03
  1.50086818e-03  1.18562764e-04 -3.63499729e-03  1.00556507e-02
  3.41007355e-04  6.79414811e-03  4.98869094e-03 -1.76733101e-05
 -8.85682956e-03 -2.37833909e-03  1.71856419e-02 -1.02075662e-03
  9.17463507e-03  7.51831490e-03  1.17317876e-02  1.73024369e-03
  1.59402620e-02  2.75020239e-02  2.16791273e-03  1.02598078e-03
  4.10381588e-03  1.46954375e-02  1.92553371e-02  2.64128029e-04
  1.81123094e-02  1.41823232e-02  1.80563851e-02  1.74614784e-02
  4.94002313e-03  1.31857663e-03  1.62628183e-02  1.66287962e-02
  1.46377917e-02  7.74639588e-03  1.75124931e-02  1.74501904e-02
  2.41979650e-02  1.82590842e-03  1.26974231e-02  2.46524950e-03
  4.09330430e-03  1.59575918e-02  1.00959835e-03  1.59304566e-02
  8.17156974e-03  4.86250305e-03  1.26469691e-02  1.74012354e-03
 -5.40434138e-03  4.95873086e-05  2.79015013e-03  8.28317616e-03
  3.15182509e-01  1.64798336e-01  1.66857124e-01  1.65282637e-01
  1.65197915e-01  1.52331546e-01  1.59727103e-01  3.32195076e-01
  1.58919725e-01  1.68753430e-01  1.82281064e-01  1.92320668e-01
  1.74485419e-01  1.70112536e-01  4.78378635e-02  2.11600622e-02
  2.27842422e-02  3.25883374e-02 -1.49961189e-01 -5.86710619e-02
 -6.34223842e-02 -9.62640844e-02 -1.16905682e-01 -1.17574689e-01
 -1.29138226e-01 -2.28511072e-01 -1.34080525e-01 -1.24044278e-01
 -5.11948736e-02 -1.08148609e-01 -1.05766310e-01 -1.27754178e-01
 -1.11775725e-01 -5.68354729e-02 -4.94152212e-02]

Gradient approximate =
[-1.49833301e-05 -3.63253310e-04 -3.57185064e-04 -2.79162959e-04
 -1.22484889e-03 -4.55920353e-04 -1.78597672e-04 -1.01149144e-03
 -4.16734902e-04 -1.50789869e-05 -2.54403010e-05  3.30498251e-05
  2.47414387e-04  8.21405364e-04  1.26830997e-04 -1.55279698e-04
 -8.26137452e-04 -2.69131655e-04 -1.28746743e-03 -6.65732596e-04
 -6.42558593e-04 -6.49701319e-04 -5.58418496e-04 -6.68843421e-04
 -5.47517838e-04  1.50005559e-02  6.65906047e-03  7.30658970e-03
  7.33774594e-03  7.51885485e-03  7.78145288e-03  6.37764648e-03
  1.32938291e-03  7.11553199e-04  7.35748023e-04  7.62047696e-04
  6.48558114e-04  5.81396542e-04  7.25225344e-04  3.62218523e-03
  1.76893503e-03  1.81656877e-03  3.17075170e-01  1.57778798e-01
  1.53724723e-01  1.71424371e-01  1.80384952e-01  1.57378816e-01
  1.64010993e-01  3.34535885e-01  1.66613442e-01  1.61940405e-01
  1.81352208e-01  1.95216955e-01  1.68271840e-01  1.75463901e-01
  3.22690881e-01  1.62153073e-01  1.57487013e-01  1.76058644e-01
  1.77495681e-01  1.56678951e-01  1.63437210e-01  2.92839339e-01
  1.44846172e-01  1.40817117e-01  1.57898531e-01  1.63490494e-01
  1.44263224e-01  1.50446209e-01  3.08527262e-01  1.52786268e-01
  1.48175045e-01  1.66555514e-01  1.72236881e-01  1.51997969e-01
  1.58505989e-01  0.00000000e+00  0.00000000e+00  0.00000000e+00
  0.00000000e+00  0.00000000e+00  0.00000000e+00  0.00000000e+00
  0.00000000e+00  0.00000000e+00  0.00000000e+00  0.00000000e+00
  0.00000000e+00  0.00000000e+00  0.00000000e+00  0.00000000e+00
  0.00000000e+00  0.00000000e+00  0.00000000e+00]

Diff = 
[2.30847194e-04 6.51939928e-03 1.80552055e-03 6.75874021e-06
 2.54990245e-03 9.61366388e-04 3.75596848e-04 3.16804712e-03
 1.91760308e-03 1.33641751e-04 3.60955698e-03 1.00226009e-02
 9.35929686e-05 5.97274274e-03 4.86185994e-03 1.37606388e-04
 8.03069211e-03 2.10920743e-03 1.84731093e-02 3.55024028e-04
 9.81719366e-03 8.16801622e-03 1.22902061e-02 2.39908711e-03
 1.64877799e-02 1.25014680e-02 4.49114774e-03 6.28060893e-03
 3.23393006e-03 7.17658263e-03 1.14738842e-02 6.11351845e-03
 1.67829265e-02 1.34707700e-02 1.73206371e-02 1.66994307e-02
 4.29146502e-03 7.37180089e-04 1.55375929e-02 1.30066110e-02
 1.28688567e-02 5.92982712e-03 2.99562676e-01 1.40328607e-01
 1.29526758e-01 1.69598462e-01 1.67687529e-01 1.54913566e-01
 1.59917689e-01 3.18578293e-01 1.65603844e-01 1.46009948e-01
 1.73180638e-01 1.90354451e-01 1.55624871e-01 1.73723777e-01
 3.28095222e-01 1.62103485e-01 1.54696862e-01 1.67775467e-01
 1.37686828e-01 8.11938557e-03 3.41991362e-03 1.27556702e-01
 2.03517435e-02 1.15144290e-02 1.82857167e-03 1.68704581e-01
 1.46565003e-02 1.83072209e-02 1.26246199e-01 3.95343997e-02
 2.63103746e-02 3.55702128e-03 1.24399018e-01 1.30837907e-01
 1.35721747e-01 3.25883374e-02 1.49961189e-01 5.86710619e-02
 6.34223842e-02 9.62640844e-02 1.16905682e-01 1.17574689e-01
 1.29138226e-01 2.28511072e-01 1.34080525e-01 1.24044278e-01
 5.11948736e-02 1.08148609e-01 1.05766310e-01 1.27754178e-01
 1.11775725e-01 5.68354729e-02 4.94152212e-02]

 Iteration 400:
############################
Gradient = 
[-5.40282979e-04 -7.39580164e-03 -2.36144122e-03 -1.05070832e-03
 -6.46279702e-03 -2.43843160e-03 -3.42595931e-05 -4.95348266e-03
  7.30005817e-04 -4.03569501e-04 -5.60867790e-03  7.49583222e-03
  1.91373098e-04  4.45347986e-03  3.77850941e-03 -4.73162403e-04
 -9.56609326e-03 -2.84652909e-03  3.49883577e-02  6.76718305e-03
  1.59795611e-02  1.45290399e-02  1.80460428e-02  9.57704759e-03
  2.08450317e-02  4.22506972e-02  8.24016514e-03  7.76339278e-03
  1.02907830e-02  1.91578670e-02  2.28502413e-02  6.48370236e-03
  3.73529366e-02  2.01605081e-02  2.41103222e-02  2.35545729e-02
  1.29943891e-02  9.92257627e-03  2.16702683e-02  5.68179691e-02
  2.93726591e-02  2.50518555e-02  3.31828443e-02  3.32371348e-02
  3.88937956e-02  1.80555529e-02  3.06306971e-02  9.69649661e-03
  1.17335212e-02  2.16727629e-02  9.11838546e-03  2.16527305e-02
  1.42799084e-02  2.30852903e-02  1.83662339e-02  9.85811040e-03
  3.79021176e-03  8.44417062e-03  1.07617056e-02  1.44473977e-02
  2.95960901e-01  1.46654285e-01  1.47212676e-01  1.48007634e-01
  1.43243809e-01  1.37686425e-01  1.45993199e-01  3.18004145e-01
  1.46384706e-01  1.53446938e-01  1.67011268e-01  1.73902258e-01
  1.60386284e-01  1.59084213e-01 -2.54804426e-03 -4.53385413e-03
 -2.54163913e-03  3.41070316e-03 -2.30453058e-01 -1.10259702e-01
 -1.16310322e-01 -1.43108740e-01 -1.64583370e-01 -1.62662343e-01
 -1.78103097e-01 -3.06658477e-01 -1.81360208e-01 -1.74501623e-01
 -9.57270726e-02 -1.60342294e-01 -1.54300894e-01 -1.78393948e-01
 -1.37875616e-01 -7.87654719e-02 -7.31111173e-02]

Gradient approximate =
[-2.23251928e-05 -2.23950600e-04 -2.53734298e-04 -1.62568021e-04
 -6.49740077e-04 -2.58239221e-04 -1.81574136e-04 -8.79832236e-04
 -3.48400360e-04 -4.51617033e-05 -1.13207412e-04 -5.20710142e-07
  8.27526536e-05  2.91898703e-04 -7.98772382e-06 -1.63582048e-04
 -7.36369150e-04 -2.29176245e-04 -6.50015819e-03 -3.03910716e-03
 -3.24868617e-03 -3.24167834e-03 -3.17952480e-03 -3.32767464e-03
 -2.84874134e-03  8.26228027e-03  3.69929215e-03  4.03508393e-03
  4.04324933e-03  4.14921713e-03  4.21218575e-03  3.56216904e-03
 -2.23674231e-03 -9.44086600e-04 -1.06492119e-03 -1.03494173e-03
 -1.13729101e-03 -1.22548158e-03 -8.77509023e-04 -2.42345567e-03
 -1.00533418e-03 -1.20227590e-03  2.94836269e-01  1.40999061e-01
  1.36417613e-01  1.53234687e-01  1.57592331e-01  1.41702332e-01
  1.49384295e-01  3.18054960e-01  1.52702356e-01  1.47534128e-01
  1.65986872e-01  1.73428020e-01  1.54211699e-01  1.62606197e-01
  3.05757962e-01  1.47891320e-01  1.42766580e-01  1.60461406e-01
  1.61869133e-01  1.45466662e-01  1.53544972e-01  2.80290685e-01
  1.34588495e-01  1.30149533e-01  1.46183513e-01  1.49381621e-01
  1.34180886e-01  1.41607961e-01  3.00014831e-01  1.44179110e-01
  1.39134058e-01  1.56561802e-01  1.59814879e-01  1.43600478e-01
  1.51541635e-01  0.00000000e+00  0.00000000e+00  0.00000000e+00
  0.00000000e+00  0.00000000e+00  0.00000000e+00  0.00000000e+00
  0.00000000e+00  0.00000000e+00  0.00000000e+00  0.00000000e+00
  0.00000000e+00  0.00000000e+00  0.00000000e+00  0.00000000e+00
  0.00000000e+00  0.00000000e+00  0.00000000e+00]

Diff = 
[5.17957786e-04 7.17185104e-03 2.10770692e-03 8.88140301e-04
 5.81305694e-03 2.18019238e-03 1.47314543e-04 4.07365043e-03
 1.07840618e-03 3.58407797e-04 5.49547049e-03 7.49635293e-03
 1.08620444e-04 4.16158115e-03 3.78649713e-03 3.09580355e-04
 8.82972411e-03 2.61735285e-03 4.14885159e-02 9.80629021e-03
 1.92282472e-02 1.77707182e-02 2.12255676e-02 1.29047222e-02
 2.36937730e-02 3.39884170e-02 4.54087300e-03 3.72830885e-03
 6.24753368e-03 1.50086499e-02 1.86380556e-02 2.92153331e-03
 3.95896789e-02 2.11045947e-02 2.51752434e-02 2.45895147e-02
 1.41316801e-02 1.11480579e-02 2.25477773e-02 5.92414248e-02
 3.03779933e-02 2.62541314e-02 2.61653425e-01 1.07761927e-01
 9.75238173e-02 1.35179134e-01 1.26961634e-01 1.32005835e-01
 1.37650774e-01 2.96382198e-01 1.43583971e-01 1.25881397e-01
 1.51706964e-01 1.50342730e-01 1.35845466e-01 1.52748086e-01
 3.01967750e-01 1.39447150e-01 1.32004874e-01 1.46014008e-01
 1.34091768e-01 1.18762304e-03 6.33229556e-03 1.32283050e-01
 8.65531422e-03 7.53689210e-03 1.90314016e-04 1.68622524e-01
 1.22038199e-02 1.18389766e-02 1.33003563e-01 2.97231484e-02
 2.12522264e-02 2.52241100e-03 1.62362923e-01 1.48134332e-01
 1.54083274e-01 3.41070316e-03 2.30453058e-01 1.10259702e-01
 1.16310322e-01 1.43108740e-01 1.64583370e-01 1.62662343e-01
 1.78103097e-01 3.06658477e-01 1.81360208e-01 1.74501623e-01
 9.57270726e-02 1.60342294e-01 1.54300894e-01 1.78393948e-01
 1.37875616e-01 7.87654719e-02 7.31111173e-02]

 Iteration 500:
############################
Gradient = 
[-2.15389464e-03 -1.29651914e-02 -4.58368731e-03 -3.04332670e-03
 -1.35023117e-02 -5.21720247e-03 -1.78935458e-03 -1.15068475e-02
 -2.23522317e-03 -2.31930607e-03 -1.26492352e-02  3.21544865e-03
 -1.57332341e-03 -3.75266182e-03  2.99209712e-04 -2.13111614e-03
 -1.48378234e-02 -5.08424123e-03  4.81704795e-02  1.17675291e-02
  2.00236627e-02  1.86436116e-02  2.15731650e-02  1.41194956e-02
  2.35430443e-02  5.29578762e-02  1.20209674e-02  1.20176388e-02
  1.39825107e-02  2.14134145e-02  2.41522058e-02  1.04967650e-02
  5.22182109e-02  2.37776218e-02  2.76700045e-02  2.70341650e-02
  1.81170184e-02  1.52066370e-02  2.49375943e-02  8.72930381e-02
  3.85663652e-02  3.61051159e-02  4.26297848e-02  4.27037017e-02
  4.68033258e-02  2.88026458e-02  4.37427735e-02  1.41699607e-02
  1.64013390e-02  2.46130423e-02  1.40386500e-02  2.42739381e-02
  1.79466110e-02  3.71165018e-02  2.18142010e-02  1.51888180e-02
  9.92648761e-03  1.38606635e-02  1.55295693e-02  1.84026541e-02
  2.67482131e-01  1.20373581e-01  1.20324972e-01  1.22087353e-01
  1.09895777e-01  1.16135585e-01  1.24531673e-01  2.98115734e-01
  1.28063057e-01  1.33380872e-01  1.45962222e-01  1.44953585e-01
  1.40875322e-01  1.41650594e-01 -3.32360261e-02 -2.04842222e-02
 -1.82390738e-02 -1.46119755e-02 -2.93599893e-01 -1.47136636e-01
 -1.54193780e-01 -1.63842753e-01 -1.92575710e-01 -1.90279661e-01
 -2.07754322e-01 -3.63145991e-01 -2.11204730e-01 -2.06657454e-01
 -1.18509547e-01 -1.95997505e-01 -1.87903331e-01 -2.12962480e-01
 -1.41544674e-01 -8.48368520e-02 -8.06786502e-02]

Gradient approximate =
[ 3.05488237e-04  1.29657321e-03  2.69542348e-04  3.07677361e-04
  1.39110661e-03  3.93878741e-04  1.58801321e-04  6.73538556e-04
  1.58565368e-04  2.98975840e-04  1.36491195e-03  4.56071980e-04
  3.15240409e-04  1.41061935e-03  3.68117850e-04  1.30427515e-04
  6.09370878e-04  2.00182562e-04 -1.48436629e-02 -7.01300334e-03
 -7.58616276e-03 -7.51584692e-03 -7.47558517e-03 -7.56314758e-03
 -6.72872222e-03 -9.49853685e-05 -1.18526453e-04 -1.33633939e-04
 -1.13695144e-04 -4.82241735e-05 -6.02413164e-05 -1.17446184e-04
 -7.84135147e-03 -3.63332255e-03 -3.98926577e-03 -3.92197633e-03
 -4.01589378e-03 -4.06733215e-03 -3.49845195e-03 -1.16674373e-02
 -5.42048699e-03 -5.99266601e-03  2.61616569e-01  1.16518117e-01
  1.12186698e-01  1.27078780e-01  1.24115085e-01  1.19111168e-01
  1.27000235e-01  2.94823090e-01  1.33071182e-01  1.28111725e-01
  1.44679739e-01  1.41969395e-01  1.34533157e-01  1.43438617e-01
  2.80153931e-01  1.27180570e-01  1.22335705e-01  1.38104100e-01
  1.37803207e-01  1.28850704e-01  1.37580502e-01  2.60341237e-01
  1.19095162e-01  1.14844467e-01  1.28918174e-01  1.27294076e-01
  1.18932554e-01  1.26978793e-01  2.85104212e-01  1.30512808e-01
  1.25641157e-01  1.41191729e-01  1.39249031e-01  1.30198940e-01
  1.38996394e-01  0.00000000e+00  0.00000000e+00  0.00000000e+00
  0.00000000e+00  0.00000000e+00  0.00000000e+00  0.00000000e+00
  0.00000000e+00  0.00000000e+00  0.00000000e+00  0.00000000e+00
  0.00000000e+00  0.00000000e+00  0.00000000e+00  0.00000000e+00
  0.00000000e+00  0.00000000e+00  0.00000000e+00]

Diff = 
[2.45938288e-03 1.42617646e-02 4.85322966e-03 3.35100406e-03
 1.48934183e-02 5.61108121e-03 1.94815590e-03 1.21803861e-02
 2.39378854e-03 2.61828191e-03 1.40141471e-02 2.75937667e-03
 1.88856381e-03 5.16328116e-03 6.89081376e-05 2.26154366e-03
 1.54471942e-02 5.28442380e-03 6.30141424e-02 1.87805325e-02
 2.76098255e-02 2.61594585e-02 2.90487502e-02 2.16826432e-02
 3.02717665e-02 5.30528615e-02 1.21394939e-02 1.21512727e-02
 1.40962059e-02 2.14616387e-02 2.42124471e-02 1.06142112e-02
 6.00595624e-02 2.74109444e-02 3.16592702e-02 3.09561413e-02
 2.21329122e-02 1.92739692e-02 2.84360463e-02 9.89604754e-02
 4.39868522e-02 4.20977819e-02 2.18986784e-01 7.38144155e-02
 6.53833725e-02 9.82761344e-02 8.03723113e-02 1.04941207e-01
 1.10598896e-01 2.70210048e-01 1.19032532e-01 1.03837787e-01
 1.26733128e-01 1.04852893e-01 1.12718956e-01 1.28249799e-01
 2.70227444e-01 1.13319906e-01 1.06806136e-01 1.19701446e-01
 1.29678924e-01 8.47712375e-03 1.72555303e-02 1.38253883e-01
 9.19938499e-03 1.29111857e-03 4.38650188e-03 1.70821658e-01
 9.13050335e-03 6.40207829e-03 1.39141990e-01 1.44407771e-02
 1.52341645e-02 4.58864737e-04 1.72485057e-01 1.50683162e-01
 1.57235468e-01 1.46119755e-02 2.93599893e-01 1.47136636e-01
 1.54193780e-01 1.63842753e-01 1.92575710e-01 1.90279661e-01
 2.07754322e-01 3.63145991e-01 2.11204730e-01 2.06657454e-01
 1.18509547e-01 1.95997505e-01 1.87903331e-01 2.12962480e-01
 1.41544674e-01 8.48368520e-02 8.06786502e-02]

 Iteration 600:
############################
Gradient = 
[-0.00477981 -0.02134873 -0.00806776 -0.0059208  -0.02260364 -0.00896946
 -0.00464836 -0.02102533 -0.00645432 -0.00522853 -0.02214164 -0.00194282
 -0.00446157 -0.01469996 -0.00439596 -0.00472267 -0.02268743 -0.00841821
  0.05613772  0.0144244   0.02174932  0.02039981  0.02285068  0.01614977
  0.02434097  0.059749    0.01419709  0.01451941  0.01598717  0.02222922
  0.02409514  0.01292501  0.06254647  0.02564807  0.02939805  0.02864983
  0.02112939  0.01822225  0.02659332  0.10522889  0.04240578  0.04116434
  0.04626775  0.04631896  0.04887864  0.03415996  0.05116084  0.0161876
  0.01842778  0.02515755  0.01623612  0.0244415   0.01937576  0.04570117
  0.02305654  0.01786842  0.01325161  0.0165603   0.01757113  0.0201662
  0.23686246  0.09186348  0.0917022   0.09359606  0.07320613  0.09302922
  0.10090813  0.27698627  0.10796096  0.11215334  0.12315608  0.11184936
  0.11989044  0.12192688 -0.04736893 -0.02816316 -0.02583229 -0.02332413
 -0.34081318 -0.17039958 -0.17804628 -0.17239734 -0.20732633 -0.20718139
 -0.22559915 -0.40675531 -0.23066423 -0.22774544 -0.12936225 -0.21924957
 -0.21124945 -0.23658905 -0.13240585 -0.08201077 -0.0790174 ]

Gradient approximate =
[ 0.00114376  0.00487452  0.00141891  0.0012919   0.00551347  0.00168675
  0.00104749  0.00444189  0.00134571  0.00119976  0.0051126   0.00161526
  0.0011373   0.00490695  0.0014756   0.00092518  0.00398443  0.00125379
 -0.02360713 -0.0115994  -0.01258661 -0.01239757 -0.01237738 -0.0122758
 -0.01124094 -0.00787491 -0.00392897 -0.00428777 -0.00420355 -0.00416619
 -0.00411778 -0.00382939 -0.0136395  -0.00667714 -0.00730106 -0.00715872
 -0.00724817 -0.00718167 -0.00648766 -0.02105468 -0.01031777 -0.0113056
  0.22578983  0.09044649  0.08673     0.09920807  0.08905756  0.09527238
  0.10276279  0.27013027  0.11203656  0.1076225   0.1217879   0.10845218
  0.11360224  0.12247384  0.25274365  0.10522405  0.10102114  0.11431666
  0.11182492  0.11119993  0.12003692  0.23809484  0.10210291  0.09827609
  0.11001409  0.10290732  0.10229312  0.11043831  0.26788297  0.11506481
  0.11063446  0.1238356   0.11573337  0.11511616  0.12425078  0.
  0.          0.          0.          0.          0.          0.
  0.          0.          0.          0.          0.          0.
  0.          0.          0.          0.          0.        ]

Diff = 
[0.00592357 0.02622325 0.00948667 0.0072127  0.02811711 0.01065621
 0.00569584 0.02546721 0.00780003 0.00642828 0.02725424 0.00355807
 0.00559887 0.01960691 0.00587156 0.00564786 0.02667186 0.009672
 0.07974485 0.0260238  0.03433593 0.03279738 0.03522806 0.02842557
 0.03558191 0.0676239  0.01812606 0.01880718 0.02019072 0.0263954
 0.02821292 0.0167544  0.07618597 0.0323252  0.03669911 0.03580855
 0.02837755 0.02540392 0.03308098 0.12628357 0.05272355 0.05246993
 0.17952208 0.04412753 0.03785136 0.06504811 0.03789673 0.07908479
 0.08433501 0.24497272 0.09580043 0.083181   0.10241215 0.06275101
 0.09054571 0.10460542 0.23949204 0.08866375 0.08345001 0.09415045
 0.12503753 0.01933645 0.02833472 0.14449878 0.02889678 0.00524687
 0.00910596 0.17407895 0.00566783 0.00171503 0.1447269  0.00321545
 0.00925598 0.00190872 0.16310229 0.14327932 0.15008307 0.02332413
 0.34081318 0.17039958 0.17804628 0.17239734 0.20732633 0.20718139
 0.22559915 0.40675531 0.23066423 0.22774544 0.12936225 0.21924957
 0.21124945 0.23658905 0.13240585 0.08201077 0.0790174 ]

 Iteration 700:
############################
Gradient = 
[-0.00758952 -0.02875608 -0.01138228 -0.00877614 -0.02976408 -0.0121732
 -0.00765033 -0.02917551 -0.01030494 -0.00819219 -0.02991707 -0.00644157
 -0.00749287 -0.02402674 -0.00866759 -0.00747034 -0.02957444 -0.01151436
  0.05924026  0.01524024  0.0216028   0.02034514  0.0223938   0.01637244
  0.02362908  0.0630453   0.01523079  0.01570236  0.01681359  0.02205553
  0.02323404  0.01419152  0.06851325  0.02620337  0.02968253  0.02889375
  0.02254788  0.01965759  0.02700603  0.10996201  0.0412524   0.04051496
  0.04458781  0.04454849  0.04597608  0.03440265  0.05333543  0.01626351
  0.01830296  0.0238597   0.01630345  0.02287145  0.01899835  0.04908328
  0.02250798  0.01832809  0.01432135  0.01707455  0.01758461  0.02010418
  0.20971831  0.06532855  0.06520023  0.06678752  0.03891204  0.07199375
  0.07907066  0.25808333  0.08887776  0.09219973  0.10134276  0.07960941
  0.1001884   0.10292848 -0.04909838 -0.02998989 -0.02767807 -0.02547474
 -0.37620896 -0.18286218 -0.19067542 -0.17496672 -0.21252697 -0.21694507
 -0.23558968 -0.44288339 -0.24344938 -0.24162457 -0.13342168 -0.23292429
 -0.22726277 -0.25242459 -0.11724468 -0.07459591 -0.07244441]

Gradient approximate =
[ 0.00236659  0.00998123  0.00303138  0.00262476  0.01101209  0.00340378
  0.00233819  0.00980722  0.00302215  0.00249585  0.0104475   0.00326521
  0.00238321  0.01008164  0.00309759  0.00211312  0.00893896  0.00279176
 -0.03107314 -0.0162178  -0.01758538 -0.01727076 -0.01726342 -0.01690242
 -0.01581102 -0.01397466 -0.00736573 -0.00801824 -0.00785221 -0.00783506
 -0.00765084 -0.00720494 -0.01847482 -0.00967741 -0.01054468 -0.0103219
 -0.01040595 -0.01017747 -0.0094518  -0.02823314 -0.01477193 -0.01610628
  0.19395335  0.06702407  0.06390252  0.07390112  0.05832028  0.07384489
  0.08066691  0.2478682   0.09241205  0.08852932  0.10012155  0.0780875
  0.09422489  0.10274636  0.22835801  0.08528338  0.08171544  0.09243354
  0.08852196  0.09540101  0.10402215  0.21755899  0.0861909   0.08274061
  0.09210686  0.0803443   0.08685237  0.09477403  0.25163068  0.1002008
  0.09618086  0.10688811  0.0933645   0.10074445  0.10985108  0.
  0.          0.          0.          0.          0.          0.
  0.          0.          0.          0.          0.          0.
  0.          0.          0.          0.          0.        ]

Diff = 
[0.00995611 0.03873731 0.01441366 0.01140091 0.04077617 0.01557697
 0.00998852 0.03898274 0.01332709 0.01068804 0.04036457 0.00970678
 0.00987609 0.03410837 0.01176519 0.00958346 0.0385134  0.01430613
 0.0903134  0.03145804 0.03918817 0.03761589 0.03965722 0.03327486
 0.0394401  0.07701996 0.02259652 0.0237206  0.0246658  0.02989059
 0.03088488 0.02139646 0.08698807 0.03588079 0.04022722 0.03921565
 0.03295383 0.02983506 0.03645783 0.13819516 0.05602433 0.05662124
 0.14936555 0.02247558 0.01792644 0.03949847 0.00498485 0.05758138
 0.06236395 0.22400849 0.0761086  0.06565787 0.0811232  0.02900422
 0.07171691 0.08441827 0.21403666 0.06820883 0.06413083 0.07232936
 0.12119634 0.03007246 0.03882192 0.15077148 0.04727886 0.01074686
 0.01303621 0.17773902 0.00202539 0.0025743  0.15028792 0.0205914
 0.00400753 0.00395963 0.14246288 0.13073434 0.13752915 0.02547474
 0.37620896 0.18286218 0.19067542 0.17496672 0.21252697 0.21694507
 0.23558968 0.44288339 0.24344938 0.24162457 0.13342168 0.23292429
 0.22726277 0.25242459 0.11724468 0.07459591 0.07244441]

 Iteration 800:
############################
Gradient = 
[-0.00966936 -0.03178564 -0.0131346  -0.01067837 -0.03170123 -0.01345941
 -0.00979958 -0.03231989 -0.01230251 -0.01024755 -0.03252833 -0.00889017
 -0.00969727 -0.02825417 -0.01107987 -0.00950719 -0.03227531 -0.01306885
  0.05826101  0.01438571  0.01969635  0.01863761  0.02033282  0.01502734
  0.02150857  0.063293    0.01511233  0.01550739  0.01643404  0.02081718
  0.02154705  0.01427999  0.07040234  0.02536337  0.02836706  0.02767064
  0.02229372  0.01954559  0.02607003  0.10382499  0.03566079  0.03471943
  0.03821022  0.03801074  0.0388896   0.03004628  0.05144815  0.01470868
  0.0163241   0.02102064  0.01457861  0.01993643  0.01707984  0.04827425
  0.02041147  0.01682652  0.01345639  0.01570457  0.01594936  0.01844047
  0.18935317  0.04326852  0.0431001   0.04415189  0.01020012  0.05491519
  0.06117461  0.2433553   0.07244332  0.07491376  0.08211665  0.05150964
  0.08332761  0.08644917 -0.04253953 -0.02838892 -0.02615527 -0.02380769
 -0.404616   -0.18780747 -0.19542732 -0.17418753 -0.21081405 -0.22187758
 -0.24026922 -0.4753602  -0.25179448 -0.25061411 -0.13348946 -0.23942547
 -0.23815004 -0.26281782 -0.1009941  -0.06531277 -0.06371117]

Gradient approximate =
[ 0.00364945  0.01525291  0.00469191  0.00394327  0.01635405  0.00507877
  0.00366772  0.01524256  0.00472274  0.00381855  0.01581669  0.00493269
  0.00368941  0.01541348  0.00476929  0.0033832   0.01416747  0.00441666
 -0.03664038 -0.02051114 -0.02213395 -0.02174984 -0.02173385 -0.02112828
 -0.02007762 -0.01817472 -0.01027884 -0.01112596 -0.0109075  -0.01089585
 -0.01057141 -0.01008367 -0.02187428 -0.01234863 -0.01337068 -0.01310472
 -0.01317223 -0.01279457 -0.01210344 -0.03232481 -0.01818733 -0.01969884
  0.17004193  0.04851737  0.04573874  0.05341086  0.03461709  0.05661957
  0.06278065  0.23020542  0.07572022  0.0721361   0.08120349  0.0536512
  0.07785952  0.08592345  0.20966393  0.06895185  0.06577561  0.07408636
  0.07023919  0.0828421   0.09112265  0.20126021  0.07283529  0.06957189
  0.07670682  0.06205172  0.07405303  0.08160543  0.23838774  0.08732834
  0.08351148  0.09179363  0.07475935  0.08847098  0.09733831  0.
  0.          0.          0.          0.          0.          0.
  0.          0.          0.          0.          0.          0.
  0.          0.          0.          0.          0.        ]

Diff = 
[1.33188129e-02 4.70385504e-02 1.78265127e-02 1.46216405e-02
 4.80552737e-02 1.85381847e-02 1.34673053e-02 4.75624555e-02
 1.70252582e-02 1.40661025e-02 4.83450202e-02 1.38228572e-02
 1.33866802e-02 4.36676462e-02 1.58491604e-02 1.28903951e-02
 4.64427824e-02 1.74855083e-02 9.49013848e-02 3.48968413e-02
 4.18302945e-02 4.03874558e-02 4.20666667e-02 3.61556278e-02
 4.15861891e-02 8.14677220e-02 2.53911703e-02 2.66333474e-02
 2.73415333e-02 3.17130280e-02 3.21184568e-02 2.43636647e-02
 9.22766201e-02 3.77120034e-02 4.17377418e-02 4.07753581e-02
 3.54659461e-02 3.23401654e-02 3.81734708e-02 1.36149809e-01
 5.38481161e-02 5.44182737e-02 1.31831708e-01 1.05066310e-02
 6.84913312e-03 2.33645869e-02 1.68310568e-02 4.19108871e-02
 4.64565426e-02 2.09184781e-01 6.11416148e-02 5.21996723e-02
 6.41236473e-02 5.37694979e-03 5.74480494e-02 6.90969255e-02
 1.96207546e-01 5.32472765e-02 4.98262489e-02 5.56458830e-02
 1.19113988e-01 3.95735823e-02 4.80225534e-02 1.57108320e-01
 6.26351772e-02 1.46566981e-02 1.55322015e-02 1.81303576e-01
 1.60970809e-03 6.69167169e-03 1.56271081e-01 3.58186988e-02
 1.83872735e-04 5.34445490e-03 1.17298877e-01 1.16859895e-01
 1.23493587e-01 2.38076894e-02 4.04615997e-01 1.87807469e-01
 1.95427320e-01 1.74187533e-01 2.10814046e-01 2.21877576e-01
 2.40269220e-01 4.75360196e-01 2.51794479e-01 2.50614109e-01
 1.33489463e-01 2.39425473e-01 2.38150044e-01 2.62817820e-01
 1.00994099e-01 6.53127729e-02 6.37111665e-02]

 Iteration 900:
############################
Gradient = 
[-0.01059891 -0.02967752 -0.01287571 -0.01132613 -0.02834253 -0.01262818
 -0.01069476 -0.02991868 -0.01207897 -0.01104088 -0.02966399 -0.00902867
 -0.01067461 -0.02685954 -0.01125812 -0.01043414 -0.03006936 -0.01268649
  0.05450334  0.01208429  0.0162989   0.01550759  0.01689309  0.01235586
  0.01815588  0.06131541  0.01381015  0.01394365  0.01481614  0.01846008
  0.01896717  0.01316357  0.06904829  0.023023    0.025373    0.02487533
  0.02029429  0.01784088  0.0236711   0.09218286  0.02742751  0.0259049
  0.02909701  0.02872892  0.0295235   0.0228697   0.04726904  0.01197046
  0.01303704  0.01710399  0.01158098  0.0160882   0.01404196  0.04492336
  0.01714787  0.01386453  0.01112622  0.01292727  0.01311397  0.01555219
  0.17644136  0.02665106  0.02625012  0.02666983 -0.01201889  0.04227747
  0.04785941  0.2331862   0.05938232  0.06089292  0.06624086  0.02895163
  0.0699301   0.07328677 -0.03190563 -0.02551866 -0.02340811 -0.02081244
 -0.43025448 -0.18847721 -0.1956649  -0.17149618 -0.20452482 -0.22391197
 -0.24182279 -0.50697677 -0.25743397 -0.25651707 -0.13142344 -0.24109119
 -0.24588301 -0.26992968 -0.0869813  -0.05597063 -0.05468627]

Gradient approximate =
[ 0.00469127  0.01941934  0.00601598  0.00495312  0.02031228  0.00633749
  0.00471829  0.01941334  0.00604232  0.00485486  0.01990555  0.00621846
  0.00474188  0.01958997  0.0060915   0.00443737  0.01840784  0.00574654
 -0.04048062 -0.02419762 -0.02590903 -0.02553593 -0.02548473 -0.0247083
 -0.02375677 -0.02072553 -0.01253838 -0.01345826 -0.01323747 -0.01321379
 -0.01279224 -0.0123292  -0.02382364 -0.01441185 -0.01546859 -0.0152136
 -0.01525015 -0.01477736 -0.01416315 -0.03391336 -0.02042014 -0.02192726
  0.15487266  0.03537621  0.0326081   0.03821874  0.01819506  0.04398521
  0.04963693  0.21768269  0.06257805  0.05896641  0.065717    0.03584038
  0.0650419   0.07267857  0.19728071  0.05661604  0.05348533  0.05969432
  0.05727797  0.07370778  0.08165084  0.19004995  0.06259292  0.05928044
  0.06443942  0.0488149   0.06438406  0.07154245  0.22886507  0.07705686
  0.07316485  0.07925253  0.06088563  0.07883722  0.08737621  0.
  0.          0.          0.          0.          0.          0.
  0.          0.          0.          0.          0.          0.
  0.          0.          0.          0.          0.        ]

Diff = 
[0.01529017 0.04909686 0.0188917  0.01627925 0.04865481 0.01896567
 0.01541304 0.04933201 0.0181213  0.01589574 0.04956954 0.01524713
 0.01541648 0.04644951 0.01734962 0.01487151 0.04847721 0.01843303
 0.09498397 0.03628191 0.04220793 0.04104352 0.04237782 0.03706416
 0.04191265 0.08204094 0.02634853 0.0274019  0.02805362 0.03167387
 0.03175941 0.02549277 0.09287194 0.03743485 0.04084159 0.04008892
 0.03554444 0.03261824 0.03783425 0.12609622 0.04784764 0.04783215
 0.12577565 0.00664729 0.0030846  0.01534904 0.02907399 0.03201475
 0.03659988 0.20057871 0.05099707 0.04287821 0.05167503 0.00908298
 0.04789403 0.05881404 0.18615449 0.04368876 0.04037136 0.04414213
 0.11916339 0.04705671 0.05540072 0.16338012 0.07461181 0.01700297
 0.01658    0.18437131 0.00500174 0.01064954 0.16262421 0.04810522
 0.00323475 0.00596575 0.09279127 0.10435588 0.11078432 0.02081244
 0.43025448 0.18847721 0.1956649  0.17149618 0.20452482 0.22391197
 0.24182279 0.50697677 0.25743397 0.25651707 0.13142344 0.24109119
 0.24588301 0.26992968 0.0869813  0.05597063 0.05468627]

 