Iteration 0:
############################
Gradient = 
[-1.36695103e-04  1.19053204e-04 -8.27155608e-04 -4.62760891e-04
 -2.25635521e-03 -7.41296901e-04 -3.60875410e-04 -2.98712808e-03
 -1.27822007e-03 -3.99206294e-04 -2.55803281e-03 -4.71657711e-04
  2.39921014e-04  7.06194467e-04  9.26016875e-04  2.30370531e-04
  1.90567006e-04  9.43469484e-04 -9.35246647e-03 -4.72369417e-03
 -3.67279995e-03 -3.22020395e-03 -3.07535889e-03 -5.65615601e-03
 -5.18038566e-03  1.06400904e-02  4.49779862e-03  3.50087395e-03
  3.48316350e-03  3.94010667e-03  6.03145362e-03  5.27466602e-03
  3.07854709e-03  9.82489793e-04  6.99484685e-04  1.11229075e-03
  1.23264234e-03  1.31081563e-03  1.04226031e-03  3.24160696e-03
  2.21339657e-03  4.75182300e-04  7.22207940e-04  1.53102128e-03
  1.87648640e-03  9.84593720e-04 -4.22333263e-03 -1.51281956e-03
 -9.00295341e-04 -1.05415757e-03 -1.83057905e-03 -2.32377095e-03
 -1.91461348e-03 -1.10592293e-03 -1.17854496e-04 -1.13731721e-04
 -2.03464016e-03 -1.56468866e-03 -1.23130052e-03 -1.06634664e-03
  2.89818213e-01  1.42452481e-01  1.44250284e-01  1.34853811e-01
  1.43506235e-01  1.43676472e-01  1.48077862e-01  2.54198408e-01
  1.26363989e-01  1.25180117e-01  1.17855224e-01  1.24145919e-01
  1.25947629e-01  1.28763817e-01  2.86770784e-01  1.41899605e-01
  1.41667445e-01  1.32919433e-01  1.41288633e-01  1.43474156e-01
  1.45229304e-01  3.52376702e-01  1.73791807e-01  1.75148878e-01
  1.65262904e-01  1.73908165e-01  1.75236653e-01  1.80182235e-01
  3.06640596e-01  1.51298895e-01  1.51701214e-01  1.43467668e-01
  1.50065079e-01  1.52804676e-01  1.55070454e-01]

Gradient approximate =
[ 3.07511967e-04  7.92327213e-04  4.26823095e-04  9.08301743e-04
  3.49745226e-03  1.25974309e-03  3.57391849e-05  2.45978362e-04
 -5.36358291e-05 -1.21494952e-04 -3.02621244e-04 -2.48041885e-04
 -4.34515535e-04 -1.94078522e-03 -5.87285043e-04 -7.59129715e-05
 -6.53120473e-04 -6.89667323e-05  6.79407131e-05 -6.59810384e-05
 -4.70172508e-04 -4.06983680e-04 -2.85611219e-04  1.95086765e-04
 -2.49027499e-04 -1.08490232e-02 -5.28214643e-03 -4.82178586e-03
 -4.67029416e-03 -4.99628853e-03 -5.67337331e-03 -5.18916033e-03
 -1.10291613e-03 -4.92693526e-04 -5.83441504e-04 -5.09496665e-04
 -5.89012266e-04 -6.01608174e-04 -6.52387406e-04 -1.01522466e-02
 -4.79173430e-03 -4.05148160e-03  2.96847215e-01  1.44086348e-01
  1.44091862e-01  1.35846130e-01  1.56171206e-01  1.53058906e-01
  1.55976585e-01  3.48768162e-01  1.74503637e-01  1.75381989e-01
  1.64760035e-01  1.85273841e-01  1.79439519e-01  1.82169794e-01
  2.44997465e-01  1.25153136e-01  1.25761819e-01  1.18278312e-01
  1.17473037e-01  1.19341244e-01  1.21599274e-01  2.99075538e-01
  1.47903373e-01  1.48084721e-01  1.39508455e-01  1.47155627e-01
  1.48789902e-01  1.52152462e-01  2.60085934e-01  1.28708122e-01
  1.28297793e-01  1.21006831e-01  1.27799231e-01  1.29691146e-01
  1.32229498e-01  0.00000000e+00  0.00000000e+00  0.00000000e+00
  0.00000000e+00  0.00000000e+00  0.00000000e+00  0.00000000e+00
  0.00000000e+00  0.00000000e+00  0.00000000e+00  0.00000000e+00
  0.00000000e+00  0.00000000e+00  0.00000000e+00  0.00000000e+00
  0.00000000e+00  0.00000000e+00  0.00000000e+00]

Diff = 
[4.44207070e-04 6.73274009e-04 1.25397870e-03 1.37106263e-03
 5.75380748e-03 2.00103999e-03 3.96614595e-04 3.23310644e-03
 1.22458424e-03 2.77711342e-04 2.25541157e-03 2.23615826e-04
 6.74436549e-04 2.64697969e-03 1.51330192e-03 3.06283503e-04
 8.43687479e-04 1.01243622e-03 9.42040718e-03 4.65771314e-03
 3.20262744e-03 2.81322027e-03 2.78974767e-03 5.85124277e-03
 4.93135816e-03 2.14891136e-02 9.77994505e-03 8.32265981e-03
 8.15345767e-03 8.93639520e-03 1.17048269e-02 1.04638264e-02
 4.18146321e-03 1.47518332e-03 1.28292619e-03 1.62178741e-03
 1.82165460e-03 1.91242381e-03 1.69464772e-03 1.33938536e-02
 7.00513087e-03 4.52666390e-03 2.96125008e-01 1.42555327e-01
 1.42215375e-01 1.34861536e-01 1.60394538e-01 1.54571726e-01
 1.56876880e-01 3.49822320e-01 1.76334216e-01 1.77705760e-01
 1.66674649e-01 1.86379764e-01 1.79557374e-01 1.82283526e-01
 2.47032105e-01 1.26717824e-01 1.26993119e-01 1.19344659e-01
 1.72345176e-01 2.31112362e-02 2.26510097e-02 1.64221727e-01
 4.39713818e-03 4.40824862e-03 8.56940679e-03 1.07042781e-01
 2.24259134e-02 2.69723456e-02 1.42230711e-01 4.56220246e-03
 2.35016438e-03 7.75698552e-03 1.58971553e-01 1.22084589e-02
 9.43794657e-03 1.32919433e-01 1.41288633e-01 1.43474156e-01
 1.45229304e-01 3.52376702e-01 1.73791807e-01 1.75148878e-01
 1.65262904e-01 1.73908165e-01 1.75236653e-01 1.80182235e-01
 3.06640596e-01 1.51298895e-01 1.51701214e-01 1.43467668e-01
 1.50065079e-01 1.52804676e-01 1.55070454e-01]

 Iteration 100:
############################
Gradient = 
[-4.38598758e-04 -1.66207292e-03 -7.25862227e-04  6.09236178e-04
  1.46072324e-03  7.78274322e-04  2.21667445e-04 -9.07971449e-05
 -7.24329674e-04 -3.17638626e-04 -1.54306434e-03 -3.67132792e-04
 -1.14716550e-04 -6.17357701e-04  3.45037048e-04  2.69553037e-04
 -1.10010800e-04  8.64283634e-04 -8.22650775e-03 -4.35212793e-03
 -3.97879871e-03 -3.48388507e-03 -3.06336995e-03 -4.72106251e-03
 -5.01142081e-03 -1.48531609e-02 -7.79457596e-03 -7.51998733e-03
 -7.23837454e-03 -7.60145378e-03 -7.30750825e-03 -6.74975280e-03
 -1.09683238e-02 -5.71835321e-03 -5.42988629e-03 -4.80106168e-03
 -5.20109683e-03 -6.08395260e-03 -5.70403024e-03 -3.43220426e-02
 -1.58852732e-02 -1.49988304e-02 -1.45096006e-02 -1.49887890e-02
 -1.78918311e-02 -1.61802980e-02 -7.21330918e-03 -3.27092403e-03
 -2.85669124e-03 -3.01669085e-03 -3.54502472e-03 -3.52175138e-03
 -3.48247219e-03  3.47447853e-04  4.28188817e-04  7.39130526e-04
 -1.32682330e-03 -6.86220781e-04 -4.20066477e-04 -5.49836234e-05
  3.08330099e-01  1.53832024e-01  1.56101303e-01  1.45341439e-01
  1.55449289e-01  1.53795138e-01  1.56665186e-01  3.45253508e-01
  1.72135052e-01  1.73603682e-01  1.62587240e-01  1.75929018e-01
  1.72889067e-01  1.75587721e-01  1.64151936e-01  8.13608818e-02
  8.11241471e-02  7.68224805e-02  7.95628258e-02  8.01631995e-02
  8.16315805e-02  1.28297309e-01  6.33060412e-02  6.31101106e-02
  5.97466712e-02  6.10028494e-02  6.27657566e-02  6.28353609e-02
  1.14270412e-01  5.44633137e-02  5.48134293e-02  5.13620471e-02
  5.54400617e-02  5.60556163e-02  5.72289775e-02]

Gradient approximate =
[-2.37721443e-05  7.40537209e-05 -3.21602593e-04  1.22915194e-04
  7.73710345e-04  1.31708502e-04 -2.05513104e-04 -1.15266648e-03
 -2.75687961e-04 -2.71756024e-04 -1.40012683e-03 -3.00652117e-04
 -2.30073172e-04 -1.07911205e-03 -3.83912091e-04 -9.19787713e-05
 -3.30572349e-04 -2.15331843e-04 -6.77955216e-04 -4.90729244e-04
 -3.45358286e-04 -4.29787095e-04 -2.83945476e-04 -2.21519043e-04
 -1.87487228e-04  2.82887641e-03  1.23940483e-03  9.53469053e-04
  9.07998638e-04  1.14638416e-03  1.64623971e-03  1.28758451e-03
  1.07356731e-02  5.14299002e-03  4.51771219e-03  4.39651354e-03
  4.82303212e-03  5.72978256e-03  5.05858345e-03 -2.63401947e-03
 -1.11290639e-03 -1.02302620e-03  3.07414975e-01  1.52185098e-01
  1.54424191e-01  1.44179709e-01  1.62796736e-01  1.56439682e-01
  1.58438915e-01  3.47785953e-01  1.74918012e-01  1.77114111e-01
  1.65464566e-01  1.83625041e-01  1.76389648e-01  1.77859315e-01
  2.61971653e-01  1.32823527e-01  1.34338258e-01  1.25478311e-01
  1.31241579e-01  1.29503015e-01  1.30948695e-01  3.07534092e-01
  1.53223994e-01  1.54931756e-01  1.44947367e-01  1.55972289e-01
  1.53315724e-01  1.55586098e-01  2.97942520e-01  1.48579807e-01
  1.49659370e-01  1.40139532e-01  1.51011431e-01  1.48855507e-01
  1.50623807e-01  0.00000000e+00  0.00000000e+00  0.00000000e+00
  0.00000000e+00  0.00000000e+00  0.00000000e+00  0.00000000e+00
  0.00000000e+00  0.00000000e+00  0.00000000e+00  0.00000000e+00
  0.00000000e+00  0.00000000e+00  0.00000000e+00  0.00000000e+00
  0.00000000e+00  0.00000000e+00  0.00000000e+00]

Diff = 
[4.14826614e-04 1.73612664e-03 4.04259634e-04 4.86320985e-04
 6.87012895e-04 6.46565820e-04 4.27180549e-04 1.06186934e-03
 4.48641713e-04 4.58826014e-05 1.42937512e-04 6.64806751e-05
 1.15356622e-04 4.61754345e-04 7.28949139e-04 3.61531809e-04
 2.20561550e-04 1.07961548e-03 7.54855254e-03 3.86139869e-03
 3.63344042e-03 3.05409798e-03 2.77942448e-03 4.49954347e-03
 4.82393358e-03 1.76820373e-02 9.03398079e-03 8.47345638e-03
 8.14637318e-03 8.74783794e-03 8.95374795e-03 8.03733732e-03
 2.17039969e-02 1.08613432e-02 9.94759848e-03 9.19757522e-03
 1.00241290e-02 1.18137352e-02 1.07626137e-02 3.16880231e-02
 1.47723669e-02 1.39758042e-02 3.21924576e-01 1.67173887e-01
 1.72316022e-01 1.60360007e-01 1.70010045e-01 1.59710606e-01
 1.61295606e-01 3.50802644e-01 1.78463037e-01 1.80635862e-01
 1.68947038e-01 1.83277593e-01 1.75961459e-01 1.77120185e-01
 2.63298476e-01 1.33509748e-01 1.34758324e-01 1.25533295e-01
 1.77088520e-01 2.43290090e-02 2.51526088e-02 1.62192652e-01
 2.22529518e-03 1.13661829e-03 1.17178190e-02 1.89281219e-01
 1.88193279e-02 1.80175837e-02 1.35355281e-01 2.73492109e-02
 2.32296969e-02 3.54481893e-02 1.31405054e-02 6.74946253e-02
 6.94996600e-02 7.68224805e-02 7.95628258e-02 8.01631995e-02
 8.16315805e-02 1.28297309e-01 6.33060412e-02 6.31101106e-02
 5.97466712e-02 6.10028494e-02 6.27657566e-02 6.28353609e-02
 1.14270412e-01 5.44633137e-02 5.48134293e-02 5.13620471e-02
 5.54400617e-02 5.60556163e-02 5.72289775e-02]

 Iteration 200:
############################
Gradient = 
[-2.32318497e-04 -3.00810672e-04  2.18739109e-04  2.76113603e-04
  3.53557378e-04  6.78056731e-04 -1.72310822e-04 -1.63465356e-03
 -1.22400404e-03 -2.61886875e-04 -1.07779816e-03 -1.36063243e-04
 -3.20434453e-04 -1.40868905e-03  6.17314243e-05 -9.44799518e-05
 -1.56556205e-03  3.92624775e-04  3.36594971e-03  1.20953383e-03
  6.92979927e-04  1.10015893e-03  2.03723740e-03  1.56655740e-03
  3.66986632e-04  3.54139730e-04 -4.86507729e-04 -1.32104172e-03
 -1.17179035e-03 -8.64010363e-04  9.28321503e-04  3.22883999e-04
 -3.74970879e-04 -6.31785061e-04 -1.14935999e-03 -6.15162337e-04
 -5.32922966e-04 -3.20135823e-04 -7.85675179e-04 -1.30981899e-02
 -6.00098824e-03 -6.60552904e-03 -6.47063518e-03 -5.65661472e-03
 -5.98793089e-03 -6.09898122e-03  6.16246893e-04  3.14491934e-04
  1.35160762e-04 -1.47573568e-04 -1.32376627e-04  9.06228154e-04
  2.26920544e-04  8.66765220e-03  4.21522755e-03  3.88805508e-03
  1.72500852e-03  2.92254957e-03  4.24576987e-03  3.85105316e-03
  3.16669203e-01  1.58828542e-01  1.61987906e-01  1.50690494e-01
  1.64396268e-01  1.58812263e-01  1.60405356e-01  3.46130033e-01
  1.73406735e-01  1.75823988e-01  1.64482401e-01  1.81565057e-01
  1.74243677e-01  1.75475058e-01  9.15959715e-02  4.54174849e-02
  4.50964532e-02  4.30497891e-02  4.10859173e-02  4.26510566e-02
  4.32005481e-02 -1.20167270e-02 -8.26637894e-03 -9.14316535e-03
 -7.98292339e-03 -1.38201398e-02 -9.01533838e-03 -9.86093655e-03
  7.00927082e-03 -7.61562868e-04 -8.42701126e-04 -8.58558622e-04
 -6.36879102e-05  1.93084962e-03  2.33881576e-03]

Gradient approximate =
[-3.43458595e-07  9.03790842e-05 -3.41358217e-04  1.34769607e-04
  7.37903860e-04  9.59655089e-05 -2.23234549e-04 -1.22709935e-03
 -3.12849471e-04 -2.63423205e-04 -1.34424441e-03 -3.01592116e-04
 -2.50912633e-04 -1.15470731e-03 -4.16187789e-04 -1.12899972e-04
 -4.36949994e-04 -2.57064345e-04  4.55087543e-04  3.98708688e-05
  7.45840945e-05 -1.35900002e-05  1.95174761e-04  4.05592240e-04
  3.21894287e-04  4.02464792e-03  1.80362192e-03  1.39293157e-03
  1.34953687e-03  1.66142771e-03  2.31605738e-03  1.83297508e-03
  1.18941991e-02  5.69820236e-03  4.93942003e-03  4.83142660e-03
  5.33142070e-03  6.38307496e-03  5.59036632e-03 -1.64816305e-03
 -6.37613473e-04 -6.03264376e-04  3.16158560e-01  1.57506072e-01
  1.60699005e-01  1.49866123e-01  1.72811260e-01  1.61991793e-01
  1.62627535e-01  3.49138762e-01  1.76681612e-01  1.79908711e-01
  1.67862987e-01  1.90462370e-01  1.78351536e-01  1.78254972e-01
  2.66641245e-01  1.36070369e-01  1.38421001e-01  1.29120158e-01
  1.37372838e-01  1.32299548e-01  1.32647231e-01  3.12891783e-01
  1.56617326e-01  1.59194817e-01  1.48771248e-01  1.63357917e-01
  1.56823791e-01  1.57808395e-01  2.97383757e-01  1.49005113e-01
  1.50906199e-01  1.41144971e-01  1.55256374e-01  1.49386347e-01
  1.49878447e-01  0.00000000e+00  0.00000000e+00  0.00000000e+00
  0.00000000e+00  0.00000000e+00  0.00000000e+00  0.00000000e+00
  0.00000000e+00  0.00000000e+00  0.00000000e+00  0.00000000e+00
  0.00000000e+00  0.00000000e+00  0.00000000e+00  0.00000000e+00
  0.00000000e+00  0.00000000e+00  0.00000000e+00]

Diff = 
[2.31975038e-04 3.91189756e-04 5.60097327e-04 1.41343996e-04
 3.84346482e-04 5.82091222e-04 5.09237267e-05 4.07554213e-04
 9.11154570e-04 1.53633090e-06 2.66446246e-04 1.65528873e-04
 6.95218197e-05 2.53981741e-04 4.77919213e-04 1.84200198e-05
 1.12861205e-03 6.49689120e-04 2.91086217e-03 1.16966296e-03
 6.18395833e-04 1.11374893e-03 1.84206264e-03 1.16096516e-03
 4.50923452e-05 3.67050819e-03 2.29012965e-03 2.71397329e-03
 2.52132722e-03 2.52543807e-03 1.38773588e-03 1.51009108e-03
 1.22691700e-02 6.32998742e-03 6.08878001e-03 5.44658894e-03
 5.86434367e-03 6.70321078e-03 6.37604150e-03 1.14500268e-02
 5.36337477e-03 6.00226466e-03 3.22629195e-01 1.63162687e-01
 1.66686936e-01 1.55965104e-01 1.72195013e-01 1.61677301e-01
 1.62492375e-01 3.49286335e-01 1.76813989e-01 1.79002483e-01
 1.67636067e-01 1.81794717e-01 1.74136309e-01 1.74366917e-01
 2.64916236e-01 1.33147819e-01 1.34175231e-01 1.25269104e-01
 1.79296365e-01 2.65289939e-02 2.93406754e-02 1.62201289e-01
 7.77894105e-03 3.82554125e-04 1.16341080e-02 1.82772116e-01
 1.65829439e-02 1.80155923e-02 1.32901356e-01 3.25599438e-02
 2.33374788e-02 3.43300873e-02 6.36604024e-02 1.03968862e-01
 1.04781993e-01 4.30497891e-02 4.10859173e-02 4.26510566e-02
 4.32005481e-02 1.20167270e-02 8.26637894e-03 9.14316535e-03
 7.98292339e-03 1.38201398e-02 9.01533838e-03 9.86093655e-03
 7.00927082e-03 7.61562868e-04 8.42701126e-04 8.58558622e-04
 6.36879102e-05 1.93084962e-03 2.33881576e-03]

 Iteration 300:
############################
Gradient = 
[ 4.14118494e-04  2.22248135e-03  1.54530178e-03  7.79473294e-05
 -5.32937198e-04  6.28124969e-04 -6.63597016e-04 -3.73591331e-03
 -1.95609052e-03 -3.56202522e-05 -3.06989535e-04  1.40088282e-04
 -7.36426181e-04 -3.35550307e-03 -6.89706056e-04 -6.93018700e-04
 -4.18533054e-03 -5.30005946e-04  2.26195874e-02  1.03450429e-02
  8.48733047e-03  8.84511861e-03  1.05242693e-02  1.19307236e-02
  9.34558229e-03  2.12406484e-02  9.44950197e-03  7.16961851e-03
  7.24891943e-03  8.37823533e-03  1.21606992e-02  1.00550428e-02
  1.77561053e-02  7.99598612e-03  6.20745623e-03  6.67279813e-03
  7.47916594e-03  9.44499877e-03  7.66328285e-03  2.51906920e-02
  1.19222380e-02  8.80833320e-03  8.60799811e-03  1.13120490e-02
  1.49708096e-02  1.20176772e-02  1.80268578e-02  8.40149167e-03
  7.09291686e-03  6.68880484e-03  7.56003188e-03  1.04431975e-02
  8.47204077e-03  2.62264958e-02  1.23209077e-02  1.08610961e-02
  8.61228516e-03  1.06509094e-02  1.38452007e-02  1.21436919e-02
  3.12867431e-01  1.54749175e-01  1.58259511e-01  1.47477108e-01
  1.61379376e-01  1.55321697e-01  1.55498660e-01  3.39281679e-01
  1.67564512e-01  1.70353844e-01  1.59666106e-01  1.76788639e-01
  1.69018590e-01  1.68706200e-01  2.82538819e-02  1.34110742e-02
  1.26338856e-02  1.27371966e-02  4.76715754e-03  9.13695700e-03
  9.36230960e-03 -9.89740025e-02 -5.27433175e-02 -5.43453317e-02
 -5.04355287e-02 -6.23479235e-02 -5.38387478e-02 -5.44814497e-02
 -5.95491915e-02 -3.54960147e-02 -3.60753275e-02 -3.39540304e-02
 -3.52287147e-02 -3.14668859e-02 -3.09567343e-02]

Gradient approximate =
[-7.72763076e-05 -2.82239649e-04 -4.59779388e-04  1.05438622e-04
  5.82281110e-04  4.44427073e-05 -1.96394427e-04 -1.16884582e-03
 -2.97602891e-04 -3.15179172e-04 -1.58307091e-03 -3.83698140e-04
 -2.26256871e-04 -1.13746924e-03 -4.02569520e-04 -7.21024440e-05
 -3.48111302e-04 -2.19913929e-04 -2.46039832e-03 -1.36459982e-03
 -1.15831855e-03 -1.21989856e-03 -1.12424261e-03 -1.15323382e-03
 -1.06029731e-03  1.68035383e-03  6.66063169e-04  4.04203220e-04
  3.95102662e-04  6.06104738e-04  1.07523153e-03  7.40142325e-04
  9.78672330e-03  4.66673024e-03  4.04596330e-03  3.98734903e-03
  4.38421948e-03  5.28210875e-03  4.62237828e-03 -4.40260232e-03
 -1.94500908e-03 -1.72569770e-03  3.11239433e-01  1.52226003e-01
  1.55514957e-01  1.45379994e-01  1.67858316e-01  1.57562466e-01
  1.56913337e-01  3.41486797e-01  1.69971183e-01  1.73421475e-01
  1.62155471e-01  1.83533574e-01  1.72075930e-01  1.70584992e-01
  2.60835556e-01  1.30756412e-01  1.33231983e-01  1.24566709e-01
  1.34036391e-01  1.28533387e-01  1.27699508e-01  3.08587301e-01
  1.52318886e-01  1.55264140e-01  1.45353263e-01  1.60180246e-01
  1.53128317e-01  1.52708530e-01  2.89831445e-01  1.43176137e-01
  1.45400589e-01  1.36248903e-01  1.50427580e-01  1.44123689e-01
  1.43282029e-01  0.00000000e+00  0.00000000e+00  0.00000000e+00
  0.00000000e+00  0.00000000e+00  0.00000000e+00  0.00000000e+00
  0.00000000e+00  0.00000000e+00  0.00000000e+00  0.00000000e+00
  0.00000000e+00  0.00000000e+00  0.00000000e+00  0.00000000e+00
  0.00000000e+00  0.00000000e+00  0.00000000e+00]

Diff = 
[4.91394802e-04 2.50472100e-03 2.00508117e-03 2.74912929e-05
 1.11521831e-03 5.83682262e-04 4.67202588e-04 2.56706749e-03
 1.65848763e-03 2.79558919e-04 1.27608138e-03 5.23786422e-04
 5.10169310e-04 2.21803383e-03 2.87136536e-04 6.20916256e-04
 3.83721924e-03 3.10092017e-04 2.50799858e-02 1.17096427e-02
 9.64564903e-03 1.00650172e-02 1.16485120e-02 1.30839574e-02
 1.04058796e-02 1.95602945e-02 8.78343881e-03 6.76541529e-03
 6.85381677e-03 7.77213059e-03 1.10854677e-02 9.31490048e-03
 7.96938204e-03 3.32925588e-03 2.16149293e-03 2.68544910e-03
 3.09494646e-03 4.16289002e-03 3.04090457e-03 2.95932943e-02
 1.38672471e-02 1.05340309e-02 3.02631435e-01 1.40913954e-01
 1.40544147e-01 1.33362317e-01 1.49831458e-01 1.49160975e-01
 1.49820420e-01 3.34797993e-01 1.62411151e-01 1.62978278e-01
 1.53683430e-01 1.57307079e-01 1.59755022e-01 1.59723896e-01
 2.52223271e-01 1.20105503e-01 1.19386782e-01 1.12423017e-01
 1.78831039e-01 2.62157878e-02 3.05600026e-02 1.61110193e-01
 9.06048974e-03 5.75568444e-05 1.01453972e-02 1.79101433e-01
 1.44361953e-02 1.76453133e-02 1.30165339e-01 3.36125022e-02
 2.36180007e-02 3.24572975e-02 1.22173698e-01 1.30712615e-01
 1.30648143e-01 1.27371966e-02 4.76715754e-03 9.13695700e-03
 9.36230960e-03 9.89740025e-02 5.27433175e-02 5.43453317e-02
 5.04355287e-02 6.23479235e-02 5.38387478e-02 5.44814497e-02
 5.95491915e-02 3.54960147e-02 3.60753275e-02 3.39540304e-02
 3.52287147e-02 3.14668859e-02 3.09567343e-02]

 Iteration 400:
############################
Gradient = 
[ 1.03808904e-04  2.67131642e-04  1.17160932e-03 -8.08862486e-04
 -4.57263206e-03 -6.85109393e-04 -1.83443412e-03 -8.86442576e-03
 -3.91113925e-03 -6.90555913e-04 -3.52608808e-03 -1.14513127e-03
 -2.27870515e-03 -1.02648590e-02 -3.41181517e-03 -2.22849766e-03
 -1.09434494e-02 -3.11045959e-03  4.02254364e-02  1.85192570e-02
  1.56675773e-02  1.61704597e-02  1.82818092e-02  2.15995041e-02
  1.78197074e-02  3.90931808e-02  1.77586789e-02  1.44675670e-02
  1.46801269e-02  1.62675231e-02  2.19331704e-02  1.86170378e-02
  3.42740159e-02  1.56966714e-02  1.29502484e-02  1.35208555e-02
  1.47725395e-02  1.84890650e-02  1.55763331e-02  6.12757560e-02
  2.84495838e-02  2.34483375e-02  2.32671655e-02  2.73298118e-02
  3.50099808e-02  2.95789722e-02  3.47504612e-02  1.59998836e-02
  1.38653220e-02  1.35182748e-02  1.49766714e-02  1.97766845e-02
  1.66707017e-02  4.27673375e-02  1.97737463e-02  1.75236476e-02
  1.53772636e-02  1.79606042e-02  2.30897652e-02  2.02617025e-02
  2.94754549e-01  1.40412529e-01  1.43961999e-01  1.34467801e-01
  1.44512206e-01  1.41869000e-01  1.40638330e-01  3.23220102e-01
  1.53720733e-01  1.56611126e-01  1.47222222e-01  1.60058618e-01
  1.56014216e-01  1.54200669e-01 -1.79296423e-02 -9.26802722e-03
 -1.05123589e-02 -8.93622618e-03 -2.18895575e-02 -1.50742924e-02
 -1.46796621e-02 -1.42403242e-01 -7.31429715e-02 -7.52040584e-02
 -7.02462975e-02 -8.46172838e-02 -7.48427058e-02 -7.47528525e-02
 -9.62041234e-02 -5.36115389e-02 -5.45395660e-02 -5.14464447e-02
 -5.19785622e-02 -4.82933040e-02 -4.72191141e-02]

Gradient approximate =
[-7.12519732e-05 -3.49240998e-04 -4.47169115e-04  1.85222442e-04
  8.74575865e-04  1.65987593e-04  2.96401503e-05 -4.01384095e-04
 -3.98491062e-05 -2.53677646e-04 -1.46902612e-03 -3.33679440e-04
  8.45495252e-05 -1.21429056e-04 -4.72793049e-05  2.33332600e-04
  7.01802776e-04  1.48004129e-04 -9.86729559e-03 -4.88850016e-03
 -4.23909578e-03 -4.29492007e-03 -4.45356033e-03 -5.20696123e-03
 -4.61851372e-03 -4.58567914e-03 -2.32169586e-03 -2.17032688e-03
 -2.15690066e-03 -2.19056710e-03 -2.32701552e-03 -2.22078933e-03
  3.98959733e-03  1.88761127e-03  1.67082491e-03  1.65958811e-03
  1.80294910e-03  2.17680841e-03  1.92565054e-03 -1.14045265e-02
 -5.25857163e-03 -4.61912521e-03  2.90209588e-01  1.34944339e-01
  1.37596711e-01  1.29195078e-01  1.45729855e-01  1.41573649e-01
  1.39854563e-01  3.23156490e-01  1.53758595e-01  1.56874682e-01
  1.47241836e-01  1.60922087e-01  1.56222259e-01  1.53614825e-01
  2.42836757e-01  1.15931412e-01  1.17979924e-01  1.10787423e-01
  1.19912330e-01  1.17159310e-01  1.15212990e-01  2.92657161e-01
  1.39245412e-01  1.42308142e-01  1.33579731e-01  1.44699130e-01
  1.40862720e-01  1.39051896e-01  2.74158537e-01  1.30480483e-01
  1.32803189e-01  1.24809239e-01  1.35408080e-01  1.32170161e-01
  1.30055057e-01  0.00000000e+00  0.00000000e+00  0.00000000e+00
  0.00000000e+00  0.00000000e+00  0.00000000e+00  0.00000000e+00
  0.00000000e+00  0.00000000e+00  0.00000000e+00  0.00000000e+00
  0.00000000e+00  0.00000000e+00  0.00000000e+00  0.00000000e+00
  0.00000000e+00  0.00000000e+00  0.00000000e+00]

Diff = 
[1.75060877e-04 6.16372640e-04 1.61877844e-03 9.94084928e-04
 5.44720793e-03 8.51096986e-04 1.86407427e-03 8.46304167e-03
 3.87129014e-03 4.36878268e-04 2.05706197e-03 8.11451828e-04
 2.36325468e-03 1.01434299e-02 3.36453587e-03 2.46183026e-03
 1.16452522e-02 3.25846372e-03 5.00927320e-02 2.34077571e-02
 1.99066731e-02 2.04653798e-02 2.27353695e-02 2.68064653e-02
 2.24382211e-02 4.36788599e-02 2.00803748e-02 1.66378938e-02
 1.68370275e-02 1.84580902e-02 2.42601859e-02 2.08378271e-02
 3.02844186e-02 1.38090602e-02 1.12794235e-02 1.18612674e-02
 1.29695904e-02 1.63122566e-02 1.36506826e-02 7.26802825e-02
 3.37081554e-02 2.80674627e-02 2.66942422e-01 1.07614527e-01
 1.02586730e-01 9.96161063e-02 1.10979394e-01 1.25573765e-01
 1.25989241e-01 3.09638216e-01 1.38781924e-01 1.37097998e-01
 1.30571134e-01 1.18154749e-01 1.36448512e-01 1.36091177e-01
 2.27459494e-01 9.79708074e-02 9.48901586e-02 9.05257200e-02
 1.74842219e-01 2.32532194e-02 2.87490099e-02 1.58189360e-01
 5.26679352e-03 4.39142249e-04 7.05859855e-03 1.78520972e-01
 1.28580126e-02 1.75592296e-02 1.26936315e-01 2.95781345e-02
 2.32110265e-02 2.93914299e-02 1.53337722e-01 1.41438188e-01
 1.40567416e-01 8.93622618e-03 2.18895575e-02 1.50742924e-02
 1.46796621e-02 1.42403242e-01 7.31429715e-02 7.52040584e-02
 7.02462975e-02 8.46172838e-02 7.48427058e-02 7.47528525e-02
 9.62041234e-02 5.36115389e-02 5.45395660e-02 5.14464447e-02
 5.19785622e-02 4.82933040e-02 4.72191141e-02]

 Iteration 500:
############################
Gradient = 
[-0.00179812 -0.00837176 -0.00186598 -0.00287044 -0.01348779 -0.00400736
 -0.00410681 -0.01855428 -0.00775429 -0.00275885 -0.01261645 -0.00479575
 -0.00535787 -0.02343782 -0.00875569 -0.00511761 -0.02329338 -0.00802691
  0.05267933  0.02447521  0.02118451  0.02204211  0.02415609  0.02926193
  0.02467744  0.05149013  0.02368766  0.01995538  0.02050787  0.02211528
  0.02949544  0.02538097  0.0460988   0.02134573  0.01814789  0.01901358
  0.02031807  0.02565534  0.02197038  0.08753007  0.0406567   0.03487032
  0.03513126  0.03968951  0.05103473  0.04394653  0.04662349  0.02152522
  0.01910216  0.01902132  0.02064095  0.02720114  0.0233606   0.05415658
  0.02504489  0.02256364  0.0207331   0.02341911  0.03031551  0.026778
  0.26658452  0.11938258  0.12273571  0.11491295  0.11862992  0.12191517
  0.11928589  0.30111694  0.13475538  0.13759145  0.12979974  0.13543761
  0.13800673  0.13474307 -0.04561962 -0.02141795 -0.02301451 -0.0207043
 -0.03647512 -0.02870589 -0.02780264 -0.16181842 -0.07924264 -0.08161027
 -0.07655795 -0.09018438 -0.08176513 -0.08073564 -0.11481154 -0.06082299
 -0.06200011 -0.05865757 -0.05590305 -0.05444502 -0.05252772]

Gradient approximate =
[ 4.48533477e-04  1.57987220e-03  2.25884809e-04  7.13530237e-04
  2.92568875e-03  8.70054266e-04  7.58493237e-04  2.27006463e-03
  8.36070337e-04  3.17401307e-04  5.58978530e-04  3.39917330e-04
  1.10017043e-03  3.54236096e-03  1.16621024e-03  1.16280286e-03
  4.13071038e-03  1.29099761e-03 -1.94383923e-02 -9.50116299e-03
 -8.35838147e-03 -8.50765363e-03 -8.89481095e-03 -1.07788915e-02
 -9.53782869e-03 -1.28994589e-02 -6.30034950e-03 -5.66944407e-03
 -5.71702646e-03 -5.98758198e-03 -7.09533025e-03 -6.38905072e-03
 -3.83232374e-03 -1.83835609e-03 -1.57663569e-03 -1.61082598e-03
 -1.72449341e-03 -2.19636719e-03 -1.88882220e-03 -2.04461733e-02
 -9.63476002e-03 -8.54115944e-03  2.57992698e-01  1.10022235e-01
  1.11455338e-01  1.05287181e-01  1.12900124e-01  1.18263241e-01
  1.15523060e-01  2.97882952e-01  1.31602782e-01  1.33999604e-01
  1.26392461e-01  1.28451599e-01  1.34422640e-01  1.30799548e-01
  2.16858574e-01  9.54032537e-02  9.66381665e-02  9.12989188e-02
  9.91054431e-02  1.01087063e-01  9.81921835e-02  2.68230263e-01
  1.20278272e-01  1.23294515e-01  1.16080827e-01  1.20944836e-01
  1.22803575e-01  1.19640092e-01  2.53395748e-01  1.13618673e-01
  1.15925337e-01  1.09324640e-01  1.13959529e-01  1.16112204e-01
  1.12823947e-01  0.00000000e+00  0.00000000e+00  0.00000000e+00
  0.00000000e+00  0.00000000e+00  0.00000000e+00  0.00000000e+00
  0.00000000e+00  0.00000000e+00  0.00000000e+00  0.00000000e+00
  0.00000000e+00  0.00000000e+00  0.00000000e+00  0.00000000e+00
  0.00000000e+00  0.00000000e+00  0.00000000e+00]

Diff = 
[0.00224665 0.00995163 0.00209187 0.00358397 0.01641348 0.00487741
 0.0048653  0.02082434 0.00859036 0.00307625 0.01317543 0.00513566
 0.00645804 0.02698018 0.0099219  0.00628042 0.02742409 0.00931791
 0.07211772 0.03397637 0.02954289 0.03054976 0.0330509  0.04004082
 0.03421527 0.06438959 0.02998801 0.02562483 0.02622489 0.02810287
 0.03659077 0.03177002 0.04993113 0.02318409 0.01972453 0.02062441
 0.02204257 0.0278517  0.0238592  0.10797624 0.05029146 0.04341147
 0.22286144 0.07033273 0.0604206  0.06134065 0.06627663 0.09673802
 0.0964209  0.27886164 0.11096183 0.10679846 0.10303186 0.07429502
 0.10937775 0.10823591 0.19612548 0.07198414 0.06632265 0.06452092
 0.16747908 0.01829552 0.02454353 0.15331732 0.00164835 0.00137935
 0.00320507 0.1801721  0.01195181 0.01795136 0.123596   0.02181893
 0.02208139 0.02541843 0.15957915 0.13753016 0.13583846 0.0207043
 0.03647512 0.02870589 0.02780264 0.16181842 0.07924264 0.08161027
 0.07655795 0.09018438 0.08176513 0.08073564 0.11481154 0.06082299
 0.06200011 0.05865757 0.05590305 0.05444502 0.05252772]

 Iteration 600:
############################
Gradient = 
[-0.0049417  -0.02185728 -0.00707846 -0.00587836 -0.02610111 -0.00900189
 -0.00726045 -0.03167353 -0.01316285 -0.00592664 -0.02598811 -0.01033978
 -0.00924721 -0.03932466 -0.01557504 -0.00889027 -0.03892652 -0.01455784
  0.05929578  0.028537    0.02523264  0.0265806   0.0283902   0.03499685
  0.03006306  0.05837015  0.02783859  0.02407148  0.02509949  0.02642758
  0.03526298  0.03077888  0.05279811  0.02531112  0.02204655  0.0233345
  0.02440991  0.0311298   0.02706955  0.10074696  0.04825033  0.04260081
  0.04359981  0.0479218   0.06201564  0.05433197  0.05264968  0.0251356
  0.02283282  0.02316368  0.02461813  0.03256448  0.02847397  0.05931593
  0.0282765   0.02598293  0.02460983  0.02706384  0.03531111  0.03157162
  0.23452387  0.09597505  0.09885096  0.09282103  0.08977259  0.09976195
  0.0957059   0.27731287  0.11400422  0.11659563  0.11049365  0.10795287
  0.11833093  0.11365578 -0.05723796 -0.02468242 -0.0264375  -0.0239968
 -0.04072947 -0.03332138 -0.03170708 -0.16930074 -0.07766967 -0.08024031
 -0.07558013 -0.086582   -0.08123718 -0.07916718 -0.12273768 -0.06112114
 -0.06244646 -0.05929932 -0.05170105 -0.05406966 -0.05108551]

Gradient approximate =
[ 0.00172098  0.00646782  0.00185257  0.00189013  0.00753415  0.00239456
  0.00216417  0.00757834  0.00255146  0.00162923  0.00545516  0.00192709
  0.00294667  0.01034808  0.00338127  0.00286845  0.01056306  0.00339006
 -0.02845139 -0.01426008 -0.01273566 -0.01311467 -0.01359707 -0.01684483
 -0.01498982 -0.02109954 -0.01053192 -0.00950046 -0.00973303 -0.01013125
 -0.01246797 -0.01115603 -0.01172995 -0.00581679 -0.0051456  -0.00531404
 -0.00558676 -0.00714013 -0.00626096 -0.02853179 -0.01400855 -0.01259221
  0.22162792  0.08271611  0.08252735  0.07862256  0.07721581  0.09259813
  0.08873342  0.27054249  0.10743829  0.10878322  0.10327366  0.09320742
  0.11079959  0.10611546  0.18852271  0.07356835  0.07371629  0.07023561
  0.07680099  0.08393118  0.08030947  0.23983064  0.09892712  0.101687
  0.09610467  0.094085    0.10243799  0.09797079  0.23152957  0.09565556
  0.0978185   0.09265282  0.09063221  0.09899135  0.09464803  0.
  0.          0.          0.          0.          0.          0.
  0.          0.          0.          0.          0.          0.
  0.          0.          0.          0.          0.        ]

Diff = 
[0.00666268 0.0283251  0.00893102 0.00776849 0.03363526 0.01139645
 0.00942462 0.03925187 0.01571431 0.00755587 0.03144327 0.01226687
 0.01219389 0.04967274 0.01895631 0.01175872 0.04948958 0.01794789
 0.08774718 0.04279708 0.0379683  0.03969527 0.04198727 0.05184169
 0.04505287 0.07946969 0.03837051 0.03357195 0.03483252 0.03655883
 0.04773095 0.04193491 0.06452805 0.03112791 0.02719215 0.02864854
 0.02999667 0.03826993 0.03333052 0.12927875 0.06225888 0.05519302
 0.17802811 0.03479431 0.02051171 0.02429059 0.02456614 0.06746252
 0.0659006  0.24737881 0.08282015 0.07621874 0.07479969 0.03389148
 0.08252309 0.08013253 0.16391288 0.04650451 0.03840518 0.03866399
 0.15772288 0.01204387 0.01854149 0.1470096  0.00915453 0.00192505
 0.00039878 0.18322788 0.01156622 0.01862485 0.12103592 0.01229731
 0.02051244 0.02100296 0.14787016 0.12367377 0.12108553 0.0239968
 0.04072947 0.03332138 0.03170708 0.16930074 0.07766967 0.08024031
 0.07558013 0.086582   0.08123718 0.07916718 0.12273768 0.06112114
 0.06244646 0.05929932 0.05170105 0.05406966 0.05108551]

 Iteration 700:
############################
Gradient = 
[-0.0082536  -0.03543804 -0.01281259 -0.00895024 -0.03858334 -0.01427636
 -0.01035193 -0.04405969 -0.0186151  -0.00914764 -0.03904981 -0.01608568
 -0.01224126 -0.05039676 -0.02104413 -0.01210645 -0.05142093 -0.02033772
  0.06005694  0.03086109  0.02785061  0.02967398  0.03103256  0.0382867
  0.03363201  0.05979698  0.03042569  0.02691089  0.02841094  0.02931445
  0.03882846  0.03455978  0.05436908  0.02776731  0.02471267  0.02642188
  0.02712859  0.03452266  0.03062769  0.09927969  0.0506287   0.04578342
  0.04750153  0.05109758  0.06567547  0.05880818  0.05278307  0.02696008
  0.0250468   0.02579682  0.02689367  0.0352658   0.03156177  0.05816877
  0.02954354  0.02770744  0.02678398  0.02881213  0.03736942  0.03409002
  0.20474721  0.07375273  0.07583087  0.07157991  0.06292382  0.07890239
  0.07349044  0.25576139  0.09407239  0.09616871  0.09175182  0.08187469
  0.09956301  0.09361334 -0.05559395 -0.02144391 -0.02308119 -0.02097062
 -0.03794126 -0.03116997 -0.02888253 -0.17009706 -0.07173305 -0.07436442
 -0.07038419 -0.07839868 -0.07652359 -0.07344454 -0.12381349 -0.05690938
 -0.05821535 -0.05558878 -0.04282471 -0.04959926 -0.04547052]

Gradient approximate =
[ 0.00357512  0.01365257  0.00421242  0.00358918  0.01422597  0.00456943
  0.00408735  0.01494785  0.0049109   0.00352861  0.01267454  0.00423692
  0.00517027  0.01844091  0.00600195  0.00502497  0.01868198  0.00600905
 -0.03509663 -0.01866655 -0.0169269  -0.01763785 -0.01807221 -0.02253158
 -0.02032368 -0.02765238 -0.01464742 -0.01334842 -0.01387258 -0.01427037
 -0.01780506 -0.01606832 -0.01831605 -0.00972085 -0.00876211 -0.00916665
 -0.00947774 -0.01211852 -0.01081404 -0.03332905 -0.01753857 -0.01600186
  0.18812047  0.05738241  0.05560489  0.05361706  0.04478356  0.06835767
  0.06333706  0.24537363  0.08414728  0.08422246  0.08067615  0.06090165
  0.08836118  0.0826323   0.16306939  0.05381324  0.05282335  0.05091637
  0.05724961  0.06862899  0.06454059  0.21207182  0.07821776  0.08045659
  0.07650269  0.06869028  0.08272315  0.07713331  0.21214424  0.07894667
  0.08080832  0.07701609  0.06918851  0.0831418   0.07793013  0.
  0.          0.          0.          0.          0.          0.
  0.          0.          0.          0.          0.          0.
  0.          0.          0.          0.          0.        ]

Diff = 
[0.01182872 0.04909061 0.01702501 0.01253942 0.05280931 0.0188458
 0.01443928 0.05900754 0.023526   0.01267625 0.05172434 0.02032259
 0.01741152 0.06883766 0.02704608 0.01713142 0.0701029  0.02634677
 0.09515357 0.04952765 0.04477751 0.04731183 0.04910477 0.06081828
 0.05395569 0.08744937 0.04507311 0.04025932 0.04228352 0.04358482
 0.05663351 0.05062811 0.07268513 0.03748816 0.03347478 0.03558853
 0.03660633 0.04664118 0.04144173 0.13260874 0.06816727 0.06178528
 0.14061895 0.00628483 0.01007057 0.00519113 0.00799951 0.04139758
 0.03829027 0.21957681 0.05725362 0.04895666 0.04911438 0.00273288
 0.05881764 0.05492486 0.13628542 0.02500111 0.01545393 0.01682635
 0.14749761 0.00512374 0.01129028 0.14049191 0.01529394 0.0015542
 0.00301226 0.18707112 0.01134925 0.0190354  0.12039242 0.00292801
 0.01875469 0.01659725 0.12478246 0.10458572 0.10101131 0.02097062
 0.03794126 0.03116997 0.02888253 0.17009706 0.07173305 0.07436442
 0.07038419 0.07839868 0.07652359 0.07344454 0.12381349 0.05690938
 0.05821535 0.05558878 0.04282471 0.04959926 0.04547052]

 Iteration 800:
############################
Gradient = 
[-0.01031965 -0.0430688  -0.01676286 -0.01082191 -0.04552048 -0.01775802
 -0.0120054  -0.04976476 -0.02178748 -0.01099984 -0.04571122 -0.01963151
 -0.01289617 -0.05097385 -0.02267386 -0.01315624 -0.05397926 -0.02261318
  0.05564265  0.03099806  0.02853843  0.03059593  0.03151732  0.03803928
  0.03427139  0.05614239  0.03090146  0.02788979  0.02963867  0.03012264
  0.03899783  0.03553347  0.05126342  0.02828607  0.02567578  0.02760715
  0.02794726  0.03482643  0.03163643  0.08555024  0.04719649  0.04354617
  0.04553686  0.04824187  0.06036387  0.055408    0.04784478  0.02662583
  0.02528756  0.02625252  0.02693181  0.03431765  0.0315498   0.05178173
  0.02850862  0.02729862  0.02660155  0.02815297  0.03556029  0.03328704
  0.18198429  0.05521265  0.05626507  0.0536562   0.04153944  0.06165829
  0.05521288  0.23917116  0.07679076  0.07817881  0.07533978  0.06039912
  0.08342464  0.07654716 -0.04407832 -0.01468864 -0.01596256 -0.01442793
 -0.03228849 -0.02502929 -0.02245991 -0.16636628 -0.06352316 -0.06605602
 -0.06289813 -0.06912447 -0.06955484 -0.06573495 -0.12043958 -0.05025177
 -0.05135537 -0.04944877 -0.03260029 -0.0429317  -0.03789811]

Gradient approximate =
[ 0.00548108  0.02096759  0.0066173   0.00536601  0.02117836  0.00680998
  0.00601477  0.02230198  0.00725955  0.00549424  0.02014004  0.00660728
  0.00700167  0.02475074  0.00805964  0.00692059  0.02556038  0.00822416
 -0.03884061 -0.02237739 -0.02060187 -0.02162609 -0.02192204 -0.02694478
 -0.02477389 -0.03183376 -0.01830328 -0.01689636 -0.01771888 -0.01802436
 -0.02226044 -0.02043201 -0.02292519 -0.01328837 -0.01218612 -0.01284789
 -0.01310574 -0.01644723 -0.01499935 -0.03426512 -0.01965267 -0.01819955
  0.16291463  0.03710167  0.03431164  0.03369479  0.01941196  0.04800347
  0.0420518   0.22530597  0.06372861  0.06260671  0.06071562  0.03530226
  0.06908889  0.0625468   0.14431506  0.03812204  0.03628484  0.03548134
  0.04275262  0.05689003  0.05255495  0.18898588  0.06057424  0.06209091
  0.05962842  0.04828449  0.06594586  0.05963888  0.1976588   0.0649787
  0.0664115   0.0638463   0.052122    0.07000802  0.06420742  0.
  0.          0.          0.          0.          0.          0.
  0.          0.          0.          0.          0.          0.
  0.          0.          0.          0.          0.        ]

Diff = 
[0.01580074 0.06403639 0.02338016 0.01618791 0.06669884 0.024568
 0.01802018 0.07206674 0.02904703 0.01649408 0.06585126 0.02623879
 0.01989784 0.07572458 0.0307335  0.02007683 0.07953964 0.03083733
 0.09448326 0.05337545 0.04914031 0.05222201 0.05343936 0.06498406
 0.05904527 0.08797615 0.04920474 0.04478615 0.04735755 0.048147
 0.06125827 0.05596547 0.07418862 0.04157444 0.0378619  0.04045503
 0.041053   0.05127366 0.04663578 0.11981536 0.06684916 0.06174572
 0.11737777 0.0111402  0.02605223 0.02171322 0.02843282 0.02137764
 0.01676424 0.19905345 0.03679679 0.02828906 0.02916582 0.01647947
 0.04058027 0.03524818 0.11771352 0.00996907 0.00072455 0.00219431
 0.13923167 0.00167738 0.00371012 0.13532968 0.01903481 0.00043262
 0.00441555 0.19088668 0.0108449  0.01853993 0.12231903 0.00457958
 0.01701315 0.01270086 0.09620032 0.08469666 0.08016998 0.01442793
 0.03228849 0.02502929 0.02245991 0.16636628 0.06352316 0.06605602
 0.06289813 0.06912447 0.06955484 0.06573495 0.12043958 0.05025177
 0.05135537 0.04944877 0.03260029 0.0429317  0.03789811]

 Iteration 900:
############################
Gradient = 
[-0.01052033 -0.04246436 -0.01778293 -0.01090846 -0.04462302 -0.01841125
 -0.01170431 -0.04691915 -0.02172057 -0.01092351 -0.04393317 -0.01995693
 -0.01156263 -0.04362411 -0.02096155 -0.01203805 -0.04741316 -0.02127565
  0.04811909  0.02882216  0.02704372  0.02899063  0.02961109  0.03445803
  0.03173847  0.04915926  0.02900279  0.02663338  0.02829719  0.02848762
  0.03577836  0.03329765  0.04515412  0.02668644  0.02464894  0.0265045
  0.02659035  0.03209755  0.02978178  0.06715553  0.03972613  0.03723701
  0.03897494  0.04095029  0.04936343  0.04628749  0.04005008  0.02411702
  0.02340204  0.02427911  0.02460853  0.03016121  0.02840121  0.04282054
  0.02536602  0.02479641  0.02402073  0.02517962  0.03063866  0.02940608
  0.16755719  0.04130976  0.0413597   0.04008906  0.02676541  0.04881137
  0.04183228  0.22812622  0.06305879  0.0637044   0.0621789   0.04485726
  0.07069374  0.06335911 -0.0276615  -0.00766682 -0.00854877 -0.00753091
 -0.02747878 -0.01806353 -0.01574029 -0.1597262  -0.05497823 -0.05733901
 -0.05495103 -0.06139526 -0.06208011 -0.0579479  -0.11489871 -0.04330127
 -0.04415613 -0.04294415 -0.0239027  -0.03598959 -0.0305303 ]

Gradient approximate =
[ 0.0069069   0.02620648  0.00837182  0.00673444  0.02633866  0.00848105
  0.00741827  0.02744363  0.0089197   0.00698378  0.02562316  0.00835149
  0.00805777  0.02792512  0.00912366  0.00807488  0.02931693  0.00945535
 -0.0401696  -0.02504738 -0.02339073 -0.02457651 -0.02472188 -0.0295813
 -0.02769964 -0.0337181  -0.02104285 -0.01968416 -0.02068223 -0.0208693
 -0.02513489 -0.02347901 -0.02556091 -0.01614309 -0.01503908 -0.01586645
 -0.01603651 -0.01951645 -0.01816124 -0.03263395 -0.02032169 -0.01908051
  0.14753789  0.02288028  0.01974388  0.02001701  0.00208926  0.03250929
  0.02604025  0.21122862  0.04731428  0.04534105  0.0446887   0.01752321
  0.0539461   0.04696616  0.13311086  0.02677217  0.0245196   0.02438893
  0.03317172  0.04879233  0.04432477  0.17251119  0.04722263  0.04802579
  0.04674642  0.03421736  0.05323749  0.046703    0.1884801   0.05421267
  0.05518767  0.05361793  0.04007271  0.06001114  0.05391874  0.
  0.          0.          0.          0.          0.          0.
  0.          0.          0.          0.          0.          0.
  0.          0.          0.          0.          0.        ]

Diff = 
[0.01742723 0.06867084 0.02615475 0.0176429  0.07096168 0.02689231
 0.01912258 0.07436278 0.03064027 0.01790728 0.06955632 0.02830842
 0.0196204  0.07154923 0.03008522 0.02011294 0.07673008 0.030731
 0.08828869 0.05386955 0.05043445 0.05356714 0.05433297 0.06403932
 0.05943811 0.08287736 0.05004564 0.04631754 0.04897942 0.04935692
 0.06091325 0.05677667 0.07071503 0.04282953 0.03968802 0.04237095
 0.04262686 0.051614   0.04794302 0.09978947 0.06004782 0.05631752
 0.10856295 0.01807001 0.02961955 0.02627048 0.03796082 0.00839227
 0.0026382  0.18694951 0.02270575 0.01517984 0.0162875  0.02529733
 0.02858008 0.02216976 0.10909013 0.00159255 0.00611906 0.00501714
 0.13438547 0.00748258 0.00296507 0.13242213 0.02045723 0.00078559
 0.00491414 0.19390886 0.0098213  0.0170014  0.1263012  0.00935542
 0.01550607 0.00974118 0.06773422 0.06767796 0.0624675  0.00753091
 0.02747878 0.01806353 0.01574029 0.1597262  0.05497823 0.05733901
 0.05495103 0.06139526 0.06208011 0.0579479  0.11489871 0.04330127
 0.04415613 0.04294415 0.0239027  0.03598959 0.0305303 ]

 