Iteration 0:
############################
Gradient = 
[-8.53617508e-03 -2.57238866e-02 -1.02319059e-02 -1.60275334e-02
 -6.06817110e-02 -1.86527255e-02  4.77625612e-03  1.30153411e-02
  8.46023079e-03 -3.65241911e-05  1.82370212e-02  1.06691524e-02
  3.16902126e-01  1.94988882e-01  1.80299859e-01  1.29611932e-01
  1.50252478e-01  2.81113526e-01  1.63078891e-01  1.52851719e-01
  1.21774188e-01  1.30081622e-01  3.01699666e-01  1.68788790e-01
  1.58315505e-01  1.33725125e-01  1.38868175e-01  2.90294555e-01
  1.73999370e-01  1.59735610e-01  1.22004494e-01  1.33854713e-01
  2.85309947e-01  1.58966787e-01  1.50898558e-01  1.32290108e-01
  1.39152860e-01]

Gradient approximate =
[-8.53617509e-03 -3.04114562e-02 -8.63262187e-03 -1.60275333e-02
 -6.32736263e-02 -2.15464230e-02  4.77625613e-03  1.72856839e-02
  4.33798813e-03 -3.65242014e-05  2.11344933e-02  6.41406432e-03
  3.16902126e-01  1.95415888e-01  1.83533840e-01  1.30441550e-01
  1.45932780e-01  2.81113526e-01  1.63447653e-01  1.53661852e-01
  1.22264001e-01  1.32514104e-01  3.01699666e-01  1.70874630e-01
  1.59791530e-01  1.33651303e-01  1.42900838e-01  2.90294555e-01
  1.75927994e-01  1.61622725e-01  1.18941517e-01  1.31424034e-01
  2.85309947e-01  1.60184404e-01  1.54503291e-01  1.30636475e-01
  1.39763870e-01]

Diff = 
[1.56548940e-11 4.68756954e-03 1.59928401e-03 8.00394299e-11
 2.59191535e-03 2.89369744e-03 1.08889954e-11 4.27034282e-03
 4.12224266e-03 1.02980285e-11 2.89747210e-03 4.25508806e-03
 2.72583622e-11 4.27005677e-04 3.23398029e-03 8.29617153e-04
 4.31969750e-03 1.36763378e-11 3.68762444e-04 8.10133149e-04
 4.89812948e-04 2.43248109e-03 1.09539045e-11 2.08584014e-03
 1.47602431e-03 7.38225466e-05 4.03266245e-03 2.43246534e-11
 1.92862438e-03 1.88711501e-03 3.06297680e-03 2.43067853e-03
 2.22245555e-11 1.21761650e-03 3.60473283e-03 1.65363228e-03
 6.11010895e-04]

 Iteration 100:
############################
Gradient = 
[-0.0294457  -0.10109647 -0.0339385  -0.03226537 -0.11604334 -0.03581319
 -0.01818247 -0.07167253 -0.01852293 -0.02278571 -0.06764461 -0.01665088
  0.17790473  0.12972768  0.12806844  0.07826126  0.09200766  0.16241681
  0.09868185  0.09668447  0.07243233  0.07566521  0.17458783  0.09587481
  0.09299807  0.07786525  0.07793882  0.16652885  0.11089987  0.10713704
  0.07355957  0.07985123  0.16442734  0.09127893  0.08977682  0.07967726
  0.08142615]

Gradient approximate =
[-0.0294457  -0.10996973 -0.03375932 -0.03226537 -0.1240269  -0.0403714
 -0.01818247 -0.06955184 -0.02311077 -0.02278571 -0.06674004 -0.02129157
  0.17790473  0.13821042  0.13901838  0.08414363  0.0935948   0.16241681
  0.10555468  0.10374126  0.07769218  0.08314842  0.17458783  0.1045366
  0.10075796  0.08301441  0.08731539  0.16652885  0.11989973  0.1156995
  0.07527262  0.08264231  0.16442734  0.0987053   0.09939843  0.0832495
  0.0874704 ]

Diff = 
[2.49135365e-11 8.87325695e-03 1.79180188e-04 1.37440892e-11
 7.98356335e-03 4.55821357e-03 1.91223461e-11 2.12069694e-03
 4.58783950e-03 2.02794517e-11 9.04567965e-04 4.64068818e-03
 9.02022346e-11 8.48274041e-03 1.09499350e-02 5.88236786e-03
 1.58714252e-03 1.12553578e-10 6.87282598e-03 7.05678307e-03
 5.25984664e-03 7.48320401e-03 1.08131892e-10 8.66178599e-03
 7.75989318e-03 5.14915979e-03 9.37657244e-03 1.12102605e-10
 8.99986296e-03 8.56245923e-03 1.71305152e-03 2.79107739e-03
 1.02595238e-10 7.42637221e-03 9.62160655e-03 3.57224584e-03
 6.04425319e-03]

 Iteration 200:
############################
Gradient = 
[-0.0200028  -0.05998916 -0.02113093 -0.02064277 -0.06554836 -0.01990204
 -0.01640808 -0.05959259 -0.01510317 -0.01935309 -0.05096057 -0.01187702
  0.08942169  0.0777732   0.07833281  0.04848358  0.05673777  0.08952864
  0.05013584  0.04935741  0.04006184  0.04004638  0.09848333  0.04397312
  0.04274007  0.03956973  0.03705684  0.08961042  0.06187461  0.06010164
  0.04393165  0.04619746  0.09202936  0.04276746  0.04164659  0.04402846
  0.04289045]

Gradient approximate =
[-0.0200028  -0.07299439 -0.02236419 -0.02064277 -0.07814198 -0.02587593
 -0.01640808 -0.06094507 -0.02059012 -0.01935309 -0.05319684 -0.01728423
  0.08942169  0.09143451  0.09445248  0.05752063  0.06202815  0.08952864
  0.06068781  0.06003407  0.04811171  0.05039299  0.09848333  0.05606415
  0.05383515  0.04762036  0.0492631   0.08961042  0.07517103  0.07283559
  0.04856567  0.05211915  0.09202936  0.05348935  0.05450494  0.05066795
  0.05200756]

Diff = 
[1.33281233e-12 1.30052345e-02 1.23326297e-03 1.69151637e-11
 1.25936115e-02 5.97389117e-03 2.59599807e-11 1.35247932e-03
 5.48694581e-03 1.59677375e-11 2.23626670e-03 5.40721527e-03
 1.50201948e-10 1.36613077e-02 1.61196723e-02 9.03705686e-03
 5.29037118e-03 1.46119991e-10 1.05519709e-02 1.06766562e-02
 8.04987243e-03 1.03466087e-02 1.38463185e-10 1.20910293e-02
 1.10950837e-02 8.05063670e-03 1.22062609e-02 1.47699519e-10
 1.32964139e-02 1.27339494e-02 4.63402064e-03 5.92169383e-03
 1.35906120e-10 1.07218891e-02 1.28583444e-02 6.63948675e-03
 9.11711661e-03]

 Iteration 300:
############################
Gradient = 
[-0.01149525 -0.02804236 -0.01087751 -0.01135636 -0.03058641 -0.00874076
 -0.0110078  -0.03593167 -0.00801629 -0.01319654 -0.02642691 -0.00457227
  0.04292877  0.04376716  0.04446757  0.02855023  0.0333343   0.05267245
  0.02157612  0.02091429  0.0196426   0.01828134  0.06131674  0.01558588
  0.01481006  0.01661124  0.01355106  0.04955731  0.03105334  0.02967049
  0.02450379  0.02457261  0.05604388  0.0154338   0.01413099  0.02182758
  0.01987965]

Gradient approximate =
[-0.01149525 -0.04318942 -0.01289377 -0.01135636 -0.04551233 -0.0154082
 -0.0110078  -0.03966678 -0.01407873 -0.01319654 -0.03057874 -0.01038387
  0.04292877  0.0604174   0.06361005  0.03949137  0.04084933  0.05267245
  0.03386302  0.0332906   0.02915268  0.03004749  0.06131674  0.02909967
  0.0272792   0.02602246  0.02697233  0.04955732  0.04662081  0.04459784
  0.03082414  0.03223287  0.05604388  0.02755007  0.02832256  0.03007694
  0.03052313]

Diff = 
[8.51511917e-12 1.51470533e-02 2.01625547e-03 1.03273258e-11
 1.49259227e-02 6.66743936e-03 1.39325374e-11 3.73511704e-03
 6.06244080e-03 1.19900530e-11 4.15183511e-03 5.81159973e-03
 1.61675978e-10 1.66502390e-02 1.91424823e-02 1.09411483e-02
 7.51503552e-03 1.50720214e-10 1.22869010e-02 1.23763152e-02
 9.51007659e-03 1.17661512e-02 1.42172073e-10 1.35137904e-02
 1.24691437e-02 9.41121768e-03 1.34212675e-02 1.55548831e-10
 1.55674716e-02 1.49273528e-02 6.32034816e-03 7.66025499e-03
 1.56012578e-10 1.21162719e-02 1.41915638e-02 8.24935631e-03
 1.06434882e-02]

 Iteration 400:
############################
Gradient = 
[-0.00666012 -0.01180553 -0.00553338 -0.0062098  -0.0133069  -0.00318299
 -0.0073276  -0.02107505 -0.00358855 -0.00921893 -0.01202638 -0.00033707
  0.01948897  0.02491851  0.02555052  0.0167667   0.01958409  0.03494125
  0.00717792  0.00653877  0.00851938  0.00681773  0.04398247  0.00199788
  0.00140282  0.0047938   0.00194899  0.02958105  0.01456433  0.01335994
  0.0133448   0.01242785  0.03894798  0.00205088  0.0006548   0.00987855
  0.00800207]

Gradient approximate =
[-0.00666012 -0.02791109 -0.00794864 -0.0062098  -0.02928932 -0.01013511
 -0.0073276  -0.02621138 -0.00993284 -0.00921893 -0.01711053 -0.00626136
  0.01948897  0.04325392  0.04641184  0.02882341  0.02840221  0.03494125
  0.02014943  0.01956701  0.01871097  0.01918597  0.04398247  0.01591469
  0.01424105  0.0147122   0.01572728  0.02958105  0.03123921  0.02932985
  0.02059271  0.02099131  0.03894798  0.01456927  0.01518021  0.01889627
  0.01931579]

Diff = 
[1.13458236e-11 1.61055666e-02 2.41526091e-03 1.23221945e-11
 1.59824167e-02 6.95211444e-03 9.50607214e-12 5.13633143e-03
 6.34428685e-03 7.49260896e-12 5.08415019e-03 5.92428687e-03
 1.58654388e-10 1.83354083e-02 2.08613264e-02 1.20567073e-02
 8.81812357e-03 1.66237094e-10 1.29715053e-02 1.30282329e-02
 1.01915895e-02 1.23682402e-02 1.57790767e-10 1.39168072e-02
 1.28382231e-02 9.91840313e-03 1.37782876e-02 1.70781032e-10
 1.66748767e-02 1.59699094e-02 7.24791003e-03 8.56345767e-03
 1.64016238e-10 1.25183982e-02 1.45254143e-02 9.01771437e-03
 1.13137169e-02]

 Iteration 500:
############################
Gradient = 
[-0.00398132 -0.00393664 -0.00285907 -0.00337586 -0.00500116 -0.00050825
 -0.00521952 -0.01325305 -0.00130634 -0.00696938 -0.00482615  0.00169357
  0.00743549  0.01471844  0.01528334  0.01021924  0.01177997  0.02628302
  0.00017844 -0.00044138  0.00279073  0.00110416  0.035737   -0.00429715
 -0.00480753 -0.00099323 -0.00343414  0.01945202  0.00602248  0.00495356
  0.00731697  0.00593121  0.0306998  -0.00424038 -0.00566365  0.00372429
  0.0021656 ]

Gradient approximate =
[-0.00398132 -0.02041651 -0.00547855 -0.00337586 -0.02142114 -0.00754577
 -0.00521952 -0.01923342 -0.0077677  -0.00696938 -0.01031436 -0.00419036
  0.00743549  0.03402804  0.03714893  0.02294025  0.02137096  0.02628302
  0.01331565  0.01272086  0.01325232  0.01365634  0.035737    0.00954303
  0.00792647  0.00900488  0.01029044  0.01945202  0.02319416  0.02136313
  0.01507055  0.0149412   0.0306998   0.00820441  0.00871702  0.01306884
  0.01371919]

Diff = 
[9.34496230e-12 1.64798655e-02 2.61948025e-03 8.39239268e-13
 1.64199814e-02 7.03752528e-03 1.44257844e-11 5.98036057e-03
 6.46136032e-03 2.10621555e-11 5.48821061e-03 5.88393680e-03
 1.58639856e-10 1.93096012e-02 2.18655884e-02 1.27210075e-02
 9.59099346e-03 1.56101396e-10 1.31372108e-02 1.31622387e-02
 1.04615892e-02 1.25521804e-02 1.53631725e-10 1.38401795e-02
 1.27340005e-02 9.99811275e-03 1.37245802e-02 1.64002610e-10
 1.71716884e-02 1.64095697e-02 7.75358427e-03 9.00999105e-03
 1.60468312e-10 1.24447945e-02 1.43806708e-02 9.34454780e-03
 1.15535863e-02]

 Iteration 600:
############################
Gradient = 
[-0.00242293 -0.0001723  -0.00150895 -0.00172492 -0.00102669  0.00076726
 -0.00401937 -0.00929936 -0.00020599 -0.00569568 -0.00145515  0.002549
  0.00109805  0.00913581  0.00965026  0.00668909  0.00732437  0.0219221
 -0.00318259 -0.00378093 -0.00012258 -0.00168487  0.03165143 -0.00716168
 -0.00762873 -0.00379983 -0.00581598  0.0141762   0.00159616  0.00064583
  0.00413198  0.00248556  0.02658839 -0.00711318 -0.00853173  0.00053396
 -0.0006641 ]

Gradient approximate =
[-0.00242293 -0.0167448  -0.0042349  -0.00172492 -0.01758706 -0.00626009
 -0.00401937 -0.01583696 -0.00670223 -0.00569568 -0.00709119 -0.00322498
  0.00109805  0.02903336  0.03213092  0.01982724  0.01738704  0.0219221
  0.00986951  0.00926554  0.01039871  0.010845    0.03165143  0.00638131
  0.00478359  0.00606993  0.00766802  0.0141762   0.01894865  0.0171854
  0.01216597  0.01169917  0.02658839  0.00503699  0.00548271  0.00997794
  0.01091945]

Diff = 
[6.71177176e-12 1.65725020e-02 2.72595144e-03 1.63467922e-11
 1.65603716e-02 7.02734366e-03 2.37292477e-12 6.53760029e-03
 6.49623681e-03 1.29687363e-11 5.63604317e-03 5.77397338e-03
 1.55703776e-10 1.98975537e-02 2.24806560e-02 1.31381456e-02
 1.00626730e-02 1.62257732e-10 1.30521073e-02 1.30464650e-02
 1.05212855e-02 1.25298633e-02 1.55870802e-10 1.35429955e-02
 1.24123198e-02 9.86975966e-03 1.34839998e-02 1.59986696e-10
 1.73524872e-02 1.65395714e-02 8.03398644e-03 9.21360640e-03
 1.60800352e-10 1.21501706e-02 1.40144358e-02 9.44398215e-03
 1.15835491e-02]

 Iteration 700:
############################
Gradient = 
[-1.44473516e-03  1.56474956e-03 -8.19038535e-04 -6.83152468e-04
  8.20423184e-04  1.35485360e-03 -3.29664323e-03 -7.32158112e-03
  2.93943832e-04 -4.93857433e-03  6.57610445e-07  2.81991546e-03
 -2.27839195e-03  6.02177149e-03  6.49809256e-03  4.84486151e-03
  4.73099476e-03  1.96258862e-02 -4.77045041e-03 -5.34639502e-03
 -1.61451791e-03 -3.02678654e-03  2.94917874e-02 -8.42445001e-03
 -8.86761523e-03 -5.17093928e-03 -6.78819231e-03  1.13427952e-02
 -7.12740185e-04 -1.55527484e-03  2.46568156e-03  6.48368787e-04
  2.44341105e-02 -8.35491137e-03 -9.75422891e-03 -1.18172607e-03
 -2.03625842e-03]

Gradient approximate =
[-0.00144474 -0.01496731 -0.00360184 -0.00068315 -0.01573949 -0.00561725
 -0.00329664 -0.01427227 -0.00619848 -0.00493857 -0.00566689 -0.00281735
 -0.00227839  0.02629416  0.02937848  0.01826859  0.015092    0.01962589
  0.00807686  0.00746571  0.00885932  0.0093807   0.02949179  0.00472216
  0.00312546  0.00446935  0.00637494  0.0113428   0.01665634  0.01495578
  0.01066161  0.00993654  0.02443411  0.0034017   0.00379569  0.00824216
  0.00947557]

Diff = 
[1.67465985e-11 1.65320563e-02 2.78280206e-03 2.65819258e-11
 1.65599085e-02 6.97210502e-03 5.25347951e-12 6.95068991e-03
 6.49242245e-03 1.03510161e-11 5.66754655e-03 5.63726112e-03
 1.44973456e-10 2.02723854e-02 2.28803916e-02 1.34237333e-02
 1.03610072e-02 1.66590235e-10 1.28473088e-02 1.28121057e-02
 1.04738404e-02 1.24074887e-02 1.58656244e-10 1.31466090e-02
 1.19930742e-02 9.64029399e-03 1.31631353e-02 1.51314393e-10
 1.73690814e-02 1.65110553e-02 8.19593005e-03 9.28816718e-03
 1.72679770e-10 1.17566148e-02 1.35499167e-02 9.42388174e-03
 1.15118245e-02]

 Iteration 800:
############################
Gradient = 
[-7.72233394e-04  2.28805620e-03 -4.63666487e-04  3.81663939e-05
  1.60484962e-03  1.59938399e-03 -2.81781155e-03 -6.33734949e-03
  4.96832437e-04 -4.45225599e-03  5.20230630e-04  2.81040038e-03
 -4.08422160e-03  4.24431756e-03  4.69056074e-03  3.93419569e-03
  3.18388008e-03  1.83338727e-02 -5.49449229e-03 -6.04820995e-03
 -2.39589517e-03 -3.65922095e-03  2.82317778e-02 -8.94096168e-03
 -9.36968657e-03 -5.85546250e-03 -7.11148389e-03  9.76016393e-03
 -1.92612783e-03 -2.66951596e-03  1.60110169e-03 -3.41684181e-04
  2.32147116e-02 -8.82206541e-03 -1.01958905e-02 -2.16612764e-03
 -2.70982629e-03]

Gradient approximate =
[-7.72233386e-04 -1.41442827e-02 -3.27786245e-03  3.81664123e-05
 -1.48911419e-02 -5.29743950e-03 -2.81781154e-03 -1.36291807e-02
 -5.97489347e-03 -4.45225598e-03 -5.13169188e-03 -2.68437847e-03
 -4.08422144e-03  2.47714693e-02  2.78489180e-02  1.75762596e-02
  1.37412298e-02  1.83338729e-02  7.09219789e-03  6.47484255e-03
  7.97516089e-03  8.57813497e-03  2.82317780e-02  3.76666362e-03
  2.16248355e-03  3.50556322e-03  5.70014258e-03  9.76016409e-03
  1.53736119e-02  1.37322921e-02  9.89722100e-03  8.95192645e-03
  2.32147118e-02  2.50019681e-03  2.84985726e-03  7.17163825e-03
  8.68075972e-03]

Diff = 
[8.21729349e-12 1.64323389e-02 2.81419596e-03 1.83544727e-11
 1.64959915e-02 6.89682350e-03 8.35681697e-12 7.29183122e-03
 6.47172591e-03 1.35424328e-11 5.65192251e-03 5.49477885e-03
 1.62094008e-10 2.05271517e-02 2.31583572e-02 1.36420639e-02
 1.05573497e-02 1.57882450e-10 1.25866902e-02 1.25230525e-02
 1.03710561e-02 1.22373559e-02 1.64057719e-10 1.27076253e-02
 1.15321701e-02 9.36102572e-03 1.28116265e-02 1.60683284e-10
 1.72997397e-02 1.64018080e-02 8.29611931e-03 9.29361063e-03
 1.66055000e-10 1.13222622e-02 1.30457478e-02 9.33776588e-03
 1.13905860e-02]

 Iteration 900:
############################
Gradient = 
[-0.00026474  0.00250195 -0.00028042  0.00058651  0.00185468  0.00167189
 -0.00246155 -0.00585221  0.00055551 -0.00410916  0.00059122  0.00267247
 -0.00504524  0.0031999   0.00362152  0.00353697  0.00223531  0.01753551
 -0.0057977  -0.00632991 -0.00282222 -0.00394511  0.02739586 -0.00911057
 -0.00952943 -0.0062109  -0.00714461  0.00882637 -0.00256829 -0.00322012
  0.00115748 -0.0008819   0.02244592 -0.00892406 -0.01027004 -0.00278394
 -0.00305129]

Gradient approximate =
[-0.00026474 -0.01380841 -0.00311289  0.00058651 -0.01455276 -0.00514213
 -0.00246155 -0.0134495  -0.00588934 -0.00410916 -0.0050315  -0.00268394
 -0.00504524  0.02391243  0.02698709  0.01736561  0.01292741  0.01753551
  0.00650368  0.0058805   0.00741658  0.00809995  0.02739586  0.00314182
  0.00152619  0.0028456   0.00530746  0.00882637  0.0146168   0.01303193
  0.00952189  0.0083797   0.02244592  0.00195059  0.00225963  0.00642833
  0.00819346]

Diff = 
[3.73947888e-11 1.63103668e-02 2.83246165e-03 3.53200305e-11
 1.64074395e-02 6.81401451e-03 2.29819809e-12 7.59729404e-03
 6.44485080e-03 1.66573101e-11 5.62271901e-03 5.35641095e-03
 1.60439747e-10 2.07125294e-02 2.33655643e-02 1.38286393e-02
 1.06920976e-02 1.58161970e-10 1.23013710e-02 1.22104011e-02
 1.02388089e-02 1.20450579e-02 1.63794499e-10 1.22523915e-02
 1.10556149e-02 9.05650106e-03 1.24520703e-02 1.51884701e-10
 1.71850928e-02 1.62520536e-02 8.36441212e-03 9.26160156e-03
 1.66526758e-10 1.08746430e-02 1.25296650e-02 9.21227046e-03
 1.12447501e-02]

 